id,left,top,right,bottom,NYECount,Dec1count
1,1089969.889,6223156.1482,1099969.889,6213156.1482,,
2,1089969.889,6213156.1482,1099969.889,6203156.1482,,
3,1089969.889,6203156.1482,1099969.889,6193156.1482,,
4,1089969.889,6193156.1482,1099969.889,6183156.1482,,
5,1089969.889,6183156.1482,1099969.889,6173156.1482,,
6,1089969.889,6173156.1482,1099969.889,6163156.1482,,
7,1089969.889,6163156.1482,1099969.889,6153156.1482,,
8,1089969.889,6153156.1482,1099969.889,6143156.1482,,
9,1089969.889,6143156.1482,1099969.889,6133156.1482,,
10,1089969.889,6133156.1482,1099969.889,6123156.1482,,
11,1089969.889,6123156.1482,1099969.889,6113156.1482,,
12,1089969.889,6113156.1482,1099969.889,6103156.1482,,
13,1089969.889,6103156.1482,1099969.889,6093156.1482,,
14,1089969.889,6093156.1482,1099969.889,6083156.1482,,
15,1089969.889,6083156.1482,1099969.889,6073156.1482,,
16,1089969.889,6073156.1482,1099969.889,6063156.1482,,
17,1089969.889,6063156.1482,1099969.889,6053156.1482,,
18,1089969.889,6053156.1482,1099969.889,6043156.1482,,
19,1089969.889,6043156.1482,1099969.889,6033156.1482,,
20,1089969.889,6033156.1482,1099969.889,6023156.1482,,
21,1089969.889,6023156.1482,1099969.889,6013156.1482,,
22,1089969.889,6013156.1482,1099969.889,6003156.1482,,
23,1089969.889,6003156.1482,1099969.889,5993156.1482,,
24,1089969.889,5993156.1482,1099969.889,5983156.1482,,
25,1089969.889,5983156.1482,1099969.889,5973156.1482,,
26,1089969.889,5973156.1482,1099969.889,5963156.1482,,
27,1089969.889,5963156.1482,1099969.889,5953156.1482,,
28,1089969.889,5953156.1482,1099969.889,5943156.1482,,
29,1089969.889,5943156.1482,1099969.889,5933156.1482,,
30,1089969.889,5933156.1482,1099969.889,5923156.1482,,
31,1089969.889,5923156.1482,1099969.889,5913156.1482,,
32,1089969.889,5913156.1482,1099969.889,5903156.1482,,
33,1089969.889,5903156.1482,1099969.889,5893156.1482,,
34,1089969.889,5893156.1482,1099969.889,5883156.1482,,
35,1089969.889,5883156.1482,1099969.889,5873156.1482,,
36,1089969.889,5873156.1482,1099969.889,5863156.1482,,
37,1089969.889,5863156.1482,1099969.889,5853156.1482,,
38,1089969.889,5853156.1482,1099969.889,5843156.1482,,
39,1089969.889,5843156.1482,1099969.889,5833156.1482,,
40,1089969.889,5833156.1482,1099969.889,5823156.1482,,
41,1089969.889,5823156.1482,1099969.889,5813156.1482,,
42,1089969.889,5813156.1482,1099969.889,5803156.1482,,
43,1089969.889,5803156.1482,1099969.889,5793156.1482,,
44,1089969.889,5793156.1482,1099969.889,5783156.1482,,
45,1089969.889,5783156.1482,1099969.889,5773156.1482,,
46,1089969.889,5773156.1482,1099969.889,5763156.1482,,
47,1089969.889,5763156.1482,1099969.889,5753156.1482,,
48,1089969.889,5753156.1482,1099969.889,5743156.1482,,
49,1089969.889,5743156.1482,1099969.889,5733156.1482,,
50,1089969.889,5733156.1482,1099969.889,5723156.1482,,
51,1089969.889,5723156.1482,1099969.889,5713156.1482,,
52,1089969.889,5713156.1482,1099969.889,5703156.1482,,
53,1089969.889,5703156.1482,1099969.889,5693156.1482,,
54,1089969.889,5693156.1482,1099969.889,5683156.1482,,
55,1089969.889,5683156.1482,1099969.889,5673156.1482,,
56,1089969.889,5673156.1482,1099969.889,5663156.1482,,
57,1089969.889,5663156.1482,1099969.889,5653156.1482,,
58,1089969.889,5653156.1482,1099969.889,5643156.1482,,
59,1089969.889,5643156.1482,1099969.889,5633156.1482,,
60,1089969.889,5633156.1482,1099969.889,5623156.1482,,
61,1089969.889,5623156.1482,1099969.889,5613156.1482,,
62,1089969.889,5613156.1482,1099969.889,5603156.1482,,
63,1089969.889,5603156.1482,1099969.889,5593156.1482,,
64,1089969.889,5593156.1482,1099969.889,5583156.1482,,
65,1089969.889,5583156.1482,1099969.889,5573156.1482,,
66,1089969.889,5573156.1482,1099969.889,5563156.1482,,
67,1089969.889,5563156.1482,1099969.889,5553156.1482,,
68,1089969.889,5553156.1482,1099969.889,5543156.1482,,
69,1089969.889,5543156.1482,1099969.889,5533156.1482,,
70,1089969.889,5533156.1482,1099969.889,5523156.1482,,
71,1089969.889,5523156.1482,1099969.889,5513156.1482,,
72,1089969.889,5513156.1482,1099969.889,5503156.1482,,
73,1089969.889,5503156.1482,1099969.889,5493156.1482,,
74,1089969.889,5493156.1482,1099969.889,5483156.1482,,
75,1089969.889,5483156.1482,1099969.889,5473156.1482,,
76,1089969.889,5473156.1482,1099969.889,5463156.1482,,
77,1089969.889,5463156.1482,1099969.889,5453156.1482,,
78,1089969.889,5453156.1482,1099969.889,5443156.1482,,
79,1089969.889,5443156.1482,1099969.889,5433156.1482,,
80,1089969.889,5433156.1482,1099969.889,5423156.1482,,
81,1089969.889,5423156.1482,1099969.889,5413156.1482,,
82,1089969.889,5413156.1482,1099969.889,5403156.1482,,
83,1089969.889,5403156.1482,1099969.889,5393156.1482,,
84,1089969.889,5393156.1482,1099969.889,5383156.1482,,
85,1089969.889,5383156.1482,1099969.889,5373156.1482,,
86,1089969.889,5373156.1482,1099969.889,5363156.1482,,
87,1089969.889,5363156.1482,1099969.889,5353156.1482,,
88,1089969.889,5353156.1482,1099969.889,5343156.1482,,
89,1089969.889,5343156.1482,1099969.889,5333156.1482,,
90,1089969.889,5333156.1482,1099969.889,5323156.1482,,
91,1089969.889,5323156.1482,1099969.889,5313156.1482,,
92,1089969.889,5313156.1482,1099969.889,5303156.1482,,
93,1089969.889,5303156.1482,1099969.889,5293156.1482,,
94,1089969.889,5293156.1482,1099969.889,5283156.1482,,
95,1089969.889,5283156.1482,1099969.889,5273156.1482,,
96,1089969.889,5273156.1482,1099969.889,5263156.1482,,
97,1089969.889,5263156.1482,1099969.889,5253156.1482,,
98,1089969.889,5253156.1482,1099969.889,5243156.1482,,
99,1089969.889,5243156.1482,1099969.889,5233156.1482,,
100,1089969.889,5233156.1482,1099969.889,5223156.1482,,
101,1089969.889,5223156.1482,1099969.889,5213156.1482,,
102,1089969.889,5213156.1482,1099969.889,5203156.1482,,
103,1089969.889,5203156.1482,1099969.889,5193156.1482,,
104,1089969.889,5193156.1482,1099969.889,5183156.1482,,
105,1089969.889,5183156.1482,1099969.889,5173156.1482,,
106,1089969.889,5173156.1482,1099969.889,5163156.1482,,
107,1089969.889,5163156.1482,1099969.889,5153156.1482,,
108,1089969.889,5153156.1482,1099969.889,5143156.1482,,
109,1089969.889,5143156.1482,1099969.889,5133156.1482,,
110,1089969.889,5133156.1482,1099969.889,5123156.1482,,
111,1089969.889,5123156.1482,1099969.889,5113156.1482,,
112,1089969.889,5113156.1482,1099969.889,5103156.1482,,
113,1089969.889,5103156.1482,1099969.889,5093156.1482,,
114,1089969.889,5093156.1482,1099969.889,5083156.1482,,
115,1089969.889,5083156.1482,1099969.889,5073156.1482,,
116,1089969.889,5073156.1482,1099969.889,5063156.1482,,
117,1089969.889,5063156.1482,1099969.889,5053156.1482,,
118,1089969.889,5053156.1482,1099969.889,5043156.1482,,
119,1089969.889,5043156.1482,1099969.889,5033156.1482,,
120,1089969.889,5033156.1482,1099969.889,5023156.1482,,
121,1089969.889,5023156.1482,1099969.889,5013156.1482,,
122,1089969.889,5013156.1482,1099969.889,5003156.1482,,
123,1089969.889,5003156.1482,1099969.889,4993156.1482,,
124,1089969.889,4993156.1482,1099969.889,4983156.1482,,
125,1089969.889,4983156.1482,1099969.889,4973156.1482,,
126,1089969.889,4973156.1482,1099969.889,4963156.1482,,
127,1089969.889,4963156.1482,1099969.889,4953156.1482,,
128,1089969.889,4953156.1482,1099969.889,4943156.1482,,
129,1089969.889,4943156.1482,1099969.889,4933156.1482,,
130,1089969.889,4933156.1482,1099969.889,4923156.1482,921563.0844,484752.836
131,1089969.889,4923156.1482,1099969.889,4913156.1482,1623241.5244,853843.808
132,1089969.889,4913156.1482,1099969.889,4903156.1482,1919392.7823,1009622.793
133,1089969.889,4903156.1482,1099969.889,4893156.1482,4828993.514,2540106.415
134,1089969.889,4893156.1482,1099969.889,4883156.1482,2893207.6599,1521860.677
135,1089969.889,4883156.1482,1099969.889,4873156.1482,,
136,1089969.889,4873156.1482,1099969.889,4863156.1482,,
137,1089969.889,4863156.1482,1099969.889,4853156.1482,,
138,1089969.889,4853156.1482,1099969.889,4843156.1482,,
139,1089969.889,4843156.1482,1099969.889,4833156.1482,,
140,1089969.889,4833156.1482,1099969.889,4823156.1482,,
141,1089969.889,4823156.1482,1099969.889,4813156.1482,,
142,1089969.889,4813156.1482,1099969.889,4803156.1482,,
143,1089969.889,4803156.1482,1099969.889,4793156.1482,,
144,1089969.889,4793156.1482,1099969.889,4783156.1482,,
145,1089969.889,4783156.1482,1099969.889,4773156.1482,,
146,1089969.889,4773156.1482,1099969.889,4763156.1482,,
147,1089969.889,4763156.1482,1099969.889,4753156.1482,,
148,1089969.889,4753156.1482,1099969.889,4743156.1482,,
149,1099969.889,6223156.1482,1109969.889,6213156.1482,,
150,1099969.889,6213156.1482,1109969.889,6203156.1482,,
151,1099969.889,6203156.1482,1109969.889,6193156.1482,,
152,1099969.889,6193156.1482,1109969.889,6183156.1482,,
153,1099969.889,6183156.1482,1109969.889,6173156.1482,,
154,1099969.889,6173156.1482,1109969.889,6163156.1482,,
155,1099969.889,6163156.1482,1109969.889,6153156.1482,,
156,1099969.889,6153156.1482,1109969.889,6143156.1482,,
157,1099969.889,6143156.1482,1109969.889,6133156.1482,,
158,1099969.889,6133156.1482,1109969.889,6123156.1482,,
159,1099969.889,6123156.1482,1109969.889,6113156.1482,,
160,1099969.889,6113156.1482,1109969.889,6103156.1482,,
161,1099969.889,6103156.1482,1109969.889,6093156.1482,,
162,1099969.889,6093156.1482,1109969.889,6083156.1482,,
163,1099969.889,6083156.1482,1109969.889,6073156.1482,,
164,1099969.889,6073156.1482,1109969.889,6063156.1482,,
165,1099969.889,6063156.1482,1109969.889,6053156.1482,,
166,1099969.889,6053156.1482,1109969.889,6043156.1482,,
167,1099969.889,6043156.1482,1109969.889,6033156.1482,,
168,1099969.889,6033156.1482,1109969.889,6023156.1482,,
169,1099969.889,6023156.1482,1109969.889,6013156.1482,,
170,1099969.889,6013156.1482,1109969.889,6003156.1482,,
171,1099969.889,6003156.1482,1109969.889,5993156.1482,,
172,1099969.889,5993156.1482,1109969.889,5983156.1482,,
173,1099969.889,5983156.1482,1109969.889,5973156.1482,,
174,1099969.889,5973156.1482,1109969.889,5963156.1482,,
175,1099969.889,5963156.1482,1109969.889,5953156.1482,,
176,1099969.889,5953156.1482,1109969.889,5943156.1482,,
177,1099969.889,5943156.1482,1109969.889,5933156.1482,,
178,1099969.889,5933156.1482,1109969.889,5923156.1482,,
179,1099969.889,5923156.1482,1109969.889,5913156.1482,,
180,1099969.889,5913156.1482,1109969.889,5903156.1482,,
181,1099969.889,5903156.1482,1109969.889,5893156.1482,,
182,1099969.889,5893156.1482,1109969.889,5883156.1482,,
183,1099969.889,5883156.1482,1109969.889,5873156.1482,,
184,1099969.889,5873156.1482,1109969.889,5863156.1482,,
185,1099969.889,5863156.1482,1109969.889,5853156.1482,,
186,1099969.889,5853156.1482,1109969.889,5843156.1482,,
187,1099969.889,5843156.1482,1109969.889,5833156.1482,,
188,1099969.889,5833156.1482,1109969.889,5823156.1482,,
189,1099969.889,5823156.1482,1109969.889,5813156.1482,,
190,1099969.889,5813156.1482,1109969.889,5803156.1482,,
191,1099969.889,5803156.1482,1109969.889,5793156.1482,,
192,1099969.889,5793156.1482,1109969.889,5783156.1482,,
193,1099969.889,5783156.1482,1109969.889,5773156.1482,,
194,1099969.889,5773156.1482,1109969.889,5763156.1482,,
195,1099969.889,5763156.1482,1109969.889,5753156.1482,,
196,1099969.889,5753156.1482,1109969.889,5743156.1482,,
197,1099969.889,5743156.1482,1109969.889,5733156.1482,,
198,1099969.889,5733156.1482,1109969.889,5723156.1482,,
199,1099969.889,5723156.1482,1109969.889,5713156.1482,,
200,1099969.889,5713156.1482,1109969.889,5703156.1482,,
201,1099969.889,5703156.1482,1109969.889,5693156.1482,,
202,1099969.889,5693156.1482,1109969.889,5683156.1482,,
203,1099969.889,5683156.1482,1109969.889,5673156.1482,,
204,1099969.889,5673156.1482,1109969.889,5663156.1482,,
205,1099969.889,5663156.1482,1109969.889,5653156.1482,,
206,1099969.889,5653156.1482,1109969.889,5643156.1482,,
207,1099969.889,5643156.1482,1109969.889,5633156.1482,,
208,1099969.889,5633156.1482,1109969.889,5623156.1482,,
209,1099969.889,5623156.1482,1109969.889,5613156.1482,,
210,1099969.889,5613156.1482,1109969.889,5603156.1482,,
211,1099969.889,5603156.1482,1109969.889,5593156.1482,,
212,1099969.889,5593156.1482,1109969.889,5583156.1482,,
213,1099969.889,5583156.1482,1109969.889,5573156.1482,,
214,1099969.889,5573156.1482,1109969.889,5563156.1482,,
215,1099969.889,5563156.1482,1109969.889,5553156.1482,,
216,1099969.889,5553156.1482,1109969.889,5543156.1482,,
217,1099969.889,5543156.1482,1109969.889,5533156.1482,,
218,1099969.889,5533156.1482,1109969.889,5523156.1482,,
219,1099969.889,5523156.1482,1109969.889,5513156.1482,,
220,1099969.889,5513156.1482,1109969.889,5503156.1482,,
221,1099969.889,5503156.1482,1109969.889,5493156.1482,,
222,1099969.889,5493156.1482,1109969.889,5483156.1482,,
223,1099969.889,5483156.1482,1109969.889,5473156.1482,,
224,1099969.889,5473156.1482,1109969.889,5463156.1482,,
225,1099969.889,5463156.1482,1109969.889,5453156.1482,,
226,1099969.889,5453156.1482,1109969.889,5443156.1482,,
227,1099969.889,5443156.1482,1109969.889,5433156.1482,,
228,1099969.889,5433156.1482,1109969.889,5423156.1482,,
229,1099969.889,5423156.1482,1109969.889,5413156.1482,,
230,1099969.889,5413156.1482,1109969.889,5403156.1482,,
231,1099969.889,5403156.1482,1109969.889,5393156.1482,,
232,1099969.889,5393156.1482,1109969.889,5383156.1482,,
233,1099969.889,5383156.1482,1109969.889,5373156.1482,,
234,1099969.889,5373156.1482,1109969.889,5363156.1482,,
235,1099969.889,5363156.1482,1109969.889,5353156.1482,,
236,1099969.889,5353156.1482,1109969.889,5343156.1482,,
237,1099969.889,5343156.1482,1109969.889,5333156.1482,,
238,1099969.889,5333156.1482,1109969.889,5323156.1482,,
239,1099969.889,5323156.1482,1109969.889,5313156.1482,,
240,1099969.889,5313156.1482,1109969.889,5303156.1482,,
241,1099969.889,5303156.1482,1109969.889,5293156.1482,,
242,1099969.889,5293156.1482,1109969.889,5283156.1482,,
243,1099969.889,5283156.1482,1109969.889,5273156.1482,,
244,1099969.889,5273156.1482,1109969.889,5263156.1482,,
245,1099969.889,5263156.1482,1109969.889,5253156.1482,,
246,1099969.889,5253156.1482,1109969.889,5243156.1482,,
247,1099969.889,5243156.1482,1109969.889,5233156.1482,,
248,1099969.889,5233156.1482,1109969.889,5223156.1482,,
249,1099969.889,5223156.1482,1109969.889,5213156.1482,,
250,1099969.889,5213156.1482,1109969.889,5203156.1482,,
251,1099969.889,5203156.1482,1109969.889,5193156.1482,,
252,1099969.889,5193156.1482,1109969.889,5183156.1482,,
253,1099969.889,5183156.1482,1109969.889,5173156.1482,,
254,1099969.889,5173156.1482,1109969.889,5163156.1482,,
255,1099969.889,5163156.1482,1109969.889,5153156.1482,,
256,1099969.889,5153156.1482,1109969.889,5143156.1482,,
257,1099969.889,5143156.1482,1109969.889,5133156.1482,,
258,1099969.889,5133156.1482,1109969.889,5123156.1482,,
259,1099969.889,5123156.1482,1109969.889,5113156.1482,,
260,1099969.889,5113156.1482,1109969.889,5103156.1482,,
261,1099969.889,5103156.1482,1109969.889,5093156.1482,,
262,1099969.889,5093156.1482,1109969.889,5083156.1482,,
263,1099969.889,5083156.1482,1109969.889,5073156.1482,,
264,1099969.889,5073156.1482,1109969.889,5063156.1482,,
265,1099969.889,5063156.1482,1109969.889,5053156.1482,,
266,1099969.889,5053156.1482,1109969.889,5043156.1482,,
267,1099969.889,5043156.1482,1109969.889,5033156.1482,,
268,1099969.889,5033156.1482,1109969.889,5023156.1482,,
269,1099969.889,5023156.1482,1109969.889,5013156.1482,,
270,1099969.889,5013156.1482,1109969.889,5003156.1482,,
271,1099969.889,5003156.1482,1109969.889,4993156.1482,,
272,1099969.889,4993156.1482,1109969.889,4983156.1482,,
273,1099969.889,4983156.1482,1109969.889,4973156.1482,,
274,1099969.889,4973156.1482,1109969.889,4963156.1482,,
275,1099969.889,4963156.1482,1109969.889,4953156.1482,,
276,1099969.889,4953156.1482,1109969.889,4943156.1482,253585.6621,133388.99
277,1099969.889,4943156.1482,1109969.889,4933156.1482,1599787.6751,841506.812
278,1099969.889,4933156.1482,1109969.889,4923156.1482,3457971.6141,1818933.046
279,1099969.889,4923156.1482,1109969.889,4913156.1482,4330479.1181,2277882.079
280,1099969.889,4913156.1482,1109969.889,4903156.1482,3210986.2662,1689015.897
281,1099969.889,4903156.1482,1109969.889,4893156.1482,4663334.1215,2452967.659
282,1099969.889,4893156.1482,1109969.889,4883156.1482,2666611.2682,1402668.355
283,1099969.889,4883156.1482,1109969.889,4873156.1482,1575457.6512,828708.938
284,1099969.889,4873156.1482,1109969.889,4863156.1482,555089.1664,291983.319
285,1099969.889,4863156.1482,1109969.889,4853156.1482,,
286,1099969.889,4853156.1482,1109969.889,4843156.1482,,
287,1099969.889,4843156.1482,1109969.889,4833156.1482,,
288,1099969.889,4833156.1482,1109969.889,4823156.1482,,
289,1099969.889,4823156.1482,1109969.889,4813156.1482,,
290,1099969.889,4813156.1482,1109969.889,4803156.1482,,
291,1099969.889,4803156.1482,1109969.889,4793156.1482,,
292,1099969.889,4793156.1482,1109969.889,4783156.1482,,
293,1099969.889,4783156.1482,1109969.889,4773156.1482,,
294,1099969.889,4773156.1482,1109969.889,4763156.1482,,
295,1099969.889,4763156.1482,1109969.889,4753156.1482,,
296,1099969.889,4753156.1482,1109969.889,4743156.1482,,
297,1109969.889,6223156.1482,1119969.889,6213156.1482,,
298,1109969.889,6213156.1482,1119969.889,6203156.1482,,
299,1109969.889,6203156.1482,1119969.889,6193156.1482,,
300,1109969.889,6193156.1482,1119969.889,6183156.1482,,
301,1109969.889,6183156.1482,1119969.889,6173156.1482,,
302,1109969.889,6173156.1482,1119969.889,6163156.1482,,
303,1109969.889,6163156.1482,1119969.889,6153156.1482,,
304,1109969.889,6153156.1482,1119969.889,6143156.1482,,
305,1109969.889,6143156.1482,1119969.889,6133156.1482,,
306,1109969.889,6133156.1482,1119969.889,6123156.1482,,
307,1109969.889,6123156.1482,1119969.889,6113156.1482,,
308,1109969.889,6113156.1482,1119969.889,6103156.1482,,
309,1109969.889,6103156.1482,1119969.889,6093156.1482,,
310,1109969.889,6093156.1482,1119969.889,6083156.1482,,
311,1109969.889,6083156.1482,1119969.889,6073156.1482,,
312,1109969.889,6073156.1482,1119969.889,6063156.1482,,
313,1109969.889,6063156.1482,1119969.889,6053156.1482,,
314,1109969.889,6053156.1482,1119969.889,6043156.1482,,
315,1109969.889,6043156.1482,1119969.889,6033156.1482,,
316,1109969.889,6033156.1482,1119969.889,6023156.1482,,
317,1109969.889,6023156.1482,1119969.889,6013156.1482,,
318,1109969.889,6013156.1482,1119969.889,6003156.1482,,
319,1109969.889,6003156.1482,1119969.889,5993156.1482,,
320,1109969.889,5993156.1482,1119969.889,5983156.1482,,
321,1109969.889,5983156.1482,1119969.889,5973156.1482,,
322,1109969.889,5973156.1482,1119969.889,5963156.1482,,
323,1109969.889,5963156.1482,1119969.889,5953156.1482,,
324,1109969.889,5953156.1482,1119969.889,5943156.1482,,
325,1109969.889,5943156.1482,1119969.889,5933156.1482,,
326,1109969.889,5933156.1482,1119969.889,5923156.1482,,
327,1109969.889,5923156.1482,1119969.889,5913156.1482,,
328,1109969.889,5913156.1482,1119969.889,5903156.1482,,
329,1109969.889,5903156.1482,1119969.889,5893156.1482,,
330,1109969.889,5893156.1482,1119969.889,5883156.1482,,
331,1109969.889,5883156.1482,1119969.889,5873156.1482,,
332,1109969.889,5873156.1482,1119969.889,5863156.1482,,
333,1109969.889,5863156.1482,1119969.889,5853156.1482,,
334,1109969.889,5853156.1482,1119969.889,5843156.1482,,
335,1109969.889,5843156.1482,1119969.889,5833156.1482,,
336,1109969.889,5833156.1482,1119969.889,5823156.1482,,
337,1109969.889,5823156.1482,1119969.889,5813156.1482,,
338,1109969.889,5813156.1482,1119969.889,5803156.1482,,
339,1109969.889,5803156.1482,1119969.889,5793156.1482,,
340,1109969.889,5793156.1482,1119969.889,5783156.1482,,
341,1109969.889,5783156.1482,1119969.889,5773156.1482,,
342,1109969.889,5773156.1482,1119969.889,5763156.1482,,
343,1109969.889,5763156.1482,1119969.889,5753156.1482,,
344,1109969.889,5753156.1482,1119969.889,5743156.1482,,
345,1109969.889,5743156.1482,1119969.889,5733156.1482,,
346,1109969.889,5733156.1482,1119969.889,5723156.1482,,
347,1109969.889,5723156.1482,1119969.889,5713156.1482,,
348,1109969.889,5713156.1482,1119969.889,5703156.1482,,
349,1109969.889,5703156.1482,1119969.889,5693156.1482,,
350,1109969.889,5693156.1482,1119969.889,5683156.1482,,
351,1109969.889,5683156.1482,1119969.889,5673156.1482,,
352,1109969.889,5673156.1482,1119969.889,5663156.1482,,
353,1109969.889,5663156.1482,1119969.889,5653156.1482,,
354,1109969.889,5653156.1482,1119969.889,5643156.1482,,
355,1109969.889,5643156.1482,1119969.889,5633156.1482,,
356,1109969.889,5633156.1482,1119969.889,5623156.1482,,
357,1109969.889,5623156.1482,1119969.889,5613156.1482,,
358,1109969.889,5613156.1482,1119969.889,5603156.1482,,
359,1109969.889,5603156.1482,1119969.889,5593156.1482,,
360,1109969.889,5593156.1482,1119969.889,5583156.1482,,
361,1109969.889,5583156.1482,1119969.889,5573156.1482,,
362,1109969.889,5573156.1482,1119969.889,5563156.1482,,
363,1109969.889,5563156.1482,1119969.889,5553156.1482,,
364,1109969.889,5553156.1482,1119969.889,5543156.1482,,
365,1109969.889,5543156.1482,1119969.889,5533156.1482,,
366,1109969.889,5533156.1482,1119969.889,5523156.1482,,
367,1109969.889,5523156.1482,1119969.889,5513156.1482,,
368,1109969.889,5513156.1482,1119969.889,5503156.1482,,
369,1109969.889,5503156.1482,1119969.889,5493156.1482,,
370,1109969.889,5493156.1482,1119969.889,5483156.1482,,
371,1109969.889,5483156.1482,1119969.889,5473156.1482,,
372,1109969.889,5473156.1482,1119969.889,5463156.1482,,
373,1109969.889,5463156.1482,1119969.889,5453156.1482,,
374,1109969.889,5453156.1482,1119969.889,5443156.1482,,
375,1109969.889,5443156.1482,1119969.889,5433156.1482,,
376,1109969.889,5433156.1482,1119969.889,5423156.1482,,
377,1109969.889,5423156.1482,1119969.889,5413156.1482,,
378,1109969.889,5413156.1482,1119969.889,5403156.1482,,
379,1109969.889,5403156.1482,1119969.889,5393156.1482,,
380,1109969.889,5393156.1482,1119969.889,5383156.1482,,
381,1109969.889,5383156.1482,1119969.889,5373156.1482,,
382,1109969.889,5373156.1482,1119969.889,5363156.1482,,
383,1109969.889,5363156.1482,1119969.889,5353156.1482,,
384,1109969.889,5353156.1482,1119969.889,5343156.1482,,
385,1109969.889,5343156.1482,1119969.889,5333156.1482,,
386,1109969.889,5333156.1482,1119969.889,5323156.1482,,
387,1109969.889,5323156.1482,1119969.889,5313156.1482,,
388,1109969.889,5313156.1482,1119969.889,5303156.1482,,
389,1109969.889,5303156.1482,1119969.889,5293156.1482,,
390,1109969.889,5293156.1482,1119969.889,5283156.1482,,
391,1109969.889,5283156.1482,1119969.889,5273156.1482,,
392,1109969.889,5273156.1482,1119969.889,5263156.1482,,
393,1109969.889,5263156.1482,1119969.889,5253156.1482,,
394,1109969.889,5253156.1482,1119969.889,5243156.1482,,
395,1109969.889,5243156.1482,1119969.889,5233156.1482,,
396,1109969.889,5233156.1482,1119969.889,5223156.1482,,
397,1109969.889,5223156.1482,1119969.889,5213156.1482,,
398,1109969.889,5213156.1482,1119969.889,5203156.1482,,
399,1109969.889,5203156.1482,1119969.889,5193156.1482,,
400,1109969.889,5193156.1482,1119969.889,5183156.1482,,
401,1109969.889,5183156.1482,1119969.889,5173156.1482,,
402,1109969.889,5173156.1482,1119969.889,5163156.1482,,
403,1109969.889,5163156.1482,1119969.889,5153156.1482,,
404,1109969.889,5153156.1482,1119969.889,5143156.1482,,
405,1109969.889,5143156.1482,1119969.889,5133156.1482,,
406,1109969.889,5133156.1482,1119969.889,5123156.1482,,
407,1109969.889,5123156.1482,1119969.889,5113156.1482,,
408,1109969.889,5113156.1482,1119969.889,5103156.1482,,
409,1109969.889,5103156.1482,1119969.889,5093156.1482,,
410,1109969.889,5093156.1482,1119969.889,5083156.1482,,
411,1109969.889,5083156.1482,1119969.889,5073156.1482,,
412,1109969.889,5073156.1482,1119969.889,5063156.1482,,
413,1109969.889,5063156.1482,1119969.889,5053156.1482,,
414,1109969.889,5053156.1482,1119969.889,5043156.1482,,
415,1109969.889,5043156.1482,1119969.889,5033156.1482,,
416,1109969.889,5033156.1482,1119969.889,5023156.1482,,
417,1109969.889,5023156.1482,1119969.889,5013156.1482,,
418,1109969.889,5013156.1482,1119969.889,5003156.1482,,
419,1109969.889,5003156.1482,1119969.889,4993156.1482,,
420,1109969.889,4993156.1482,1119969.889,4983156.1482,,
421,1109969.889,4983156.1482,1119969.889,4973156.1482,31540.7404,16590.794
422,1109969.889,4973156.1482,1119969.889,4963156.1482,915578.9144,481605.094
423,1109969.889,4963156.1482,1119969.889,4953156.1482,3799430.3089,1998544.267
424,1109969.889,4953156.1482,1119969.889,4943156.1482,5081261.0589,2672802.06
425,1109969.889,4943156.1482,1119969.889,4933156.1482,4415264.2919,2322480.061
426,1109969.889,4933156.1482,1119969.889,4923156.1482,3869022.4752,2035150.551
427,1109969.889,4923156.1482,1119969.889,4913156.1482,2338764.9746,1230217.414
428,1109969.889,4913156.1482,1119969.889,4903156.1482,4899348.9956,2577114.212
429,1109969.889,4903156.1482,1119969.889,4893156.1482,5086068.0553,2675330.596
430,1109969.889,4893156.1482,1119969.889,4883156.1482,3732431.9297,1963302.345
431,1109969.889,4883156.1482,1119969.889,4873156.1482,3236339.0437,1702351.751
432,1109969.889,4873156.1482,1119969.889,4863156.1482,4932916.5632,2594771.14
433,1109969.889,4863156.1482,1119969.889,4853156.1482,12995.0234,6835.533
434,1109969.889,4853156.1482,1119969.889,4843156.1482,,
435,1109969.889,4843156.1482,1119969.889,4833156.1482,,
436,1109969.889,4833156.1482,1119969.889,4823156.1482,,
437,1109969.889,4823156.1482,1119969.889,4813156.1482,,
438,1109969.889,4813156.1482,1119969.889,4803156.1482,,
439,1109969.889,4803156.1482,1119969.889,4793156.1482,,
440,1109969.889,4793156.1482,1119969.889,4783156.1482,,
441,1109969.889,4783156.1482,1119969.889,4773156.1482,,
442,1109969.889,4773156.1482,1119969.889,4763156.1482,,
443,1109969.889,4763156.1482,1119969.889,4753156.1482,,
444,1109969.889,4753156.1482,1119969.889,4743156.1482,,
445,1119969.889,6223156.1482,1129969.889,6213156.1482,,
446,1119969.889,6213156.1482,1129969.889,6203156.1482,,
447,1119969.889,6203156.1482,1129969.889,6193156.1482,,
448,1119969.889,6193156.1482,1129969.889,6183156.1482,,
449,1119969.889,6183156.1482,1129969.889,6173156.1482,,
450,1119969.889,6173156.1482,1129969.889,6163156.1482,,
451,1119969.889,6163156.1482,1129969.889,6153156.1482,,
452,1119969.889,6153156.1482,1129969.889,6143156.1482,,
453,1119969.889,6143156.1482,1129969.889,6133156.1482,,
454,1119969.889,6133156.1482,1129969.889,6123156.1482,,
455,1119969.889,6123156.1482,1129969.889,6113156.1482,,
456,1119969.889,6113156.1482,1129969.889,6103156.1482,,
457,1119969.889,6103156.1482,1129969.889,6093156.1482,,
458,1119969.889,6093156.1482,1129969.889,6083156.1482,,
459,1119969.889,6083156.1482,1129969.889,6073156.1482,,
460,1119969.889,6073156.1482,1129969.889,6063156.1482,,
461,1119969.889,6063156.1482,1129969.889,6053156.1482,,
462,1119969.889,6053156.1482,1129969.889,6043156.1482,,
463,1119969.889,6043156.1482,1129969.889,6033156.1482,,
464,1119969.889,6033156.1482,1129969.889,6023156.1482,,
465,1119969.889,6023156.1482,1129969.889,6013156.1482,,
466,1119969.889,6013156.1482,1129969.889,6003156.1482,,
467,1119969.889,6003156.1482,1129969.889,5993156.1482,,
468,1119969.889,5993156.1482,1129969.889,5983156.1482,,
469,1119969.889,5983156.1482,1129969.889,5973156.1482,,
470,1119969.889,5973156.1482,1129969.889,5963156.1482,,
471,1119969.889,5963156.1482,1129969.889,5953156.1482,,
472,1119969.889,5953156.1482,1129969.889,5943156.1482,,
473,1119969.889,5943156.1482,1129969.889,5933156.1482,,
474,1119969.889,5933156.1482,1129969.889,5923156.1482,,
475,1119969.889,5923156.1482,1129969.889,5913156.1482,,
476,1119969.889,5913156.1482,1129969.889,5903156.1482,,
477,1119969.889,5903156.1482,1129969.889,5893156.1482,,
478,1119969.889,5893156.1482,1129969.889,5883156.1482,,
479,1119969.889,5883156.1482,1129969.889,5873156.1482,,
480,1119969.889,5873156.1482,1129969.889,5863156.1482,,
481,1119969.889,5863156.1482,1129969.889,5853156.1482,,
482,1119969.889,5853156.1482,1129969.889,5843156.1482,,
483,1119969.889,5843156.1482,1129969.889,5833156.1482,,
484,1119969.889,5833156.1482,1129969.889,5823156.1482,,
485,1119969.889,5823156.1482,1129969.889,5813156.1482,,
486,1119969.889,5813156.1482,1129969.889,5803156.1482,,
487,1119969.889,5803156.1482,1129969.889,5793156.1482,,
488,1119969.889,5793156.1482,1129969.889,5783156.1482,,
489,1119969.889,5783156.1482,1129969.889,5773156.1482,,
490,1119969.889,5773156.1482,1129969.889,5763156.1482,,
491,1119969.889,5763156.1482,1129969.889,5753156.1482,,
492,1119969.889,5753156.1482,1129969.889,5743156.1482,,
493,1119969.889,5743156.1482,1129969.889,5733156.1482,,
494,1119969.889,5733156.1482,1129969.889,5723156.1482,,
495,1119969.889,5723156.1482,1129969.889,5713156.1482,,
496,1119969.889,5713156.1482,1129969.889,5703156.1482,,
497,1119969.889,5703156.1482,1129969.889,5693156.1482,,
498,1119969.889,5693156.1482,1129969.889,5683156.1482,,
499,1119969.889,5683156.1482,1129969.889,5673156.1482,,
500,1119969.889,5673156.1482,1129969.889,5663156.1482,,
501,1119969.889,5663156.1482,1129969.889,5653156.1482,,
502,1119969.889,5653156.1482,1129969.889,5643156.1482,,
503,1119969.889,5643156.1482,1129969.889,5633156.1482,,
504,1119969.889,5633156.1482,1129969.889,5623156.1482,,
505,1119969.889,5623156.1482,1129969.889,5613156.1482,,
506,1119969.889,5613156.1482,1129969.889,5603156.1482,,
507,1119969.889,5603156.1482,1129969.889,5593156.1482,,
508,1119969.889,5593156.1482,1129969.889,5583156.1482,,
509,1119969.889,5583156.1482,1129969.889,5573156.1482,,
510,1119969.889,5573156.1482,1129969.889,5563156.1482,,
511,1119969.889,5563156.1482,1129969.889,5553156.1482,,
512,1119969.889,5553156.1482,1129969.889,5543156.1482,,
513,1119969.889,5543156.1482,1129969.889,5533156.1482,,
514,1119969.889,5533156.1482,1129969.889,5523156.1482,,
515,1119969.889,5523156.1482,1129969.889,5513156.1482,,
516,1119969.889,5513156.1482,1129969.889,5503156.1482,,
517,1119969.889,5503156.1482,1129969.889,5493156.1482,,
518,1119969.889,5493156.1482,1129969.889,5483156.1482,,
519,1119969.889,5483156.1482,1129969.889,5473156.1482,,
520,1119969.889,5473156.1482,1129969.889,5463156.1482,,
521,1119969.889,5463156.1482,1129969.889,5453156.1482,,
522,1119969.889,5453156.1482,1129969.889,5443156.1482,,
523,1119969.889,5443156.1482,1129969.889,5433156.1482,,
524,1119969.889,5433156.1482,1129969.889,5423156.1482,,
525,1119969.889,5423156.1482,1129969.889,5413156.1482,,
526,1119969.889,5413156.1482,1129969.889,5403156.1482,,
527,1119969.889,5403156.1482,1129969.889,5393156.1482,,
528,1119969.889,5393156.1482,1129969.889,5383156.1482,,
529,1119969.889,5383156.1482,1129969.889,5373156.1482,,
530,1119969.889,5373156.1482,1129969.889,5363156.1482,,
531,1119969.889,5363156.1482,1129969.889,5353156.1482,,
532,1119969.889,5353156.1482,1129969.889,5343156.1482,,
533,1119969.889,5343156.1482,1129969.889,5333156.1482,,
534,1119969.889,5333156.1482,1129969.889,5323156.1482,,
535,1119969.889,5323156.1482,1129969.889,5313156.1482,,
536,1119969.889,5313156.1482,1129969.889,5303156.1482,,
537,1119969.889,5303156.1482,1129969.889,5293156.1482,,
538,1119969.889,5293156.1482,1129969.889,5283156.1482,,
539,1119969.889,5283156.1482,1129969.889,5273156.1482,,
540,1119969.889,5273156.1482,1129969.889,5263156.1482,,
541,1119969.889,5263156.1482,1129969.889,5253156.1482,,
542,1119969.889,5253156.1482,1129969.889,5243156.1482,,
543,1119969.889,5243156.1482,1129969.889,5233156.1482,,
544,1119969.889,5233156.1482,1129969.889,5223156.1482,,
545,1119969.889,5223156.1482,1129969.889,5213156.1482,,
546,1119969.889,5213156.1482,1129969.889,5203156.1482,,
547,1119969.889,5203156.1482,1129969.889,5193156.1482,,
548,1119969.889,5193156.1482,1129969.889,5183156.1482,,
549,1119969.889,5183156.1482,1129969.889,5173156.1482,,
550,1119969.889,5173156.1482,1129969.889,5163156.1482,,
551,1119969.889,5163156.1482,1129969.889,5153156.1482,,
552,1119969.889,5153156.1482,1129969.889,5143156.1482,,
553,1119969.889,5143156.1482,1129969.889,5133156.1482,,
554,1119969.889,5133156.1482,1129969.889,5123156.1482,,
555,1119969.889,5123156.1482,1129969.889,5113156.1482,,
556,1119969.889,5113156.1482,1129969.889,5103156.1482,,
557,1119969.889,5103156.1482,1129969.889,5093156.1482,,
558,1119969.889,5093156.1482,1129969.889,5083156.1482,,
559,1119969.889,5083156.1482,1129969.889,5073156.1482,,
560,1119969.889,5073156.1482,1129969.889,5063156.1482,,
561,1119969.889,5063156.1482,1129969.889,5053156.1482,,
562,1119969.889,5053156.1482,1129969.889,5043156.1482,,
563,1119969.889,5043156.1482,1129969.889,5033156.1482,,
564,1119969.889,5033156.1482,1129969.889,5023156.1482,,
565,1119969.889,5023156.1482,1129969.889,5013156.1482,,
566,1119969.889,5013156.1482,1129969.889,5003156.1482,,
567,1119969.889,5003156.1482,1129969.889,4993156.1482,,
568,1119969.889,4993156.1482,1129969.889,4983156.1482,550506.8155,289572.949
569,1119969.889,4983156.1482,1129969.889,4973156.1482,3256614.939,1713017.107
570,1119969.889,4973156.1482,1129969.889,4963156.1482,2924586.106,1538366.102
571,1119969.889,4963156.1482,1129969.889,4953156.1482,4776662.3157,2512579.6
572,1119969.889,4953156.1482,1129969.889,4943156.1482,5087192.2906,2675921.956
573,1119969.889,4943156.1482,1129969.889,4933156.1482,4236052.8963,2228212.795
574,1119969.889,4933156.1482,1129969.889,4923156.1482,4640643.0374,2441031.887
575,1119969.889,4923156.1482,1129969.889,4913156.1482,3548964.4464,1866796.327
576,1119969.889,4913156.1482,1129969.889,4903156.1482,5108530.3113,2687146.002
577,1119969.889,4903156.1482,1129969.889,4893156.1482,5013855.2171,2637345.808
578,1119969.889,4893156.1482,1129969.889,4883156.1482,4514400.8444,2374627.034
579,1119969.889,4883156.1482,1129969.889,4873156.1482,5165433.9384,2717077.968
580,1119969.889,4873156.1482,1129969.889,4863156.1482,4884832.5269,2569478.381
581,1119969.889,4863156.1482,1129969.889,4853156.1482,83636.2421,43993.63
582,1119969.889,4853156.1482,1129969.889,4843156.1482,,
583,1119969.889,4843156.1482,1129969.889,4833156.1482,,
584,1119969.889,4833156.1482,1129969.889,4823156.1482,4251.5651,2236.372
585,1119969.889,4823156.1482,1129969.889,4813156.1482,,
586,1119969.889,4813156.1482,1129969.889,4803156.1482,,
587,1119969.889,4803156.1482,1129969.889,4793156.1482,,
588,1119969.889,4793156.1482,1129969.889,4783156.1482,,
589,1119969.889,4783156.1482,1129969.889,4773156.1482,,
590,1119969.889,4773156.1482,1129969.889,4763156.1482,,
591,1119969.889,4763156.1482,1129969.889,4753156.1482,,
592,1119969.889,4753156.1482,1129969.889,4743156.1482,,
593,1129969.889,6223156.1482,1139969.889,6213156.1482,,
594,1129969.889,6213156.1482,1139969.889,6203156.1482,,
595,1129969.889,6203156.1482,1139969.889,6193156.1482,,
596,1129969.889,6193156.1482,1139969.889,6183156.1482,,
597,1129969.889,6183156.1482,1139969.889,6173156.1482,,
598,1129969.889,6173156.1482,1139969.889,6163156.1482,,
599,1129969.889,6163156.1482,1139969.889,6153156.1482,,
600,1129969.889,6153156.1482,1139969.889,6143156.1482,,
601,1129969.889,6143156.1482,1139969.889,6133156.1482,,
602,1129969.889,6133156.1482,1139969.889,6123156.1482,,
603,1129969.889,6123156.1482,1139969.889,6113156.1482,,
604,1129969.889,6113156.1482,1139969.889,6103156.1482,,
605,1129969.889,6103156.1482,1139969.889,6093156.1482,,
606,1129969.889,6093156.1482,1139969.889,6083156.1482,,
607,1129969.889,6083156.1482,1139969.889,6073156.1482,,
608,1129969.889,6073156.1482,1139969.889,6063156.1482,,
609,1129969.889,6063156.1482,1139969.889,6053156.1482,,
610,1129969.889,6053156.1482,1139969.889,6043156.1482,,
611,1129969.889,6043156.1482,1139969.889,6033156.1482,,
612,1129969.889,6033156.1482,1139969.889,6023156.1482,,
613,1129969.889,6023156.1482,1139969.889,6013156.1482,,
614,1129969.889,6013156.1482,1139969.889,6003156.1482,,
615,1129969.889,6003156.1482,1139969.889,5993156.1482,,
616,1129969.889,5993156.1482,1139969.889,5983156.1482,,
617,1129969.889,5983156.1482,1139969.889,5973156.1482,,
618,1129969.889,5973156.1482,1139969.889,5963156.1482,,
619,1129969.889,5963156.1482,1139969.889,5953156.1482,,
620,1129969.889,5953156.1482,1139969.889,5943156.1482,,
621,1129969.889,5943156.1482,1139969.889,5933156.1482,,
622,1129969.889,5933156.1482,1139969.889,5923156.1482,,
623,1129969.889,5923156.1482,1139969.889,5913156.1482,,
624,1129969.889,5913156.1482,1139969.889,5903156.1482,,
625,1129969.889,5903156.1482,1139969.889,5893156.1482,,
626,1129969.889,5893156.1482,1139969.889,5883156.1482,,
627,1129969.889,5883156.1482,1139969.889,5873156.1482,,
628,1129969.889,5873156.1482,1139969.889,5863156.1482,,
629,1129969.889,5863156.1482,1139969.889,5853156.1482,,
630,1129969.889,5853156.1482,1139969.889,5843156.1482,,
631,1129969.889,5843156.1482,1139969.889,5833156.1482,,
632,1129969.889,5833156.1482,1139969.889,5823156.1482,,
633,1129969.889,5823156.1482,1139969.889,5813156.1482,,
634,1129969.889,5813156.1482,1139969.889,5803156.1482,,
635,1129969.889,5803156.1482,1139969.889,5793156.1482,,
636,1129969.889,5793156.1482,1139969.889,5783156.1482,,
637,1129969.889,5783156.1482,1139969.889,5773156.1482,,
638,1129969.889,5773156.1482,1139969.889,5763156.1482,,
639,1129969.889,5763156.1482,1139969.889,5753156.1482,,
640,1129969.889,5753156.1482,1139969.889,5743156.1482,,
641,1129969.889,5743156.1482,1139969.889,5733156.1482,,
642,1129969.889,5733156.1482,1139969.889,5723156.1482,,
643,1129969.889,5723156.1482,1139969.889,5713156.1482,,
644,1129969.889,5713156.1482,1139969.889,5703156.1482,,
645,1129969.889,5703156.1482,1139969.889,5693156.1482,,
646,1129969.889,5693156.1482,1139969.889,5683156.1482,,
647,1129969.889,5683156.1482,1139969.889,5673156.1482,,
648,1129969.889,5673156.1482,1139969.889,5663156.1482,,
649,1129969.889,5663156.1482,1139969.889,5653156.1482,,
650,1129969.889,5653156.1482,1139969.889,5643156.1482,,
651,1129969.889,5643156.1482,1139969.889,5633156.1482,,
652,1129969.889,5633156.1482,1139969.889,5623156.1482,,
653,1129969.889,5623156.1482,1139969.889,5613156.1482,,
654,1129969.889,5613156.1482,1139969.889,5603156.1482,,
655,1129969.889,5603156.1482,1139969.889,5593156.1482,,
656,1129969.889,5593156.1482,1139969.889,5583156.1482,,
657,1129969.889,5583156.1482,1139969.889,5573156.1482,,
658,1129969.889,5573156.1482,1139969.889,5563156.1482,,
659,1129969.889,5563156.1482,1139969.889,5553156.1482,,
660,1129969.889,5553156.1482,1139969.889,5543156.1482,,
661,1129969.889,5543156.1482,1139969.889,5533156.1482,,
662,1129969.889,5533156.1482,1139969.889,5523156.1482,,
663,1129969.889,5523156.1482,1139969.889,5513156.1482,,
664,1129969.889,5513156.1482,1139969.889,5503156.1482,,
665,1129969.889,5503156.1482,1139969.889,5493156.1482,,
666,1129969.889,5493156.1482,1139969.889,5483156.1482,,
667,1129969.889,5483156.1482,1139969.889,5473156.1482,,
668,1129969.889,5473156.1482,1139969.889,5463156.1482,,
669,1129969.889,5463156.1482,1139969.889,5453156.1482,,
670,1129969.889,5453156.1482,1139969.889,5443156.1482,,
671,1129969.889,5443156.1482,1139969.889,5433156.1482,,
672,1129969.889,5433156.1482,1139969.889,5423156.1482,,
673,1129969.889,5423156.1482,1139969.889,5413156.1482,,
674,1129969.889,5413156.1482,1139969.889,5403156.1482,,
675,1129969.889,5403156.1482,1139969.889,5393156.1482,,
676,1129969.889,5393156.1482,1139969.889,5383156.1482,,
677,1129969.889,5383156.1482,1139969.889,5373156.1482,,
678,1129969.889,5373156.1482,1139969.889,5363156.1482,,
679,1129969.889,5363156.1482,1139969.889,5353156.1482,,
680,1129969.889,5353156.1482,1139969.889,5343156.1482,,
681,1129969.889,5343156.1482,1139969.889,5333156.1482,,
682,1129969.889,5333156.1482,1139969.889,5323156.1482,,
683,1129969.889,5323156.1482,1139969.889,5313156.1482,,
684,1129969.889,5313156.1482,1139969.889,5303156.1482,,
685,1129969.889,5303156.1482,1139969.889,5293156.1482,,
686,1129969.889,5293156.1482,1139969.889,5283156.1482,,
687,1129969.889,5283156.1482,1139969.889,5273156.1482,,
688,1129969.889,5273156.1482,1139969.889,5263156.1482,,
689,1129969.889,5263156.1482,1139969.889,5253156.1482,,
690,1129969.889,5253156.1482,1139969.889,5243156.1482,,
691,1129969.889,5243156.1482,1139969.889,5233156.1482,,
692,1129969.889,5233156.1482,1139969.889,5223156.1482,,
693,1129969.889,5223156.1482,1139969.889,5213156.1482,,
694,1129969.889,5213156.1482,1139969.889,5203156.1482,,
695,1129969.889,5203156.1482,1139969.889,5193156.1482,,
696,1129969.889,5193156.1482,1139969.889,5183156.1482,,
697,1129969.889,5183156.1482,1139969.889,5173156.1482,,
698,1129969.889,5173156.1482,1139969.889,5163156.1482,,
699,1129969.889,5163156.1482,1139969.889,5153156.1482,,
700,1129969.889,5153156.1482,1139969.889,5143156.1482,,
701,1129969.889,5143156.1482,1139969.889,5133156.1482,,
702,1129969.889,5133156.1482,1139969.889,5123156.1482,,
703,1129969.889,5123156.1482,1139969.889,5113156.1482,,
704,1129969.889,5113156.1482,1139969.889,5103156.1482,,
705,1129969.889,5103156.1482,1139969.889,5093156.1482,,
706,1129969.889,5093156.1482,1139969.889,5083156.1482,,
707,1129969.889,5083156.1482,1139969.889,5073156.1482,,
708,1129969.889,5073156.1482,1139969.889,5063156.1482,,
709,1129969.889,5063156.1482,1139969.889,5053156.1482,,
710,1129969.889,5053156.1482,1139969.889,5043156.1482,,
711,1129969.889,5043156.1482,1139969.889,5033156.1482,,
712,1129969.889,5033156.1482,1139969.889,5023156.1482,,
713,1129969.889,5023156.1482,1139969.889,5013156.1482,,
714,1129969.889,5013156.1482,1139969.889,5003156.1482,31639.2913,16642.633
715,1129969.889,5003156.1482,1139969.889,4993156.1482,2092799.825,1100836.902
716,1129969.889,4993156.1482,1139969.889,4983156.1482,4839978.6292,2545884.712
717,1129969.889,4983156.1482,1139969.889,4973156.1482,5166620.3445,2717702.031
718,1129969.889,4973156.1482,1139969.889,4963156.1482,4222299.9979,2220978.612
719,1129969.889,4963156.1482,1139969.889,4953156.1482,3811409.4108,2004845.413
720,1129969.889,4953156.1482,1139969.889,4943156.1482,4797270.7503,2523419.874
721,1129969.889,4943156.1482,1139969.889,4933156.1482,5118273.5919,2692271.08
722,1129969.889,4933156.1482,1139969.889,4923156.1482,5166623.2794,2717703.575
723,1129969.889,4923156.1482,1139969.889,4913156.1482,5129812.3002,2698340.574
724,1129969.889,4913156.1482,1139969.889,4903156.1482,5166624.4582,2717704.195
725,1129969.889,4903156.1482,1139969.889,4893156.1482,5166625.0263,2717704.494
726,1129969.889,4893156.1482,1139969.889,4883156.1482,5166625.6284,2717704.81
727,1129969.889,4883156.1482,1139969.889,4873156.1482,5166626.2047,2717705.113
728,1129969.889,4873156.1482,1139969.889,4863156.1482,5095990.1258,2680549.719
729,1129969.889,4863156.1482,1139969.889,4853156.1482,89668.0208,47166.416
730,1129969.889,4853156.1482,1139969.889,4843156.1482,,
731,1129969.889,4843156.1482,1139969.889,4833156.1482,,
732,1129969.889,4833156.1482,1139969.889,4823156.1482,32337.4134,17009.853
733,1129969.889,4823156.1482,1139969.889,4813156.1482,10835.4761,5699.586
734,1129969.889,4813156.1482,1139969.889,4803156.1482,,
735,1129969.889,4803156.1482,1139969.889,4793156.1482,,
736,1129969.889,4793156.1482,1139969.889,4783156.1482,,
737,1129969.889,4783156.1482,1139969.889,4773156.1482,,
738,1129969.889,4773156.1482,1139969.889,4763156.1482,,
739,1129969.889,4763156.1482,1139969.889,4753156.1482,,
740,1129969.889,4753156.1482,1139969.889,4743156.1482,,
741,1139969.889,6223156.1482,1149969.889,6213156.1482,,
742,1139969.889,6213156.1482,1149969.889,6203156.1482,,
743,1139969.889,6203156.1482,1149969.889,6193156.1482,,
744,1139969.889,6193156.1482,1149969.889,6183156.1482,,
745,1139969.889,6183156.1482,1149969.889,6173156.1482,,
746,1139969.889,6173156.1482,1149969.889,6163156.1482,,
747,1139969.889,6163156.1482,1149969.889,6153156.1482,,
748,1139969.889,6153156.1482,1149969.889,6143156.1482,,
749,1139969.889,6143156.1482,1149969.889,6133156.1482,,
750,1139969.889,6133156.1482,1149969.889,6123156.1482,,
751,1139969.889,6123156.1482,1149969.889,6113156.1482,,
752,1139969.889,6113156.1482,1149969.889,6103156.1482,,
753,1139969.889,6103156.1482,1149969.889,6093156.1482,,
754,1139969.889,6093156.1482,1149969.889,6083156.1482,,
755,1139969.889,6083156.1482,1149969.889,6073156.1482,,
756,1139969.889,6073156.1482,1149969.889,6063156.1482,,
757,1139969.889,6063156.1482,1149969.889,6053156.1482,,
758,1139969.889,6053156.1482,1149969.889,6043156.1482,,
759,1139969.889,6043156.1482,1149969.889,6033156.1482,,
760,1139969.889,6033156.1482,1149969.889,6023156.1482,,
761,1139969.889,6023156.1482,1149969.889,6013156.1482,,
762,1139969.889,6013156.1482,1149969.889,6003156.1482,,
763,1139969.889,6003156.1482,1149969.889,5993156.1482,,
764,1139969.889,5993156.1482,1149969.889,5983156.1482,,
765,1139969.889,5983156.1482,1149969.889,5973156.1482,,
766,1139969.889,5973156.1482,1149969.889,5963156.1482,,
767,1139969.889,5963156.1482,1149969.889,5953156.1482,,
768,1139969.889,5953156.1482,1149969.889,5943156.1482,,
769,1139969.889,5943156.1482,1149969.889,5933156.1482,,
770,1139969.889,5933156.1482,1149969.889,5923156.1482,,
771,1139969.889,5923156.1482,1149969.889,5913156.1482,,
772,1139969.889,5913156.1482,1149969.889,5903156.1482,,
773,1139969.889,5903156.1482,1149969.889,5893156.1482,,
774,1139969.889,5893156.1482,1149969.889,5883156.1482,,
775,1139969.889,5883156.1482,1149969.889,5873156.1482,,
776,1139969.889,5873156.1482,1149969.889,5863156.1482,,
777,1139969.889,5863156.1482,1149969.889,5853156.1482,,
778,1139969.889,5853156.1482,1149969.889,5843156.1482,,
779,1139969.889,5843156.1482,1149969.889,5833156.1482,,
780,1139969.889,5833156.1482,1149969.889,5823156.1482,,
781,1139969.889,5823156.1482,1149969.889,5813156.1482,,
782,1139969.889,5813156.1482,1149969.889,5803156.1482,,
783,1139969.889,5803156.1482,1149969.889,5793156.1482,,
784,1139969.889,5793156.1482,1149969.889,5783156.1482,,
785,1139969.889,5783156.1482,1149969.889,5773156.1482,,
786,1139969.889,5773156.1482,1149969.889,5763156.1482,,
787,1139969.889,5763156.1482,1149969.889,5753156.1482,,
788,1139969.889,5753156.1482,1149969.889,5743156.1482,,
789,1139969.889,5743156.1482,1149969.889,5733156.1482,,
790,1139969.889,5733156.1482,1149969.889,5723156.1482,,
791,1139969.889,5723156.1482,1149969.889,5713156.1482,,
792,1139969.889,5713156.1482,1149969.889,5703156.1482,,
793,1139969.889,5703156.1482,1149969.889,5693156.1482,,
794,1139969.889,5693156.1482,1149969.889,5683156.1482,,
795,1139969.889,5683156.1482,1149969.889,5673156.1482,,
796,1139969.889,5673156.1482,1149969.889,5663156.1482,,
797,1139969.889,5663156.1482,1149969.889,5653156.1482,,
798,1139969.889,5653156.1482,1149969.889,5643156.1482,,
799,1139969.889,5643156.1482,1149969.889,5633156.1482,,
800,1139969.889,5633156.1482,1149969.889,5623156.1482,,
801,1139969.889,5623156.1482,1149969.889,5613156.1482,,
802,1139969.889,5613156.1482,1149969.889,5603156.1482,,
803,1139969.889,5603156.1482,1149969.889,5593156.1482,,
804,1139969.889,5593156.1482,1149969.889,5583156.1482,,
805,1139969.889,5583156.1482,1149969.889,5573156.1482,,
806,1139969.889,5573156.1482,1149969.889,5563156.1482,,
807,1139969.889,5563156.1482,1149969.889,5553156.1482,,
808,1139969.889,5553156.1482,1149969.889,5543156.1482,,
809,1139969.889,5543156.1482,1149969.889,5533156.1482,,
810,1139969.889,5533156.1482,1149969.889,5523156.1482,,
811,1139969.889,5523156.1482,1149969.889,5513156.1482,,
812,1139969.889,5513156.1482,1149969.889,5503156.1482,,
813,1139969.889,5503156.1482,1149969.889,5493156.1482,,
814,1139969.889,5493156.1482,1149969.889,5483156.1482,,
815,1139969.889,5483156.1482,1149969.889,5473156.1482,,
816,1139969.889,5473156.1482,1149969.889,5463156.1482,,
817,1139969.889,5463156.1482,1149969.889,5453156.1482,,
818,1139969.889,5453156.1482,1149969.889,5443156.1482,,
819,1139969.889,5443156.1482,1149969.889,5433156.1482,,
820,1139969.889,5433156.1482,1149969.889,5423156.1482,,
821,1139969.889,5423156.1482,1149969.889,5413156.1482,,
822,1139969.889,5413156.1482,1149969.889,5403156.1482,,
823,1139969.889,5403156.1482,1149969.889,5393156.1482,,
824,1139969.889,5393156.1482,1149969.889,5383156.1482,,
825,1139969.889,5383156.1482,1149969.889,5373156.1482,,
826,1139969.889,5373156.1482,1149969.889,5363156.1482,,
827,1139969.889,5363156.1482,1149969.889,5353156.1482,,
828,1139969.889,5353156.1482,1149969.889,5343156.1482,,
829,1139969.889,5343156.1482,1149969.889,5333156.1482,,
830,1139969.889,5333156.1482,1149969.889,5323156.1482,,
831,1139969.889,5323156.1482,1149969.889,5313156.1482,,
832,1139969.889,5313156.1482,1149969.889,5303156.1482,,
833,1139969.889,5303156.1482,1149969.889,5293156.1482,,
834,1139969.889,5293156.1482,1149969.889,5283156.1482,,
835,1139969.889,5283156.1482,1149969.889,5273156.1482,,
836,1139969.889,5273156.1482,1149969.889,5263156.1482,,
837,1139969.889,5263156.1482,1149969.889,5253156.1482,,
838,1139969.889,5253156.1482,1149969.889,5243156.1482,,
839,1139969.889,5243156.1482,1149969.889,5233156.1482,,
840,1139969.889,5233156.1482,1149969.889,5223156.1482,,
841,1139969.889,5223156.1482,1149969.889,5213156.1482,,
842,1139969.889,5213156.1482,1149969.889,5203156.1482,,
843,1139969.889,5203156.1482,1149969.889,5193156.1482,,
844,1139969.889,5193156.1482,1149969.889,5183156.1482,,
845,1139969.889,5183156.1482,1149969.889,5173156.1482,,
846,1139969.889,5173156.1482,1149969.889,5163156.1482,,
847,1139969.889,5163156.1482,1149969.889,5153156.1482,,
848,1139969.889,5153156.1482,1149969.889,5143156.1482,,
849,1139969.889,5143156.1482,1149969.889,5133156.1482,,
850,1139969.889,5133156.1482,1149969.889,5123156.1482,,
851,1139969.889,5123156.1482,1149969.889,5113156.1482,,
852,1139969.889,5113156.1482,1149969.889,5103156.1482,,
853,1139969.889,5103156.1482,1149969.889,5093156.1482,,
854,1139969.889,5093156.1482,1149969.889,5083156.1482,,
855,1139969.889,5083156.1482,1149969.889,5073156.1482,,
856,1139969.889,5073156.1482,1149969.889,5063156.1482,,
857,1139969.889,5063156.1482,1149969.889,5053156.1482,,
858,1139969.889,5053156.1482,1149969.889,5043156.1482,,
859,1139969.889,5043156.1482,1149969.889,5033156.1482,,
860,1139969.889,5033156.1482,1149969.889,5023156.1482,,
861,1139969.889,5023156.1482,1149969.889,5013156.1482,402515.6497,211727.885
862,1139969.889,5013156.1482,1149969.889,5003156.1482,3460207.5348,1820109.166
863,1139969.889,5003156.1482,1149969.889,4993156.1482,5167786.7254,2718315.561
864,1139969.889,4993156.1482,1149969.889,4983156.1482,5167787.2854,2718315.855
865,1139969.889,4983156.1482,1149969.889,4973156.1482,5167787.842,2718316.148
866,1139969.889,4973156.1482,1149969.889,4963156.1482,4734083.2331,2490182.51
867,1139969.889,4963156.1482,1149969.889,4953156.1482,5113856.2487,2689947.507
868,1139969.889,4953156.1482,1149969.889,4943156.1482,4984184.151,2621738.484
869,1139969.889,4943156.1482,1149969.889,4933156.1482,5167790.0844,2718317.328
870,1139969.889,4933156.1482,1149969.889,4923156.1482,5167790.6492,2718317.625
871,1139969.889,4923156.1482,1149969.889,4913156.1482,5167791.2169,2718317.923
872,1139969.889,4913156.1482,1149969.889,4903156.1482,4883682.4739,2568873.44
873,1139969.889,4903156.1482,1149969.889,4893156.1482,4783067.5678,2515948.836
874,1139969.889,4893156.1482,1149969.889,4883156.1482,5167792.8893,2718318.803
875,1139969.889,4883156.1482,1149969.889,4873156.1482,5167793.4573,2718319.102
876,1139969.889,4873156.1482,1149969.889,4863156.1482,5167794.022,2718319.399
877,1139969.889,4863156.1482,1149969.889,4853156.1482,842755.0645,443298.907
878,1139969.889,4853156.1482,1149969.889,4843156.1482,,
879,1139969.889,4843156.1482,1149969.889,4833156.1482,,
880,1139969.889,4833156.1482,1149969.889,4823156.1482,,
881,1139969.889,4823156.1482,1149969.889,4813156.1482,,
882,1139969.889,4813156.1482,1149969.889,4803156.1482,,
883,1139969.889,4803156.1482,1149969.889,4793156.1482,,
884,1139969.889,4793156.1482,1149969.889,4783156.1482,,
885,1139969.889,4783156.1482,1149969.889,4773156.1482,,
886,1139969.889,4773156.1482,1149969.889,4763156.1482,,
887,1139969.889,4763156.1482,1149969.889,4753156.1482,,
888,1139969.889,4753156.1482,1149969.889,4743156.1482,,
889,1149969.889,6223156.1482,1159969.889,6213156.1482,,
890,1149969.889,6213156.1482,1159969.889,6203156.1482,,
891,1149969.889,6203156.1482,1159969.889,6193156.1482,,
892,1149969.889,6193156.1482,1159969.889,6183156.1482,,
893,1149969.889,6183156.1482,1159969.889,6173156.1482,,
894,1149969.889,6173156.1482,1159969.889,6163156.1482,,
895,1149969.889,6163156.1482,1159969.889,6153156.1482,,
896,1149969.889,6153156.1482,1159969.889,6143156.1482,,
897,1149969.889,6143156.1482,1159969.889,6133156.1482,,
898,1149969.889,6133156.1482,1159969.889,6123156.1482,,
899,1149969.889,6123156.1482,1159969.889,6113156.1482,,
900,1149969.889,6113156.1482,1159969.889,6103156.1482,,
901,1149969.889,6103156.1482,1159969.889,6093156.1482,,
902,1149969.889,6093156.1482,1159969.889,6083156.1482,,
903,1149969.889,6083156.1482,1159969.889,6073156.1482,,
904,1149969.889,6073156.1482,1159969.889,6063156.1482,,
905,1149969.889,6063156.1482,1159969.889,6053156.1482,,
906,1149969.889,6053156.1482,1159969.889,6043156.1482,,
907,1149969.889,6043156.1482,1159969.889,6033156.1482,,
908,1149969.889,6033156.1482,1159969.889,6023156.1482,,
909,1149969.889,6023156.1482,1159969.889,6013156.1482,,
910,1149969.889,6013156.1482,1159969.889,6003156.1482,,
911,1149969.889,6003156.1482,1159969.889,5993156.1482,,
912,1149969.889,5993156.1482,1159969.889,5983156.1482,,
913,1149969.889,5983156.1482,1159969.889,5973156.1482,,
914,1149969.889,5973156.1482,1159969.889,5963156.1482,,
915,1149969.889,5963156.1482,1159969.889,5953156.1482,,
916,1149969.889,5953156.1482,1159969.889,5943156.1482,,
917,1149969.889,5943156.1482,1159969.889,5933156.1482,,
918,1149969.889,5933156.1482,1159969.889,5923156.1482,,
919,1149969.889,5923156.1482,1159969.889,5913156.1482,,
920,1149969.889,5913156.1482,1159969.889,5903156.1482,,
921,1149969.889,5903156.1482,1159969.889,5893156.1482,,
922,1149969.889,5893156.1482,1159969.889,5883156.1482,,
923,1149969.889,5883156.1482,1159969.889,5873156.1482,,
924,1149969.889,5873156.1482,1159969.889,5863156.1482,,
925,1149969.889,5863156.1482,1159969.889,5853156.1482,,
926,1149969.889,5853156.1482,1159969.889,5843156.1482,,
927,1149969.889,5843156.1482,1159969.889,5833156.1482,,
928,1149969.889,5833156.1482,1159969.889,5823156.1482,,
929,1149969.889,5823156.1482,1159969.889,5813156.1482,,
930,1149969.889,5813156.1482,1159969.889,5803156.1482,,
931,1149969.889,5803156.1482,1159969.889,5793156.1482,,
932,1149969.889,5793156.1482,1159969.889,5783156.1482,,
933,1149969.889,5783156.1482,1159969.889,5773156.1482,,
934,1149969.889,5773156.1482,1159969.889,5763156.1482,,
935,1149969.889,5763156.1482,1159969.889,5753156.1482,,
936,1149969.889,5753156.1482,1159969.889,5743156.1482,,
937,1149969.889,5743156.1482,1159969.889,5733156.1482,,
938,1149969.889,5733156.1482,1159969.889,5723156.1482,,
939,1149969.889,5723156.1482,1159969.889,5713156.1482,,
940,1149969.889,5713156.1482,1159969.889,5703156.1482,,
941,1149969.889,5703156.1482,1159969.889,5693156.1482,,
942,1149969.889,5693156.1482,1159969.889,5683156.1482,,
943,1149969.889,5683156.1482,1159969.889,5673156.1482,,
944,1149969.889,5673156.1482,1159969.889,5663156.1482,,
945,1149969.889,5663156.1482,1159969.889,5653156.1482,,
946,1149969.889,5653156.1482,1159969.889,5643156.1482,,
947,1149969.889,5643156.1482,1159969.889,5633156.1482,,
948,1149969.889,5633156.1482,1159969.889,5623156.1482,,
949,1149969.889,5623156.1482,1159969.889,5613156.1482,,
950,1149969.889,5613156.1482,1159969.889,5603156.1482,,
951,1149969.889,5603156.1482,1159969.889,5593156.1482,,
952,1149969.889,5593156.1482,1159969.889,5583156.1482,,
953,1149969.889,5583156.1482,1159969.889,5573156.1482,,
954,1149969.889,5573156.1482,1159969.889,5563156.1482,,
955,1149969.889,5563156.1482,1159969.889,5553156.1482,,
956,1149969.889,5553156.1482,1159969.889,5543156.1482,,
957,1149969.889,5543156.1482,1159969.889,5533156.1482,,
958,1149969.889,5533156.1482,1159969.889,5523156.1482,,
959,1149969.889,5523156.1482,1159969.889,5513156.1482,,
960,1149969.889,5513156.1482,1159969.889,5503156.1482,,
961,1149969.889,5503156.1482,1159969.889,5493156.1482,,
962,1149969.889,5493156.1482,1159969.889,5483156.1482,,
963,1149969.889,5483156.1482,1159969.889,5473156.1482,,
964,1149969.889,5473156.1482,1159969.889,5463156.1482,,
965,1149969.889,5463156.1482,1159969.889,5453156.1482,,
966,1149969.889,5453156.1482,1159969.889,5443156.1482,,
967,1149969.889,5443156.1482,1159969.889,5433156.1482,,
968,1149969.889,5433156.1482,1159969.889,5423156.1482,,
969,1149969.889,5423156.1482,1159969.889,5413156.1482,,
970,1149969.889,5413156.1482,1159969.889,5403156.1482,,
971,1149969.889,5403156.1482,1159969.889,5393156.1482,,
972,1149969.889,5393156.1482,1159969.889,5383156.1482,,
973,1149969.889,5383156.1482,1159969.889,5373156.1482,,
974,1149969.889,5373156.1482,1159969.889,5363156.1482,,
975,1149969.889,5363156.1482,1159969.889,5353156.1482,,
976,1149969.889,5353156.1482,1159969.889,5343156.1482,,
977,1149969.889,5343156.1482,1159969.889,5333156.1482,,
978,1149969.889,5333156.1482,1159969.889,5323156.1482,,
979,1149969.889,5323156.1482,1159969.889,5313156.1482,,
980,1149969.889,5313156.1482,1159969.889,5303156.1482,,
981,1149969.889,5303156.1482,1159969.889,5293156.1482,,
982,1149969.889,5293156.1482,1159969.889,5283156.1482,,
983,1149969.889,5283156.1482,1159969.889,5273156.1482,,
984,1149969.889,5273156.1482,1159969.889,5263156.1482,,
985,1149969.889,5263156.1482,1159969.889,5253156.1482,,
986,1149969.889,5253156.1482,1159969.889,5243156.1482,,
987,1149969.889,5243156.1482,1159969.889,5233156.1482,,
988,1149969.889,5233156.1482,1159969.889,5223156.1482,,
989,1149969.889,5223156.1482,1159969.889,5213156.1482,,
990,1149969.889,5213156.1482,1159969.889,5203156.1482,,
991,1149969.889,5203156.1482,1159969.889,5193156.1482,,
992,1149969.889,5193156.1482,1159969.889,5183156.1482,,
993,1149969.889,5183156.1482,1159969.889,5173156.1482,,
994,1149969.889,5173156.1482,1159969.889,5163156.1482,,
995,1149969.889,5163156.1482,1159969.889,5153156.1482,,
996,1149969.889,5153156.1482,1159969.889,5143156.1482,,
997,1149969.889,5143156.1482,1159969.889,5133156.1482,,
998,1149969.889,5133156.1482,1159969.889,5123156.1482,,
999,1149969.889,5123156.1482,1159969.889,5113156.1482,,
1000,1149969.889,5113156.1482,1159969.889,5103156.1482,,
1001,1149969.889,5103156.1482,1159969.889,5093156.1482,,
1002,1149969.889,5093156.1482,1159969.889,5083156.1482,,
1003,1149969.889,5083156.1482,1159969.889,5073156.1482,,
1004,1149969.889,5073156.1482,1159969.889,5063156.1482,,
1005,1149969.889,5063156.1482,1159969.889,5053156.1482,,
1006,1149969.889,5053156.1482,1159969.889,5043156.1482,,
1007,1149969.889,5043156.1482,1159969.889,5033156.1482,,
1008,1149969.889,5033156.1482,1159969.889,5023156.1482,283749.0308,149255.271
1009,1149969.889,5023156.1482,1159969.889,5013156.1482,3404829.6453,1790979.756
1010,1149969.889,5013156.1482,1159969.889,5003156.1482,4305095.7164,2264530.117
1011,1149969.889,5003156.1482,1159969.889,4993156.1482,5129428.0099,2698138.433
1012,1149969.889,4993156.1482,1159969.889,4983156.1482,5168929.7534,2718916.807
1013,1149969.889,4983156.1482,1159969.889,4973156.1482,5168930.3182,2718917.104
1014,1149969.889,4973156.1482,1159969.889,4963156.1482,5168930.8369,2718917.377
1015,1149969.889,4963156.1482,1159969.889,4953156.1482,5168931.3818,2718917.663
1016,1149969.889,4953156.1482,1159969.889,4943156.1482,18433624.2198,4271089.334
1017,1149969.889,4943156.1482,1159969.889,4933156.1482,6158119.1264,2834420.345
1018,1149969.889,4933156.1482,1159969.889,4923156.1482,5168932.9844,2718918.506
1019,1149969.889,4923156.1482,1159969.889,4913156.1482,5168933.5237,2718918.79
1020,1149969.889,4913156.1482,1159969.889,4903156.1482,5168934.0598,2718919.072
1021,1149969.889,4903156.1482,1159969.889,4893156.1482,4025236.3359,2117320.847
1022,1149969.889,4893156.1482,1159969.889,4883156.1482,4301656.096,2262720.837
1023,1149969.889,4883156.1482,1159969.889,4873156.1482,5104278.7424,2684909.628
1024,1149969.889,4873156.1482,1159969.889,4863156.1482,5168936.2026,2718920.199
1025,1149969.889,4863156.1482,1159969.889,4853156.1482,863893.6619,454418.053
1026,1149969.889,4853156.1482,1159969.889,4843156.1482,,
1027,1149969.889,4843156.1482,1159969.889,4833156.1482,,
1028,1149969.889,4833156.1482,1159969.889,4823156.1482,,
1029,1149969.889,4823156.1482,1159969.889,4813156.1482,,
1030,1149969.889,4813156.1482,1159969.889,4803156.1482,,
1031,1149969.889,4803156.1482,1159969.889,4793156.1482,,
1032,1149969.889,4793156.1482,1159969.889,4783156.1482,,
1033,1149969.889,4783156.1482,1159969.889,4773156.1482,,
1034,1149969.889,4773156.1482,1159969.889,4763156.1482,,
1035,1149969.889,4763156.1482,1159969.889,4753156.1482,,
1036,1149969.889,4753156.1482,1159969.889,4743156.1482,,
1037,1159969.889,6223156.1482,1169969.889,6213156.1482,,
1038,1159969.889,6213156.1482,1169969.889,6203156.1482,,
1039,1159969.889,6203156.1482,1169969.889,6193156.1482,,
1040,1159969.889,6193156.1482,1169969.889,6183156.1482,,
1041,1159969.889,6183156.1482,1169969.889,6173156.1482,,
1042,1159969.889,6173156.1482,1169969.889,6163156.1482,,
1043,1159969.889,6163156.1482,1169969.889,6153156.1482,,
1044,1159969.889,6153156.1482,1169969.889,6143156.1482,,
1045,1159969.889,6143156.1482,1169969.889,6133156.1482,,
1046,1159969.889,6133156.1482,1169969.889,6123156.1482,,
1047,1159969.889,6123156.1482,1169969.889,6113156.1482,,
1048,1159969.889,6113156.1482,1169969.889,6103156.1482,,
1049,1159969.889,6103156.1482,1169969.889,6093156.1482,,
1050,1159969.889,6093156.1482,1169969.889,6083156.1482,,
1051,1159969.889,6083156.1482,1169969.889,6073156.1482,,
1052,1159969.889,6073156.1482,1169969.889,6063156.1482,,
1053,1159969.889,6063156.1482,1169969.889,6053156.1482,,
1054,1159969.889,6053156.1482,1169969.889,6043156.1482,,
1055,1159969.889,6043156.1482,1169969.889,6033156.1482,,
1056,1159969.889,6033156.1482,1169969.889,6023156.1482,,
1057,1159969.889,6023156.1482,1169969.889,6013156.1482,,
1058,1159969.889,6013156.1482,1169969.889,6003156.1482,,
1059,1159969.889,6003156.1482,1169969.889,5993156.1482,,
1060,1159969.889,5993156.1482,1169969.889,5983156.1482,,
1061,1159969.889,5983156.1482,1169969.889,5973156.1482,,
1062,1159969.889,5973156.1482,1169969.889,5963156.1482,,
1063,1159969.889,5963156.1482,1169969.889,5953156.1482,,
1064,1159969.889,5953156.1482,1169969.889,5943156.1482,,
1065,1159969.889,5943156.1482,1169969.889,5933156.1482,,
1066,1159969.889,5933156.1482,1169969.889,5923156.1482,,
1067,1159969.889,5923156.1482,1169969.889,5913156.1482,,
1068,1159969.889,5913156.1482,1169969.889,5903156.1482,,
1069,1159969.889,5903156.1482,1169969.889,5893156.1482,,
1070,1159969.889,5893156.1482,1169969.889,5883156.1482,,
1071,1159969.889,5883156.1482,1169969.889,5873156.1482,,
1072,1159969.889,5873156.1482,1169969.889,5863156.1482,,
1073,1159969.889,5863156.1482,1169969.889,5853156.1482,,
1074,1159969.889,5853156.1482,1169969.889,5843156.1482,,
1075,1159969.889,5843156.1482,1169969.889,5833156.1482,,
1076,1159969.889,5833156.1482,1169969.889,5823156.1482,,
1077,1159969.889,5823156.1482,1169969.889,5813156.1482,,
1078,1159969.889,5813156.1482,1169969.889,5803156.1482,,
1079,1159969.889,5803156.1482,1169969.889,5793156.1482,,
1080,1159969.889,5793156.1482,1169969.889,5783156.1482,,
1081,1159969.889,5783156.1482,1169969.889,5773156.1482,,
1082,1159969.889,5773156.1482,1169969.889,5763156.1482,,
1083,1159969.889,5763156.1482,1169969.889,5753156.1482,,
1084,1159969.889,5753156.1482,1169969.889,5743156.1482,,
1085,1159969.889,5743156.1482,1169969.889,5733156.1482,,
1086,1159969.889,5733156.1482,1169969.889,5723156.1482,,
1087,1159969.889,5723156.1482,1169969.889,5713156.1482,,
1088,1159969.889,5713156.1482,1169969.889,5703156.1482,,
1089,1159969.889,5703156.1482,1169969.889,5693156.1482,,
1090,1159969.889,5693156.1482,1169969.889,5683156.1482,,
1091,1159969.889,5683156.1482,1169969.889,5673156.1482,,
1092,1159969.889,5673156.1482,1169969.889,5663156.1482,,
1093,1159969.889,5663156.1482,1169969.889,5653156.1482,,
1094,1159969.889,5653156.1482,1169969.889,5643156.1482,,
1095,1159969.889,5643156.1482,1169969.889,5633156.1482,,
1096,1159969.889,5633156.1482,1169969.889,5623156.1482,,
1097,1159969.889,5623156.1482,1169969.889,5613156.1482,,
1098,1159969.889,5613156.1482,1169969.889,5603156.1482,,
1099,1159969.889,5603156.1482,1169969.889,5593156.1482,,
1100,1159969.889,5593156.1482,1169969.889,5583156.1482,,
1101,1159969.889,5583156.1482,1169969.889,5573156.1482,,
1102,1159969.889,5573156.1482,1169969.889,5563156.1482,,
1103,1159969.889,5563156.1482,1169969.889,5553156.1482,,
1104,1159969.889,5553156.1482,1169969.889,5543156.1482,,
1105,1159969.889,5543156.1482,1169969.889,5533156.1482,,
1106,1159969.889,5533156.1482,1169969.889,5523156.1482,,
1107,1159969.889,5523156.1482,1169969.889,5513156.1482,,
1108,1159969.889,5513156.1482,1169969.889,5503156.1482,,
1109,1159969.889,5503156.1482,1169969.889,5493156.1482,,
1110,1159969.889,5493156.1482,1169969.889,5483156.1482,,
1111,1159969.889,5483156.1482,1169969.889,5473156.1482,,
1112,1159969.889,5473156.1482,1169969.889,5463156.1482,,
1113,1159969.889,5463156.1482,1169969.889,5453156.1482,,
1114,1159969.889,5453156.1482,1169969.889,5443156.1482,,
1115,1159969.889,5443156.1482,1169969.889,5433156.1482,,
1116,1159969.889,5433156.1482,1169969.889,5423156.1482,,
1117,1159969.889,5423156.1482,1169969.889,5413156.1482,,
1118,1159969.889,5413156.1482,1169969.889,5403156.1482,,
1119,1159969.889,5403156.1482,1169969.889,5393156.1482,,
1120,1159969.889,5393156.1482,1169969.889,5383156.1482,,
1121,1159969.889,5383156.1482,1169969.889,5373156.1482,,
1122,1159969.889,5373156.1482,1169969.889,5363156.1482,,
1123,1159969.889,5363156.1482,1169969.889,5353156.1482,,
1124,1159969.889,5353156.1482,1169969.889,5343156.1482,,
1125,1159969.889,5343156.1482,1169969.889,5333156.1482,,
1126,1159969.889,5333156.1482,1169969.889,5323156.1482,,
1127,1159969.889,5323156.1482,1169969.889,5313156.1482,,
1128,1159969.889,5313156.1482,1169969.889,5303156.1482,,
1129,1159969.889,5303156.1482,1169969.889,5293156.1482,,
1130,1159969.889,5293156.1482,1169969.889,5283156.1482,,
1131,1159969.889,5283156.1482,1169969.889,5273156.1482,,
1132,1159969.889,5273156.1482,1169969.889,5263156.1482,,
1133,1159969.889,5263156.1482,1169969.889,5253156.1482,,
1134,1159969.889,5253156.1482,1169969.889,5243156.1482,,
1135,1159969.889,5243156.1482,1169969.889,5233156.1482,,
1136,1159969.889,5233156.1482,1169969.889,5223156.1482,,
1137,1159969.889,5223156.1482,1169969.889,5213156.1482,,
1138,1159969.889,5213156.1482,1169969.889,5203156.1482,,
1139,1159969.889,5203156.1482,1169969.889,5193156.1482,,
1140,1159969.889,5193156.1482,1169969.889,5183156.1482,,
1141,1159969.889,5183156.1482,1169969.889,5173156.1482,,
1142,1159969.889,5173156.1482,1169969.889,5163156.1482,,
1143,1159969.889,5163156.1482,1169969.889,5153156.1482,,
1144,1159969.889,5153156.1482,1169969.889,5143156.1482,,
1145,1159969.889,5143156.1482,1169969.889,5133156.1482,,
1146,1159969.889,5133156.1482,1169969.889,5123156.1482,,
1147,1159969.889,5123156.1482,1169969.889,5113156.1482,,
1148,1159969.889,5113156.1482,1169969.889,5103156.1482,,
1149,1159969.889,5103156.1482,1169969.889,5093156.1482,,
1150,1159969.889,5093156.1482,1169969.889,5083156.1482,,
1151,1159969.889,5083156.1482,1169969.889,5073156.1482,,
1152,1159969.889,5073156.1482,1169969.889,5063156.1482,,
1153,1159969.889,5063156.1482,1169969.889,5053156.1482,,
1154,1159969.889,5053156.1482,1169969.889,5043156.1482,,
1155,1159969.889,5043156.1482,1169969.889,5033156.1482,112526.5019,59190.241
1156,1159969.889,5033156.1482,1169969.889,5023156.1482,2910770.5172,1531098.943
1157,1159969.889,5023156.1482,1169969.889,5013156.1482,4656863.1906,2449563.875
1158,1159969.889,5013156.1482,1169969.889,5003156.1482,5056651.1251,2659856.95
1159,1159969.889,5003156.1482,1169969.889,4993156.1482,5170046.6672,2719504.316
1160,1159969.889,4993156.1482,1169969.889,4983156.1482,17623036.966,6090803.932
1161,1159969.889,4983156.1482,1169969.889,4973156.1482,5170047.6905,2719504.855
1162,1159969.889,4973156.1482,1169969.889,4963156.1482,35330670.7011,10884624.777
1163,1159969.889,4963156.1482,1169969.889,4953156.1482,5170048.7259,2719505.399
1164,1159969.889,4953156.1482,1169969.889,4943156.1482,50020703.9978,7967056.288
1165,1159969.889,4943156.1482,1169969.889,4933156.1482,20600324.4011,4524519.105
1166,1159969.889,4933156.1482,1169969.889,4923156.1482,5170050.2613,2719506.207
1167,1159969.889,4923156.1482,1169969.889,4913156.1482,11147521.6818,7751742.091
1168,1159969.889,4913156.1482,1169969.889,4903156.1482,70198327.3076,57466526.973
1169,1159969.889,4903156.1482,1169969.889,4893156.1482,78061170.6171,64088837.21
1170,1159969.889,4893156.1482,1169969.889,4883156.1482,78521686.25,64765441.796
1171,1159969.889,4883156.1482,1169969.889,4873156.1482,28547569.6771,22436518.313
1172,1159969.889,4873156.1482,1169969.889,4863156.1482,2928349.8452,1540345.872
1173,1159969.889,4863156.1482,1169969.889,4853156.1482,135958.6863,71515.841
1174,1159969.889,4853156.1482,1169969.889,4843156.1482,,
1175,1159969.889,4843156.1482,1169969.889,4833156.1482,,
1176,1159969.889,4833156.1482,1169969.889,4823156.1482,,
1177,1159969.889,4823156.1482,1169969.889,4813156.1482,,
1178,1159969.889,4813156.1482,1169969.889,4803156.1482,,
1179,1159969.889,4803156.1482,1169969.889,4793156.1482,,
1180,1159969.889,4793156.1482,1169969.889,4783156.1482,,
1181,1159969.889,4783156.1482,1169969.889,4773156.1482,,
1182,1159969.889,4773156.1482,1169969.889,4763156.1482,,
1183,1159969.889,4763156.1482,1169969.889,4753156.1482,,
1184,1159969.889,4753156.1482,1169969.889,4743156.1482,,
1185,1169969.889,6223156.1482,1179969.889,6213156.1482,,
1186,1169969.889,6213156.1482,1179969.889,6203156.1482,,
1187,1169969.889,6203156.1482,1179969.889,6193156.1482,,
1188,1169969.889,6193156.1482,1179969.889,6183156.1482,,
1189,1169969.889,6183156.1482,1179969.889,6173156.1482,,
1190,1169969.889,6173156.1482,1179969.889,6163156.1482,,
1191,1169969.889,6163156.1482,1179969.889,6153156.1482,,
1192,1169969.889,6153156.1482,1179969.889,6143156.1482,,
1193,1169969.889,6143156.1482,1179969.889,6133156.1482,,
1194,1169969.889,6133156.1482,1179969.889,6123156.1482,,
1195,1169969.889,6123156.1482,1179969.889,6113156.1482,,
1196,1169969.889,6113156.1482,1179969.889,6103156.1482,,
1197,1169969.889,6103156.1482,1179969.889,6093156.1482,,
1198,1169969.889,6093156.1482,1179969.889,6083156.1482,,
1199,1169969.889,6083156.1482,1179969.889,6073156.1482,,
1200,1169969.889,6073156.1482,1179969.889,6063156.1482,,
1201,1169969.889,6063156.1482,1179969.889,6053156.1482,,
1202,1169969.889,6053156.1482,1179969.889,6043156.1482,,
1203,1169969.889,6043156.1482,1179969.889,6033156.1482,,
1204,1169969.889,6033156.1482,1179969.889,6023156.1482,,
1205,1169969.889,6023156.1482,1179969.889,6013156.1482,,
1206,1169969.889,6013156.1482,1179969.889,6003156.1482,,
1207,1169969.889,6003156.1482,1179969.889,5993156.1482,,
1208,1169969.889,5993156.1482,1179969.889,5983156.1482,,
1209,1169969.889,5983156.1482,1179969.889,5973156.1482,,
1210,1169969.889,5973156.1482,1179969.889,5963156.1482,,
1211,1169969.889,5963156.1482,1179969.889,5953156.1482,,
1212,1169969.889,5953156.1482,1179969.889,5943156.1482,,
1213,1169969.889,5943156.1482,1179969.889,5933156.1482,,
1214,1169969.889,5933156.1482,1179969.889,5923156.1482,,
1215,1169969.889,5923156.1482,1179969.889,5913156.1482,,
1216,1169969.889,5913156.1482,1179969.889,5903156.1482,,
1217,1169969.889,5903156.1482,1179969.889,5893156.1482,,
1218,1169969.889,5893156.1482,1179969.889,5883156.1482,,
1219,1169969.889,5883156.1482,1179969.889,5873156.1482,,
1220,1169969.889,5873156.1482,1179969.889,5863156.1482,,
1221,1169969.889,5863156.1482,1179969.889,5853156.1482,,
1222,1169969.889,5853156.1482,1179969.889,5843156.1482,,
1223,1169969.889,5843156.1482,1179969.889,5833156.1482,,
1224,1169969.889,5833156.1482,1179969.889,5823156.1482,,
1225,1169969.889,5823156.1482,1179969.889,5813156.1482,,
1226,1169969.889,5813156.1482,1179969.889,5803156.1482,,
1227,1169969.889,5803156.1482,1179969.889,5793156.1482,,
1228,1169969.889,5793156.1482,1179969.889,5783156.1482,,
1229,1169969.889,5783156.1482,1179969.889,5773156.1482,,
1230,1169969.889,5773156.1482,1179969.889,5763156.1482,,
1231,1169969.889,5763156.1482,1179969.889,5753156.1482,,
1232,1169969.889,5753156.1482,1179969.889,5743156.1482,,
1233,1169969.889,5743156.1482,1179969.889,5733156.1482,,
1234,1169969.889,5733156.1482,1179969.889,5723156.1482,,
1235,1169969.889,5723156.1482,1179969.889,5713156.1482,,
1236,1169969.889,5713156.1482,1179969.889,5703156.1482,,
1237,1169969.889,5703156.1482,1179969.889,5693156.1482,,
1238,1169969.889,5693156.1482,1179969.889,5683156.1482,,
1239,1169969.889,5683156.1482,1179969.889,5673156.1482,,
1240,1169969.889,5673156.1482,1179969.889,5663156.1482,,
1241,1169969.889,5663156.1482,1179969.889,5653156.1482,,
1242,1169969.889,5653156.1482,1179969.889,5643156.1482,,
1243,1169969.889,5643156.1482,1179969.889,5633156.1482,,
1244,1169969.889,5633156.1482,1179969.889,5623156.1482,,
1245,1169969.889,5623156.1482,1179969.889,5613156.1482,,
1246,1169969.889,5613156.1482,1179969.889,5603156.1482,,
1247,1169969.889,5603156.1482,1179969.889,5593156.1482,,
1248,1169969.889,5593156.1482,1179969.889,5583156.1482,,
1249,1169969.889,5583156.1482,1179969.889,5573156.1482,,
1250,1169969.889,5573156.1482,1179969.889,5563156.1482,,
1251,1169969.889,5563156.1482,1179969.889,5553156.1482,,
1252,1169969.889,5553156.1482,1179969.889,5543156.1482,,
1253,1169969.889,5543156.1482,1179969.889,5533156.1482,,
1254,1169969.889,5533156.1482,1179969.889,5523156.1482,,
1255,1169969.889,5523156.1482,1179969.889,5513156.1482,,
1256,1169969.889,5513156.1482,1179969.889,5503156.1482,,
1257,1169969.889,5503156.1482,1179969.889,5493156.1482,,
1258,1169969.889,5493156.1482,1179969.889,5483156.1482,,
1259,1169969.889,5483156.1482,1179969.889,5473156.1482,,
1260,1169969.889,5473156.1482,1179969.889,5463156.1482,,
1261,1169969.889,5463156.1482,1179969.889,5453156.1482,,
1262,1169969.889,5453156.1482,1179969.889,5443156.1482,,
1263,1169969.889,5443156.1482,1179969.889,5433156.1482,,
1264,1169969.889,5433156.1482,1179969.889,5423156.1482,,
1265,1169969.889,5423156.1482,1179969.889,5413156.1482,,
1266,1169969.889,5413156.1482,1179969.889,5403156.1482,,
1267,1169969.889,5403156.1482,1179969.889,5393156.1482,,
1268,1169969.889,5393156.1482,1179969.889,5383156.1482,,
1269,1169969.889,5383156.1482,1179969.889,5373156.1482,,
1270,1169969.889,5373156.1482,1179969.889,5363156.1482,,
1271,1169969.889,5363156.1482,1179969.889,5353156.1482,,
1272,1169969.889,5353156.1482,1179969.889,5343156.1482,,
1273,1169969.889,5343156.1482,1179969.889,5333156.1482,,
1274,1169969.889,5333156.1482,1179969.889,5323156.1482,,
1275,1169969.889,5323156.1482,1179969.889,5313156.1482,,
1276,1169969.889,5313156.1482,1179969.889,5303156.1482,,
1277,1169969.889,5303156.1482,1179969.889,5293156.1482,,
1278,1169969.889,5293156.1482,1179969.889,5283156.1482,,
1279,1169969.889,5283156.1482,1179969.889,5273156.1482,,
1280,1169969.889,5273156.1482,1179969.889,5263156.1482,,
1281,1169969.889,5263156.1482,1179969.889,5253156.1482,,
1282,1169969.889,5253156.1482,1179969.889,5243156.1482,,
1283,1169969.889,5243156.1482,1179969.889,5233156.1482,,
1284,1169969.889,5233156.1482,1179969.889,5223156.1482,,
1285,1169969.889,5223156.1482,1179969.889,5213156.1482,,
1286,1169969.889,5213156.1482,1179969.889,5203156.1482,,
1287,1169969.889,5203156.1482,1179969.889,5193156.1482,,
1288,1169969.889,5193156.1482,1179969.889,5183156.1482,,
1289,1169969.889,5183156.1482,1179969.889,5173156.1482,,
1290,1169969.889,5173156.1482,1179969.889,5163156.1482,,
1291,1169969.889,5163156.1482,1179969.889,5153156.1482,,
1292,1169969.889,5153156.1482,1179969.889,5143156.1482,,
1293,1169969.889,5143156.1482,1179969.889,5133156.1482,,
1294,1169969.889,5133156.1482,1179969.889,5123156.1482,,
1295,1169969.889,5123156.1482,1179969.889,5113156.1482,,
1296,1169969.889,5113156.1482,1179969.889,5103156.1482,,
1297,1169969.889,5103156.1482,1179969.889,5093156.1482,,
1298,1169969.889,5093156.1482,1179969.889,5083156.1482,,
1299,1169969.889,5083156.1482,1179969.889,5073156.1482,,
1300,1169969.889,5073156.1482,1179969.889,5063156.1482,,
1301,1169969.889,5063156.1482,1179969.889,5053156.1482,,
1302,1169969.889,5053156.1482,1179969.889,5043156.1482,387688.7169,203928.747
1303,1169969.889,5043156.1482,1179969.889,5033156.1482,4059489.5361,2135338.426
1304,1169969.889,5033156.1482,1179969.889,5023156.1482,4857862.0079,2555291.576
1305,1169969.889,5023156.1482,1179969.889,5013156.1482,5171138.0411,2720078.392
1306,1169969.889,5013156.1482,1179969.889,5003156.1482,5171138.5383,2720078.653
1307,1169969.889,5003156.1482,1179969.889,4993156.1482,5171139.0322,2720078.913
1308,1169969.889,4993156.1482,1179969.889,4983156.1482,94004759.5911,26769190.392
1309,1169969.889,4983156.1482,1179969.889,4973156.1482,8283591.7192,3562633.753
1310,1169969.889,4973156.1482,1179969.889,4963156.1482,80899321.8753,23221373.707
1311,1169969.889,4963156.1482,1179969.889,4953156.1482,10431192.3362,4143926.026
1312,1169969.889,4953156.1482,1179969.889,4943156.1482,71175504.597,12259467.18
1313,1169969.889,4943156.1482,1179969.889,4933156.1482,39796258.0869,7035088.161
1314,1169969.889,4933156.1482,1179969.889,4923156.1482,5171142.4659,2720080.719
1315,1169969.889,4923156.1482,1179969.889,4913156.1482,41425389.8039,33242346.244
1316,1169969.889,4913156.1482,1179969.889,4903156.1482,117660949.7786,97424741.039
1317,1169969.889,4903156.1482,1179969.889,4893156.1482,117660960.8135,97424750.177
1318,1169969.889,4893156.1482,1179969.889,4883156.1482,117660972.0775,97424759.503
1319,1169969.889,4883156.1482,1179969.889,4873156.1482,105779893.6917,87554580.277
1320,1169969.889,4873156.1482,1179969.889,4863156.1482,734274.9423,607988.855
1321,1169969.889,4863156.1482,1179969.889,4853156.1482,,
1322,1169969.889,4853156.1482,1179969.889,4843156.1482,,
1323,1169969.889,4843156.1482,1179969.889,4833156.1482,,
1324,1169969.889,4833156.1482,1179969.889,4823156.1482,,
1325,1169969.889,4823156.1482,1179969.889,4813156.1482,,
1326,1169969.889,4813156.1482,1179969.889,4803156.1482,,
1327,1169969.889,4803156.1482,1179969.889,4793156.1482,,
1328,1169969.889,4793156.1482,1179969.889,4783156.1482,,
1329,1169969.889,4783156.1482,1179969.889,4773156.1482,,
1330,1169969.889,4773156.1482,1179969.889,4763156.1482,510861.6807,294370.845
1331,1169969.889,4763156.1482,1179969.889,4753156.1482,5192171.9306,2991854.931
1332,1169969.889,4753156.1482,1179969.889,4743156.1482,4029557.3023,2321928.289
1333,1179969.889,6223156.1482,1189969.889,6213156.1482,,
1334,1179969.889,6213156.1482,1189969.889,6203156.1482,,
1335,1179969.889,6203156.1482,1189969.889,6193156.1482,,
1336,1179969.889,6193156.1482,1189969.889,6183156.1482,,
1337,1179969.889,6183156.1482,1189969.889,6173156.1482,,
1338,1179969.889,6173156.1482,1189969.889,6163156.1482,,
1339,1179969.889,6163156.1482,1189969.889,6153156.1482,,
1340,1179969.889,6153156.1482,1189969.889,6143156.1482,,
1341,1179969.889,6143156.1482,1189969.889,6133156.1482,,
1342,1179969.889,6133156.1482,1189969.889,6123156.1482,,
1343,1179969.889,6123156.1482,1189969.889,6113156.1482,,
1344,1179969.889,6113156.1482,1189969.889,6103156.1482,,
1345,1179969.889,6103156.1482,1189969.889,6093156.1482,,
1346,1179969.889,6093156.1482,1189969.889,6083156.1482,,
1347,1179969.889,6083156.1482,1189969.889,6073156.1482,,
1348,1179969.889,6073156.1482,1189969.889,6063156.1482,,
1349,1179969.889,6063156.1482,1189969.889,6053156.1482,,
1350,1179969.889,6053156.1482,1189969.889,6043156.1482,,
1351,1179969.889,6043156.1482,1189969.889,6033156.1482,,
1352,1179969.889,6033156.1482,1189969.889,6023156.1482,,
1353,1179969.889,6023156.1482,1189969.889,6013156.1482,,
1354,1179969.889,6013156.1482,1189969.889,6003156.1482,,
1355,1179969.889,6003156.1482,1189969.889,5993156.1482,,
1356,1179969.889,5993156.1482,1189969.889,5983156.1482,,
1357,1179969.889,5983156.1482,1189969.889,5973156.1482,,
1358,1179969.889,5973156.1482,1189969.889,5963156.1482,,
1359,1179969.889,5963156.1482,1189969.889,5953156.1482,,
1360,1179969.889,5953156.1482,1189969.889,5943156.1482,,
1361,1179969.889,5943156.1482,1189969.889,5933156.1482,,
1362,1179969.889,5933156.1482,1189969.889,5923156.1482,,
1363,1179969.889,5923156.1482,1189969.889,5913156.1482,,
1364,1179969.889,5913156.1482,1189969.889,5903156.1482,,
1365,1179969.889,5903156.1482,1189969.889,5893156.1482,,
1366,1179969.889,5893156.1482,1189969.889,5883156.1482,,
1367,1179969.889,5883156.1482,1189969.889,5873156.1482,,
1368,1179969.889,5873156.1482,1189969.889,5863156.1482,,
1369,1179969.889,5863156.1482,1189969.889,5853156.1482,,
1370,1179969.889,5853156.1482,1189969.889,5843156.1482,,
1371,1179969.889,5843156.1482,1189969.889,5833156.1482,,
1372,1179969.889,5833156.1482,1189969.889,5823156.1482,,
1373,1179969.889,5823156.1482,1189969.889,5813156.1482,,
1374,1179969.889,5813156.1482,1189969.889,5803156.1482,,
1375,1179969.889,5803156.1482,1189969.889,5793156.1482,,
1376,1179969.889,5793156.1482,1189969.889,5783156.1482,,
1377,1179969.889,5783156.1482,1189969.889,5773156.1482,,
1378,1179969.889,5773156.1482,1189969.889,5763156.1482,,
1379,1179969.889,5763156.1482,1189969.889,5753156.1482,,
1380,1179969.889,5753156.1482,1189969.889,5743156.1482,,
1381,1179969.889,5743156.1482,1189969.889,5733156.1482,,
1382,1179969.889,5733156.1482,1189969.889,5723156.1482,,
1383,1179969.889,5723156.1482,1189969.889,5713156.1482,,
1384,1179969.889,5713156.1482,1189969.889,5703156.1482,,
1385,1179969.889,5703156.1482,1189969.889,5693156.1482,,
1386,1179969.889,5693156.1482,1189969.889,5683156.1482,,
1387,1179969.889,5683156.1482,1189969.889,5673156.1482,,
1388,1179969.889,5673156.1482,1189969.889,5663156.1482,,
1389,1179969.889,5663156.1482,1189969.889,5653156.1482,,
1390,1179969.889,5653156.1482,1189969.889,5643156.1482,,
1391,1179969.889,5643156.1482,1189969.889,5633156.1482,,
1392,1179969.889,5633156.1482,1189969.889,5623156.1482,,
1393,1179969.889,5623156.1482,1189969.889,5613156.1482,,
1394,1179969.889,5613156.1482,1189969.889,5603156.1482,,
1395,1179969.889,5603156.1482,1189969.889,5593156.1482,,
1396,1179969.889,5593156.1482,1189969.889,5583156.1482,,
1397,1179969.889,5583156.1482,1189969.889,5573156.1482,,
1398,1179969.889,5573156.1482,1189969.889,5563156.1482,,
1399,1179969.889,5563156.1482,1189969.889,5553156.1482,,
1400,1179969.889,5553156.1482,1189969.889,5543156.1482,,
1401,1179969.889,5543156.1482,1189969.889,5533156.1482,,
1402,1179969.889,5533156.1482,1189969.889,5523156.1482,,
1403,1179969.889,5523156.1482,1189969.889,5513156.1482,,
1404,1179969.889,5513156.1482,1189969.889,5503156.1482,,
1405,1179969.889,5503156.1482,1189969.889,5493156.1482,,
1406,1179969.889,5493156.1482,1189969.889,5483156.1482,,
1407,1179969.889,5483156.1482,1189969.889,5473156.1482,,
1408,1179969.889,5473156.1482,1189969.889,5463156.1482,,
1409,1179969.889,5463156.1482,1189969.889,5453156.1482,,
1410,1179969.889,5453156.1482,1189969.889,5443156.1482,,
1411,1179969.889,5443156.1482,1189969.889,5433156.1482,,
1412,1179969.889,5433156.1482,1189969.889,5423156.1482,,
1413,1179969.889,5423156.1482,1189969.889,5413156.1482,,
1414,1179969.889,5413156.1482,1189969.889,5403156.1482,,
1415,1179969.889,5403156.1482,1189969.889,5393156.1482,,
1416,1179969.889,5393156.1482,1189969.889,5383156.1482,,
1417,1179969.889,5383156.1482,1189969.889,5373156.1482,,
1418,1179969.889,5373156.1482,1189969.889,5363156.1482,,
1419,1179969.889,5363156.1482,1189969.889,5353156.1482,,
1420,1179969.889,5353156.1482,1189969.889,5343156.1482,,
1421,1179969.889,5343156.1482,1189969.889,5333156.1482,,
1422,1179969.889,5333156.1482,1189969.889,5323156.1482,,
1423,1179969.889,5323156.1482,1189969.889,5313156.1482,,
1424,1179969.889,5313156.1482,1189969.889,5303156.1482,,
1425,1179969.889,5303156.1482,1189969.889,5293156.1482,,
1426,1179969.889,5293156.1482,1189969.889,5283156.1482,,
1427,1179969.889,5283156.1482,1189969.889,5273156.1482,,
1428,1179969.889,5273156.1482,1189969.889,5263156.1482,,
1429,1179969.889,5263156.1482,1189969.889,5253156.1482,,
1430,1179969.889,5253156.1482,1189969.889,5243156.1482,,
1431,1179969.889,5243156.1482,1189969.889,5233156.1482,,
1432,1179969.889,5233156.1482,1189969.889,5223156.1482,,
1433,1179969.889,5223156.1482,1189969.889,5213156.1482,,
1434,1179969.889,5213156.1482,1189969.889,5203156.1482,,
1435,1179969.889,5203156.1482,1189969.889,5193156.1482,,
1436,1179969.889,5193156.1482,1189969.889,5183156.1482,,
1437,1179969.889,5183156.1482,1189969.889,5173156.1482,,
1438,1179969.889,5173156.1482,1189969.889,5163156.1482,,
1439,1179969.889,5163156.1482,1189969.889,5153156.1482,,
1440,1179969.889,5153156.1482,1189969.889,5143156.1482,,
1441,1179969.889,5143156.1482,1189969.889,5133156.1482,,
1442,1179969.889,5133156.1482,1189969.889,5123156.1482,,
1443,1179969.889,5123156.1482,1189969.889,5113156.1482,,
1444,1179969.889,5113156.1482,1189969.889,5103156.1482,,
1445,1179969.889,5103156.1482,1189969.889,5093156.1482,,
1446,1179969.889,5093156.1482,1189969.889,5083156.1482,,
1447,1179969.889,5083156.1482,1189969.889,5073156.1482,,
1448,1179969.889,5073156.1482,1189969.889,5063156.1482,,
1449,1179969.889,5063156.1482,1189969.889,5053156.1482,442066.7036,232532.197
1450,1179969.889,5053156.1482,1189969.889,5043156.1482,3226279.5442,1697060.338
1451,1179969.889,5043156.1482,1189969.889,5033156.1482,5172204.4056,2720639.312
1452,1179969.889,5033156.1482,1189969.889,5023156.1482,5172204.8735,2720639.558
1453,1179969.889,5023156.1482,1189969.889,5013156.1482,5172205.3476,2720639.807
1454,1179969.889,5013156.1482,1189969.889,5003156.1482,6195675.6438,2997823.502
1455,1179969.889,5003156.1482,1189969.889,4993156.1482,48633792.7148,14486553.842
1456,1179969.889,4993156.1482,1189969.889,4983156.1482,62735468.1754,18304093.008
1457,1179969.889,4983156.1482,1189969.889,4973156.1482,214882567.6714,59522087.339
1458,1179969.889,4973156.1482,1189969.889,4963156.1482,164139555.8326,46426016.305
1459,1179969.889,4963156.1482,1189969.889,4953156.1482,9002637439.6664,2602863482.258
1460,1179969.889,4953156.1482,1189969.889,4943156.1482,327026814.2256,193464242.445
1461,1179969.889,4943156.1482,1189969.889,4933156.1482,43376438.949,27971066.998
1462,1179969.889,4933156.1482,1189969.889,4923156.1482,51906758.926,36874371.221
1463,1179969.889,4923156.1482,1189969.889,4913156.1482,114680269.9882,94915105.909
1464,1179969.889,4913156.1482,1189969.889,4903156.1482,117685228.7966,97444844.371
1465,1179969.889,4903156.1482,1189969.889,4893156.1482,117685239.3352,97444853.097
1466,1179969.889,4893156.1482,1189969.889,4883156.1482,117685250.0094,97444861.935
1467,1179969.889,4883156.1482,1189969.889,4873156.1482,117685260.5042,97444870.625
1468,1179969.889,4873156.1482,1189969.889,4863156.1482,41052551.9114,33992027.487
1469,1179969.889,4863156.1482,1189969.889,4853156.1482,,
1470,1179969.889,4853156.1482,1189969.889,4843156.1482,,
1471,1179969.889,4843156.1482,1189969.889,4833156.1482,,
1472,1179969.889,4833156.1482,1189969.889,4823156.1482,,
1473,1179969.889,4823156.1482,1189969.889,4813156.1482,,
1474,1179969.889,4813156.1482,1189969.889,4803156.1482,5068589.731,2920643.882
1475,1179969.889,4803156.1482,1189969.889,4793156.1482,,
1476,1179969.889,4793156.1482,1189969.889,4783156.1482,,
1477,1179969.889,4783156.1482,1189969.889,4773156.1482,26016.8746,14991.552
1478,1179969.889,4773156.1482,1189969.889,4763156.1482,11815671.1453,6808475.231
1479,1179969.889,4763156.1482,1189969.889,4753156.1482,39223141.0341,22601321.661
1480,1179969.889,4753156.1482,1189969.889,4743156.1482,27949385.3289,16105111.202
1481,1189969.889,6223156.1482,1199969.889,6213156.1482,,
1482,1189969.889,6213156.1482,1199969.889,6203156.1482,,
1483,1189969.889,6203156.1482,1199969.889,6193156.1482,,
1484,1189969.889,6193156.1482,1199969.889,6183156.1482,,
1485,1189969.889,6183156.1482,1199969.889,6173156.1482,,
1486,1189969.889,6173156.1482,1199969.889,6163156.1482,,
1487,1189969.889,6163156.1482,1199969.889,6153156.1482,,
1488,1189969.889,6153156.1482,1199969.889,6143156.1482,,
1489,1189969.889,6143156.1482,1199969.889,6133156.1482,,
1490,1189969.889,6133156.1482,1199969.889,6123156.1482,,
1491,1189969.889,6123156.1482,1199969.889,6113156.1482,,
1492,1189969.889,6113156.1482,1199969.889,6103156.1482,,
1493,1189969.889,6103156.1482,1199969.889,6093156.1482,,
1494,1189969.889,6093156.1482,1199969.889,6083156.1482,,
1495,1189969.889,6083156.1482,1199969.889,6073156.1482,,
1496,1189969.889,6073156.1482,1199969.889,6063156.1482,,
1497,1189969.889,6063156.1482,1199969.889,6053156.1482,,
1498,1189969.889,6053156.1482,1199969.889,6043156.1482,,
1499,1189969.889,6043156.1482,1199969.889,6033156.1482,,
1500,1189969.889,6033156.1482,1199969.889,6023156.1482,,
1501,1189969.889,6023156.1482,1199969.889,6013156.1482,,
1502,1189969.889,6013156.1482,1199969.889,6003156.1482,,
1503,1189969.889,6003156.1482,1199969.889,5993156.1482,,
1504,1189969.889,5993156.1482,1199969.889,5983156.1482,,
1505,1189969.889,5983156.1482,1199969.889,5973156.1482,,
1506,1189969.889,5973156.1482,1199969.889,5963156.1482,,
1507,1189969.889,5963156.1482,1199969.889,5953156.1482,,
1508,1189969.889,5953156.1482,1199969.889,5943156.1482,,
1509,1189969.889,5943156.1482,1199969.889,5933156.1482,,
1510,1189969.889,5933156.1482,1199969.889,5923156.1482,,
1511,1189969.889,5923156.1482,1199969.889,5913156.1482,,
1512,1189969.889,5913156.1482,1199969.889,5903156.1482,,
1513,1189969.889,5903156.1482,1199969.889,5893156.1482,,
1514,1189969.889,5893156.1482,1199969.889,5883156.1482,,
1515,1189969.889,5883156.1482,1199969.889,5873156.1482,,
1516,1189969.889,5873156.1482,1199969.889,5863156.1482,,
1517,1189969.889,5863156.1482,1199969.889,5853156.1482,,
1518,1189969.889,5853156.1482,1199969.889,5843156.1482,,
1519,1189969.889,5843156.1482,1199969.889,5833156.1482,,
1520,1189969.889,5833156.1482,1199969.889,5823156.1482,,
1521,1189969.889,5823156.1482,1199969.889,5813156.1482,,
1522,1189969.889,5813156.1482,1199969.889,5803156.1482,,
1523,1189969.889,5803156.1482,1199969.889,5793156.1482,,
1524,1189969.889,5793156.1482,1199969.889,5783156.1482,,
1525,1189969.889,5783156.1482,1199969.889,5773156.1482,,
1526,1189969.889,5773156.1482,1199969.889,5763156.1482,,
1527,1189969.889,5763156.1482,1199969.889,5753156.1482,,
1528,1189969.889,5753156.1482,1199969.889,5743156.1482,,
1529,1189969.889,5743156.1482,1199969.889,5733156.1482,,
1530,1189969.889,5733156.1482,1199969.889,5723156.1482,,
1531,1189969.889,5723156.1482,1199969.889,5713156.1482,,
1532,1189969.889,5713156.1482,1199969.889,5703156.1482,,
1533,1189969.889,5703156.1482,1199969.889,5693156.1482,,
1534,1189969.889,5693156.1482,1199969.889,5683156.1482,,
1535,1189969.889,5683156.1482,1199969.889,5673156.1482,,
1536,1189969.889,5673156.1482,1199969.889,5663156.1482,,
1537,1189969.889,5663156.1482,1199969.889,5653156.1482,,
1538,1189969.889,5653156.1482,1199969.889,5643156.1482,,
1539,1189969.889,5643156.1482,1199969.889,5633156.1482,,
1540,1189969.889,5633156.1482,1199969.889,5623156.1482,,
1541,1189969.889,5623156.1482,1199969.889,5613156.1482,,
1542,1189969.889,5613156.1482,1199969.889,5603156.1482,,
1543,1189969.889,5603156.1482,1199969.889,5593156.1482,,
1544,1189969.889,5593156.1482,1199969.889,5583156.1482,,
1545,1189969.889,5583156.1482,1199969.889,5573156.1482,,
1546,1189969.889,5573156.1482,1199969.889,5563156.1482,,
1547,1189969.889,5563156.1482,1199969.889,5553156.1482,,
1548,1189969.889,5553156.1482,1199969.889,5543156.1482,,
1549,1189969.889,5543156.1482,1199969.889,5533156.1482,,
1550,1189969.889,5533156.1482,1199969.889,5523156.1482,,
1551,1189969.889,5523156.1482,1199969.889,5513156.1482,,
1552,1189969.889,5513156.1482,1199969.889,5503156.1482,,
1553,1189969.889,5503156.1482,1199969.889,5493156.1482,,
1554,1189969.889,5493156.1482,1199969.889,5483156.1482,,
1555,1189969.889,5483156.1482,1199969.889,5473156.1482,,
1556,1189969.889,5473156.1482,1199969.889,5463156.1482,,
1557,1189969.889,5463156.1482,1199969.889,5453156.1482,,
1558,1189969.889,5453156.1482,1199969.889,5443156.1482,,
1559,1189969.889,5443156.1482,1199969.889,5433156.1482,,
1560,1189969.889,5433156.1482,1199969.889,5423156.1482,,
1561,1189969.889,5423156.1482,1199969.889,5413156.1482,,
1562,1189969.889,5413156.1482,1199969.889,5403156.1482,,
1563,1189969.889,5403156.1482,1199969.889,5393156.1482,,
1564,1189969.889,5393156.1482,1199969.889,5383156.1482,,
1565,1189969.889,5383156.1482,1199969.889,5373156.1482,,
1566,1189969.889,5373156.1482,1199969.889,5363156.1482,,
1567,1189969.889,5363156.1482,1199969.889,5353156.1482,,
1568,1189969.889,5353156.1482,1199969.889,5343156.1482,,
1569,1189969.889,5343156.1482,1199969.889,5333156.1482,,
1570,1189969.889,5333156.1482,1199969.889,5323156.1482,,
1571,1189969.889,5323156.1482,1199969.889,5313156.1482,,
1572,1189969.889,5313156.1482,1199969.889,5303156.1482,,
1573,1189969.889,5303156.1482,1199969.889,5293156.1482,,
1574,1189969.889,5293156.1482,1199969.889,5283156.1482,,
1575,1189969.889,5283156.1482,1199969.889,5273156.1482,,
1576,1189969.889,5273156.1482,1199969.889,5263156.1482,,
1577,1189969.889,5263156.1482,1199969.889,5253156.1482,,
1578,1189969.889,5253156.1482,1199969.889,5243156.1482,,
1579,1189969.889,5243156.1482,1199969.889,5233156.1482,,
1580,1189969.889,5233156.1482,1199969.889,5223156.1482,,
1581,1189969.889,5223156.1482,1199969.889,5213156.1482,,
1582,1189969.889,5213156.1482,1199969.889,5203156.1482,,
1583,1189969.889,5203156.1482,1199969.889,5193156.1482,,
1584,1189969.889,5193156.1482,1199969.889,5183156.1482,,
1585,1189969.889,5183156.1482,1199969.889,5173156.1482,,
1586,1189969.889,5173156.1482,1199969.889,5163156.1482,,
1587,1189969.889,5163156.1482,1199969.889,5153156.1482,,
1588,1189969.889,5153156.1482,1199969.889,5143156.1482,,
1589,1189969.889,5143156.1482,1199969.889,5133156.1482,,
1590,1189969.889,5133156.1482,1199969.889,5123156.1482,,
1591,1189969.889,5123156.1482,1199969.889,5113156.1482,,
1592,1189969.889,5113156.1482,1199969.889,5103156.1482,,
1593,1189969.889,5103156.1482,1199969.889,5093156.1482,,
1594,1189969.889,5093156.1482,1199969.889,5083156.1482,,
1595,1189969.889,5083156.1482,1199969.889,5073156.1482,5166.1571,2717.458
1596,1189969.889,5073156.1482,1199969.889,5063156.1482,3389301.081,1782811.551
1597,1189969.889,5063156.1482,1199969.889,5053156.1482,5146289.3012,2707007.667
1598,1189969.889,5053156.1482,1199969.889,5043156.1482,4513953.2932,2374391.617
1599,1189969.889,5043156.1482,1199969.889,5033156.1482,4941551.7928,2599313.371
1600,1189969.889,5033156.1482,1199969.889,5023156.1482,5173247.0718,2721187.766
1601,1189969.889,5023156.1482,1199969.889,5013156.1482,12020497.6727,7320141.77
1602,1189969.889,5013156.1482,1199969.889,5003156.1482,83538542.658,26712747.452
1603,1189969.889,5003156.1482,1199969.889,4993156.1482,111349381.5445,38693720.238
1604,1189969.889,4993156.1482,1199969.889,4983156.1482,153235617.9127,55084168
1605,1189969.889,4983156.1482,1199969.889,4973156.1482,120009291.454,49598756.781
1606,1189969.889,4973156.1482,1199969.889,4963156.1482,75525576.8128,40681200.113
1607,1189969.889,4963156.1482,1199969.889,4953156.1482,446767616.8473,264405788.574
1608,1189969.889,4953156.1482,1199969.889,4943156.1482,204045396.926,123055924.208
1609,1189969.889,4943156.1482,1199969.889,4933156.1482,55809311.7395,36731079.436
1610,1189969.889,4933156.1482,1199969.889,4923156.1482,76541037.6437,59789719.772
1611,1189969.889,4923156.1482,1199969.889,4913156.1482,120797101.4962,101686731.404
1612,1189969.889,4913156.1482,1199969.889,4903156.1482,117708935.966,97464474.204
1613,1189969.889,4903156.1482,1199969.889,4893156.1482,117793984.2098,97579449.119
1614,1189969.889,4893156.1482,1199969.889,4883156.1482,117708956.2961,97464491.038
1615,1189969.889,4883156.1482,1199969.889,4873156.1482,117708966.8038,97464499.738
1616,1189969.889,4873156.1482,1199969.889,4863156.1482,112743809.7671,93353287.484
1617,1189969.889,4863156.1482,1199969.889,4853156.1482,78064183.5763,64638122.365
1618,1189969.889,4853156.1482,1199969.889,4843156.1482,14382405.1911,11908811.75
1619,1189969.889,4843156.1482,1199969.889,4833156.1482,,
1620,1189969.889,4833156.1482,1199969.889,4823156.1482,,
1621,1189969.889,4823156.1482,1199969.889,4813156.1482,2953000.1237,1701590.028
1622,1189969.889,4813156.1482,1199969.889,4803156.1482,32034751.5685,18459197.949
1623,1189969.889,4803156.1482,1199969.889,4793156.1482,6758237.0185,3894259.478
1624,1189969.889,4793156.1482,1199969.889,4783156.1482,8740270.8401,5036355.26
1625,1189969.889,4783156.1482,1199969.889,4773156.1482,36730955.3564,21165264.052
1626,1189969.889,4773156.1482,1199969.889,4763156.1482,71336099.7456,41105584.456
1627,1189969.889,4763156.1482,1199969.889,4753156.1482,39864430.6576,22970848.239
1628,1189969.889,4753156.1482,1199969.889,4743156.1482,4640426.7027,2673925.998
1629,1199969.889,6223156.1482,1209969.889,6213156.1482,,
1630,1199969.889,6213156.1482,1209969.889,6203156.1482,,
1631,1199969.889,6203156.1482,1209969.889,6193156.1482,,
1632,1199969.889,6193156.1482,1209969.889,6183156.1482,,
1633,1199969.889,6183156.1482,1209969.889,6173156.1482,,
1634,1199969.889,6173156.1482,1209969.889,6163156.1482,,
1635,1199969.889,6163156.1482,1209969.889,6153156.1482,,
1636,1199969.889,6153156.1482,1209969.889,6143156.1482,,
1637,1199969.889,6143156.1482,1209969.889,6133156.1482,,
1638,1199969.889,6133156.1482,1209969.889,6123156.1482,,
1639,1199969.889,6123156.1482,1209969.889,6113156.1482,,
1640,1199969.889,6113156.1482,1209969.889,6103156.1482,,
1641,1199969.889,6103156.1482,1209969.889,6093156.1482,,
1642,1199969.889,6093156.1482,1209969.889,6083156.1482,,
1643,1199969.889,6083156.1482,1209969.889,6073156.1482,,
1644,1199969.889,6073156.1482,1209969.889,6063156.1482,,
1645,1199969.889,6063156.1482,1209969.889,6053156.1482,,
1646,1199969.889,6053156.1482,1209969.889,6043156.1482,,
1647,1199969.889,6043156.1482,1209969.889,6033156.1482,,
1648,1199969.889,6033156.1482,1209969.889,6023156.1482,,
1649,1199969.889,6023156.1482,1209969.889,6013156.1482,,
1650,1199969.889,6013156.1482,1209969.889,6003156.1482,,
1651,1199969.889,6003156.1482,1209969.889,5993156.1482,,
1652,1199969.889,5993156.1482,1209969.889,5983156.1482,,
1653,1199969.889,5983156.1482,1209969.889,5973156.1482,,
1654,1199969.889,5973156.1482,1209969.889,5963156.1482,,
1655,1199969.889,5963156.1482,1209969.889,5953156.1482,,
1656,1199969.889,5953156.1482,1209969.889,5943156.1482,,
1657,1199969.889,5943156.1482,1209969.889,5933156.1482,,
1658,1199969.889,5933156.1482,1209969.889,5923156.1482,,
1659,1199969.889,5923156.1482,1209969.889,5913156.1482,,
1660,1199969.889,5913156.1482,1209969.889,5903156.1482,,
1661,1199969.889,5903156.1482,1209969.889,5893156.1482,,
1662,1199969.889,5893156.1482,1209969.889,5883156.1482,,
1663,1199969.889,5883156.1482,1209969.889,5873156.1482,,
1664,1199969.889,5873156.1482,1209969.889,5863156.1482,,
1665,1199969.889,5863156.1482,1209969.889,5853156.1482,,
1666,1199969.889,5853156.1482,1209969.889,5843156.1482,,
1667,1199969.889,5843156.1482,1209969.889,5833156.1482,,
1668,1199969.889,5833156.1482,1209969.889,5823156.1482,,
1669,1199969.889,5823156.1482,1209969.889,5813156.1482,,
1670,1199969.889,5813156.1482,1209969.889,5803156.1482,,
1671,1199969.889,5803156.1482,1209969.889,5793156.1482,,
1672,1199969.889,5793156.1482,1209969.889,5783156.1482,,
1673,1199969.889,5783156.1482,1209969.889,5773156.1482,,
1674,1199969.889,5773156.1482,1209969.889,5763156.1482,,
1675,1199969.889,5763156.1482,1209969.889,5753156.1482,,
1676,1199969.889,5753156.1482,1209969.889,5743156.1482,,
1677,1199969.889,5743156.1482,1209969.889,5733156.1482,,
1678,1199969.889,5733156.1482,1209969.889,5723156.1482,,
1679,1199969.889,5723156.1482,1209969.889,5713156.1482,,
1680,1199969.889,5713156.1482,1209969.889,5703156.1482,,
1681,1199969.889,5703156.1482,1209969.889,5693156.1482,,
1682,1199969.889,5693156.1482,1209969.889,5683156.1482,,
1683,1199969.889,5683156.1482,1209969.889,5673156.1482,,
1684,1199969.889,5673156.1482,1209969.889,5663156.1482,,
1685,1199969.889,5663156.1482,1209969.889,5653156.1482,,
1686,1199969.889,5653156.1482,1209969.889,5643156.1482,,
1687,1199969.889,5643156.1482,1209969.889,5633156.1482,,
1688,1199969.889,5633156.1482,1209969.889,5623156.1482,,
1689,1199969.889,5623156.1482,1209969.889,5613156.1482,,
1690,1199969.889,5613156.1482,1209969.889,5603156.1482,,
1691,1199969.889,5603156.1482,1209969.889,5593156.1482,,
1692,1199969.889,5593156.1482,1209969.889,5583156.1482,,
1693,1199969.889,5583156.1482,1209969.889,5573156.1482,,
1694,1199969.889,5573156.1482,1209969.889,5563156.1482,,
1695,1199969.889,5563156.1482,1209969.889,5553156.1482,,
1696,1199969.889,5553156.1482,1209969.889,5543156.1482,,
1697,1199969.889,5543156.1482,1209969.889,5533156.1482,,
1698,1199969.889,5533156.1482,1209969.889,5523156.1482,,
1699,1199969.889,5523156.1482,1209969.889,5513156.1482,,
1700,1199969.889,5513156.1482,1209969.889,5503156.1482,,
1701,1199969.889,5503156.1482,1209969.889,5493156.1482,,
1702,1199969.889,5493156.1482,1209969.889,5483156.1482,,
1703,1199969.889,5483156.1482,1209969.889,5473156.1482,,
1704,1199969.889,5473156.1482,1209969.889,5463156.1482,,
1705,1199969.889,5463156.1482,1209969.889,5453156.1482,,
1706,1199969.889,5453156.1482,1209969.889,5443156.1482,,
1707,1199969.889,5443156.1482,1209969.889,5433156.1482,,
1708,1199969.889,5433156.1482,1209969.889,5423156.1482,,
1709,1199969.889,5423156.1482,1209969.889,5413156.1482,,
1710,1199969.889,5413156.1482,1209969.889,5403156.1482,,
1711,1199969.889,5403156.1482,1209969.889,5393156.1482,,
1712,1199969.889,5393156.1482,1209969.889,5383156.1482,,
1713,1199969.889,5383156.1482,1209969.889,5373156.1482,,
1714,1199969.889,5373156.1482,1209969.889,5363156.1482,,
1715,1199969.889,5363156.1482,1209969.889,5353156.1482,,
1716,1199969.889,5353156.1482,1209969.889,5343156.1482,,
1717,1199969.889,5343156.1482,1209969.889,5333156.1482,,
1718,1199969.889,5333156.1482,1209969.889,5323156.1482,,
1719,1199969.889,5323156.1482,1209969.889,5313156.1482,,
1720,1199969.889,5313156.1482,1209969.889,5303156.1482,,
1721,1199969.889,5303156.1482,1209969.889,5293156.1482,,
1722,1199969.889,5293156.1482,1209969.889,5283156.1482,,
1723,1199969.889,5283156.1482,1209969.889,5273156.1482,,
1724,1199969.889,5273156.1482,1209969.889,5263156.1482,,
1725,1199969.889,5263156.1482,1209969.889,5253156.1482,,
1726,1199969.889,5253156.1482,1209969.889,5243156.1482,,
1727,1199969.889,5243156.1482,1209969.889,5233156.1482,,
1728,1199969.889,5233156.1482,1209969.889,5223156.1482,,
1729,1199969.889,5223156.1482,1209969.889,5213156.1482,,
1730,1199969.889,5213156.1482,1209969.889,5203156.1482,,
1731,1199969.889,5203156.1482,1209969.889,5193156.1482,,
1732,1199969.889,5193156.1482,1209969.889,5183156.1482,,
1733,1199969.889,5183156.1482,1209969.889,5173156.1482,,
1734,1199969.889,5173156.1482,1209969.889,5163156.1482,,
1735,1199969.889,5163156.1482,1209969.889,5153156.1482,,
1736,1199969.889,5153156.1482,1209969.889,5143156.1482,,
1737,1199969.889,5143156.1482,1209969.889,5133156.1482,,
1738,1199969.889,5133156.1482,1209969.889,5123156.1482,,
1739,1199969.889,5123156.1482,1209969.889,5113156.1482,,
1740,1199969.889,5113156.1482,1209969.889,5103156.1482,,
1741,1199969.889,5103156.1482,1209969.889,5093156.1482,,
1742,1199969.889,5093156.1482,1209969.889,5083156.1482,1130373.1663,442153.341
1743,1199969.889,5083156.1482,1209969.889,5073156.1482,2939031.4459,1545964.518
1744,1199969.889,5073156.1482,1209969.889,5063156.1482,4276962.359,2249731.645
1745,1199969.889,5063156.1482,1209969.889,5053156.1482,4828405.7982,2539797.27
1746,1199969.889,5053156.1482,1209969.889,5043156.1482,5174263.2593,2721722.292
1747,1199969.889,5043156.1482,1209969.889,5033156.1482,5174263.6832,2721722.515
1748,1199969.889,5033156.1482,1209969.889,5023156.1482,24960918.0664,16011440.704
1749,1199969.889,5023156.1482,1209969.889,5013156.1482,50998790.8625,33499991.004
1750,1199969.889,5013156.1482,1209969.889,5003156.1482,56084148.13,36790899.382
1751,1199969.889,5003156.1482,1209969.889,4993156.1482,55820254.0166,36738281.131
1752,1199969.889,4993156.1482,1209969.889,4983156.1482,55820258.7995,36738284.279
1753,1199969.889,4983156.1482,1209969.889,4973156.1482,55820263.2054,36738287.178
1754,1199969.889,4973156.1482,1209969.889,4963156.1482,55820267.9873,36738290.326
1755,1199969.889,4963156.1482,1209969.889,4953156.1482,55820272.3661,36738293.208
1756,1199969.889,4953156.1482,1209969.889,4943156.1482,55879817.9439,36835504.234
1757,1199969.889,4943156.1482,1209969.889,4933156.1482,62394769.9753,47724246.973
1758,1199969.889,4933156.1482,1209969.889,4923156.1482,120090908.2265,112649331.078
1759,1199969.889,4923156.1482,1209969.889,4913156.1482,155549615.0373,149141562.191
1760,1199969.889,4913156.1482,1209969.889,4903156.1482,146230871.7949,136416854.137
1761,1199969.889,4903156.1482,1209969.889,4893156.1482,154426153.927,147610737.646
1762,1199969.889,4893156.1482,1209969.889,4883156.1482,219405585.5646,229915493.701
1763,1199969.889,4883156.1482,1209969.889,4873156.1482,281588415.2225,309296422.754
1764,1199969.889,4873156.1482,1209969.889,4863156.1482,171634182.1549,167165563.104
1765,1199969.889,4863156.1482,1209969.889,4853156.1482,116284618.0842,96285121.147
1766,1199969.889,4853156.1482,1209969.889,4843156.1482,16326089.2594,13518206.519
1767,1199969.889,4843156.1482,1209969.889,4833156.1482,1215517.6268,1006463.829
1768,1199969.889,4833156.1482,1209969.889,4823156.1482,,
1769,1199969.889,4823156.1482,1209969.889,4813156.1482,19607805.619,11298491.405
1770,1199969.889,4813156.1482,1209969.889,4803156.1482,71871555.6248,41414127.072
1771,1199969.889,4803156.1482,1209969.889,4793156.1482,69639798.1638,40128134.495
1772,1199969.889,4793156.1482,1209969.889,4783156.1482,66056418.2796,38063304.416
1773,1199969.889,4783156.1482,1209969.889,4773156.1482,71871573.2688,41414137.239
1774,1199969.889,4773156.1482,1209969.889,4763156.1482,71871579.1504,41414140.629
1775,1199969.889,4763156.1482,1209969.889,4753156.1482,13716917.044,7904019.06
1776,1199969.889,4753156.1482,1209969.889,4743156.1482,,
1777,1209969.889,6223156.1482,1219969.889,6213156.1482,,
1778,1209969.889,6213156.1482,1219969.889,6203156.1482,,
1779,1209969.889,6203156.1482,1219969.889,6193156.1482,,
1780,1209969.889,6193156.1482,1219969.889,6183156.1482,,
1781,1209969.889,6183156.1482,1219969.889,6173156.1482,,
1782,1209969.889,6173156.1482,1219969.889,6163156.1482,,
1783,1209969.889,6163156.1482,1219969.889,6153156.1482,,
1784,1209969.889,6153156.1482,1219969.889,6143156.1482,,
1785,1209969.889,6143156.1482,1219969.889,6133156.1482,,
1786,1209969.889,6133156.1482,1219969.889,6123156.1482,,
1787,1209969.889,6123156.1482,1219969.889,6113156.1482,,
1788,1209969.889,6113156.1482,1219969.889,6103156.1482,,
1789,1209969.889,6103156.1482,1219969.889,6093156.1482,,
1790,1209969.889,6093156.1482,1219969.889,6083156.1482,,
1791,1209969.889,6083156.1482,1219969.889,6073156.1482,,
1792,1209969.889,6073156.1482,1219969.889,6063156.1482,,
1793,1209969.889,6063156.1482,1219969.889,6053156.1482,,
1794,1209969.889,6053156.1482,1219969.889,6043156.1482,,
1795,1209969.889,6043156.1482,1219969.889,6033156.1482,,
1796,1209969.889,6033156.1482,1219969.889,6023156.1482,,
1797,1209969.889,6023156.1482,1219969.889,6013156.1482,,
1798,1209969.889,6013156.1482,1219969.889,6003156.1482,,
1799,1209969.889,6003156.1482,1219969.889,5993156.1482,,
1800,1209969.889,5993156.1482,1219969.889,5983156.1482,,
1801,1209969.889,5983156.1482,1219969.889,5973156.1482,,
1802,1209969.889,5973156.1482,1219969.889,5963156.1482,,
1803,1209969.889,5963156.1482,1219969.889,5953156.1482,,
1804,1209969.889,5953156.1482,1219969.889,5943156.1482,,
1805,1209969.889,5943156.1482,1219969.889,5933156.1482,,
1806,1209969.889,5933156.1482,1219969.889,5923156.1482,,
1807,1209969.889,5923156.1482,1219969.889,5913156.1482,,
1808,1209969.889,5913156.1482,1219969.889,5903156.1482,,
1809,1209969.889,5903156.1482,1219969.889,5893156.1482,,
1810,1209969.889,5893156.1482,1219969.889,5883156.1482,,
1811,1209969.889,5883156.1482,1219969.889,5873156.1482,,
1812,1209969.889,5873156.1482,1219969.889,5863156.1482,,
1813,1209969.889,5863156.1482,1219969.889,5853156.1482,,
1814,1209969.889,5853156.1482,1219969.889,5843156.1482,,
1815,1209969.889,5843156.1482,1219969.889,5833156.1482,,
1816,1209969.889,5833156.1482,1219969.889,5823156.1482,,
1817,1209969.889,5823156.1482,1219969.889,5813156.1482,,
1818,1209969.889,5813156.1482,1219969.889,5803156.1482,,
1819,1209969.889,5803156.1482,1219969.889,5793156.1482,,
1820,1209969.889,5793156.1482,1219969.889,5783156.1482,,
1821,1209969.889,5783156.1482,1219969.889,5773156.1482,,
1822,1209969.889,5773156.1482,1219969.889,5763156.1482,,
1823,1209969.889,5763156.1482,1219969.889,5753156.1482,,
1824,1209969.889,5753156.1482,1219969.889,5743156.1482,,
1825,1209969.889,5743156.1482,1219969.889,5733156.1482,,
1826,1209969.889,5733156.1482,1219969.889,5723156.1482,,
1827,1209969.889,5723156.1482,1219969.889,5713156.1482,,
1828,1209969.889,5713156.1482,1219969.889,5703156.1482,,
1829,1209969.889,5703156.1482,1219969.889,5693156.1482,,
1830,1209969.889,5693156.1482,1219969.889,5683156.1482,,
1831,1209969.889,5683156.1482,1219969.889,5673156.1482,,
1832,1209969.889,5673156.1482,1219969.889,5663156.1482,,
1833,1209969.889,5663156.1482,1219969.889,5653156.1482,,
1834,1209969.889,5653156.1482,1219969.889,5643156.1482,,
1835,1209969.889,5643156.1482,1219969.889,5633156.1482,,
1836,1209969.889,5633156.1482,1219969.889,5623156.1482,,
1837,1209969.889,5623156.1482,1219969.889,5613156.1482,,
1838,1209969.889,5613156.1482,1219969.889,5603156.1482,,
1839,1209969.889,5603156.1482,1219969.889,5593156.1482,,
1840,1209969.889,5593156.1482,1219969.889,5583156.1482,,
1841,1209969.889,5583156.1482,1219969.889,5573156.1482,,
1842,1209969.889,5573156.1482,1219969.889,5563156.1482,,
1843,1209969.889,5563156.1482,1219969.889,5553156.1482,,
1844,1209969.889,5553156.1482,1219969.889,5543156.1482,,
1845,1209969.889,5543156.1482,1219969.889,5533156.1482,,
1846,1209969.889,5533156.1482,1219969.889,5523156.1482,,
1847,1209969.889,5523156.1482,1219969.889,5513156.1482,,
1848,1209969.889,5513156.1482,1219969.889,5503156.1482,,
1849,1209969.889,5503156.1482,1219969.889,5493156.1482,,
1850,1209969.889,5493156.1482,1219969.889,5483156.1482,,
1851,1209969.889,5483156.1482,1219969.889,5473156.1482,,
1852,1209969.889,5473156.1482,1219969.889,5463156.1482,,
1853,1209969.889,5463156.1482,1219969.889,5453156.1482,,
1854,1209969.889,5453156.1482,1219969.889,5443156.1482,,
1855,1209969.889,5443156.1482,1219969.889,5433156.1482,,
1856,1209969.889,5433156.1482,1219969.889,5423156.1482,,
1857,1209969.889,5423156.1482,1219969.889,5413156.1482,,
1858,1209969.889,5413156.1482,1219969.889,5403156.1482,,
1859,1209969.889,5403156.1482,1219969.889,5393156.1482,,
1860,1209969.889,5393156.1482,1219969.889,5383156.1482,,
1861,1209969.889,5383156.1482,1219969.889,5373156.1482,,
1862,1209969.889,5373156.1482,1219969.889,5363156.1482,,
1863,1209969.889,5363156.1482,1219969.889,5353156.1482,,
1864,1209969.889,5353156.1482,1219969.889,5343156.1482,,
1865,1209969.889,5343156.1482,1219969.889,5333156.1482,,
1866,1209969.889,5333156.1482,1219969.889,5323156.1482,,
1867,1209969.889,5323156.1482,1219969.889,5313156.1482,,
1868,1209969.889,5313156.1482,1219969.889,5303156.1482,,
1869,1209969.889,5303156.1482,1219969.889,5293156.1482,,
1870,1209969.889,5293156.1482,1219969.889,5283156.1482,,
1871,1209969.889,5283156.1482,1219969.889,5273156.1482,,
1872,1209969.889,5273156.1482,1219969.889,5263156.1482,,
1873,1209969.889,5263156.1482,1219969.889,5253156.1482,,
1874,1209969.889,5253156.1482,1219969.889,5243156.1482,,
1875,1209969.889,5243156.1482,1219969.889,5233156.1482,,
1876,1209969.889,5233156.1482,1219969.889,5223156.1482,,
1877,1209969.889,5223156.1482,1219969.889,5213156.1482,,
1878,1209969.889,5213156.1482,1219969.889,5203156.1482,,
1879,1209969.889,5203156.1482,1219969.889,5193156.1482,,
1880,1209969.889,5193156.1482,1219969.889,5183156.1482,,
1881,1209969.889,5183156.1482,1219969.889,5173156.1482,,
1882,1209969.889,5173156.1482,1219969.889,5163156.1482,,
1883,1209969.889,5163156.1482,1219969.889,5153156.1482,,
1884,1209969.889,5153156.1482,1219969.889,5143156.1482,,
1885,1209969.889,5143156.1482,1219969.889,5133156.1482,,
1886,1209969.889,5133156.1482,1219969.889,5123156.1482,,
1887,1209969.889,5123156.1482,1219969.889,5113156.1482,,
1888,1209969.889,5113156.1482,1219969.889,5103156.1482,,
1889,1209969.889,5103156.1482,1219969.889,5093156.1482,2636083.1507,967033.712
1890,1209969.889,5093156.1482,1219969.889,5083156.1482,7580006.6622,3049118.517
1891,1209969.889,5083156.1482,1219969.889,5073156.1482,5169408.4032,2719168.582
1892,1209969.889,5073156.1482,1219969.889,5063156.1482,5175254.3724,2722243.629
1893,1209969.889,5063156.1482,1219969.889,5053156.1482,5175254.7675,2722243.837
1894,1209969.889,5053156.1482,1219969.889,5043156.1482,8227809.4322,4537719.423
1895,1209969.889,5043156.1482,1219969.889,5033156.1482,15117048.5572,8635113.26
1896,1209969.889,5033156.1482,1219969.889,5023156.1482,22201016.9288,13423658.729
1897,1209969.889,5023156.1482,1219969.889,5013156.1482,60307467.8202,37539200.061
1898,1209969.889,5013156.1482,1219969.889,5003156.1482,56729173.6917,36902504.199
1899,1209969.889,5003156.1482,1219969.889,4993156.1482,55830953.8798,36745323.28
1900,1209969.889,4993156.1482,1219969.889,4983156.1482,55830958.1522,36745326.092
1901,1209969.889,4983156.1482,1219969.889,4973156.1482,55830962.6391,36745329.045
1902,1209969.889,4973156.1482,1219969.889,4963156.1482,55830966.7518,36745331.752
1903,1209969.889,4963156.1482,1219969.889,4953156.1482,56266972.7283,37470307.57
1904,1209969.889,4953156.1482,1219969.889,4943156.1482,63347552.0705,49306601.73
1905,1209969.889,4943156.1482,1219969.889,4933156.1482,68006301.8508,57087401.48
1906,1209969.889,4933156.1482,1219969.889,4923156.1482,73485284.3742,62933710.773
1907,1209969.889,4923156.1482,1219969.889,4913156.1482,120812576.8832,113442698.333
1908,1209969.889,4913156.1482,1219969.889,4903156.1482,160163852.5892,155437313.794
1909,1209969.889,4903156.1482,1219969.889,4893156.1482,160163865.0333,155437325.871
1910,1209969.889,4893156.1482,1219969.889,4883156.1482,276346052.8327,304243289.252
1911,1209969.889,4883156.1482,1219969.889,4873156.1482,422417053.6806,491330803.22
1912,1209969.889,4873156.1482,1219969.889,4863156.1482,399291667.1115,461434262.305
1913,1209969.889,4863156.1482,1219969.889,4853156.1482,1069591044.1994,739207410.61
1914,1209969.889,4853156.1482,1219969.889,4843156.1482,826662302.5083,451624202.442
1915,1209969.889,4843156.1482,1219969.889,4833156.1482,,
1916,1209969.889,4833156.1482,1219969.889,4823156.1482,,
1917,1209969.889,4823156.1482,1219969.889,4813156.1482,6916517.5627,3985464.552
1918,1209969.889,4813156.1482,1219969.889,4803156.1482,57511270.4833,33139383.769
1919,1209969.889,4803156.1482,1219969.889,4793156.1482,67156376.2731,38697126.791
1920,1209969.889,4793156.1482,1219969.889,4783156.1482,61836286.0749,35631562.263
1921,1209969.889,4783156.1482,1219969.889,4773156.1482,71885343.2425,41422071.831
1922,1209969.889,4773156.1482,1219969.889,4763156.1482,55062978.2586,31728618.628
1923,1209969.889,4763156.1482,1219969.889,4753156.1482,1268536.4191,730961.338
1924,1209969.889,4753156.1482,1219969.889,4743156.1482,,
1925,1219969.889,6223156.1482,1229969.889,6213156.1482,,
1926,1219969.889,6213156.1482,1229969.889,6203156.1482,,
1927,1219969.889,6203156.1482,1229969.889,6193156.1482,,
1928,1219969.889,6193156.1482,1229969.889,6183156.1482,,
1929,1219969.889,6183156.1482,1229969.889,6173156.1482,,
1930,1219969.889,6173156.1482,1229969.889,6163156.1482,,
1931,1219969.889,6163156.1482,1229969.889,6153156.1482,,
1932,1219969.889,6153156.1482,1229969.889,6143156.1482,,
1933,1219969.889,6143156.1482,1229969.889,6133156.1482,,
1934,1219969.889,6133156.1482,1229969.889,6123156.1482,,
1935,1219969.889,6123156.1482,1229969.889,6113156.1482,,
1936,1219969.889,6113156.1482,1229969.889,6103156.1482,,
1937,1219969.889,6103156.1482,1229969.889,6093156.1482,,
1938,1219969.889,6093156.1482,1229969.889,6083156.1482,,
1939,1219969.889,6083156.1482,1229969.889,6073156.1482,,
1940,1219969.889,6073156.1482,1229969.889,6063156.1482,,
1941,1219969.889,6063156.1482,1229969.889,6053156.1482,,
1942,1219969.889,6053156.1482,1229969.889,6043156.1482,,
1943,1219969.889,6043156.1482,1229969.889,6033156.1482,,
1944,1219969.889,6033156.1482,1229969.889,6023156.1482,,
1945,1219969.889,6023156.1482,1229969.889,6013156.1482,,
1946,1219969.889,6013156.1482,1229969.889,6003156.1482,,
1947,1219969.889,6003156.1482,1229969.889,5993156.1482,,
1948,1219969.889,5993156.1482,1229969.889,5983156.1482,,
1949,1219969.889,5983156.1482,1229969.889,5973156.1482,,
1950,1219969.889,5973156.1482,1229969.889,5963156.1482,,
1951,1219969.889,5963156.1482,1229969.889,5953156.1482,,
1952,1219969.889,5953156.1482,1229969.889,5943156.1482,,
1953,1219969.889,5943156.1482,1229969.889,5933156.1482,,
1954,1219969.889,5933156.1482,1229969.889,5923156.1482,,
1955,1219969.889,5923156.1482,1229969.889,5913156.1482,,
1956,1219969.889,5913156.1482,1229969.889,5903156.1482,,
1957,1219969.889,5903156.1482,1229969.889,5893156.1482,,
1958,1219969.889,5893156.1482,1229969.889,5883156.1482,,
1959,1219969.889,5883156.1482,1229969.889,5873156.1482,,
1960,1219969.889,5873156.1482,1229969.889,5863156.1482,,
1961,1219969.889,5863156.1482,1229969.889,5853156.1482,,
1962,1219969.889,5853156.1482,1229969.889,5843156.1482,,
1963,1219969.889,5843156.1482,1229969.889,5833156.1482,,
1964,1219969.889,5833156.1482,1229969.889,5823156.1482,,
1965,1219969.889,5823156.1482,1229969.889,5813156.1482,,
1966,1219969.889,5813156.1482,1229969.889,5803156.1482,,
1967,1219969.889,5803156.1482,1229969.889,5793156.1482,,
1968,1219969.889,5793156.1482,1229969.889,5783156.1482,,
1969,1219969.889,5783156.1482,1229969.889,5773156.1482,,
1970,1219969.889,5773156.1482,1229969.889,5763156.1482,,
1971,1219969.889,5763156.1482,1229969.889,5753156.1482,,
1972,1219969.889,5753156.1482,1229969.889,5743156.1482,,
1973,1219969.889,5743156.1482,1229969.889,5733156.1482,,
1974,1219969.889,5733156.1482,1229969.889,5723156.1482,,
1975,1219969.889,5723156.1482,1229969.889,5713156.1482,,
1976,1219969.889,5713156.1482,1229969.889,5703156.1482,,
1977,1219969.889,5703156.1482,1229969.889,5693156.1482,,
1978,1219969.889,5693156.1482,1229969.889,5683156.1482,,
1979,1219969.889,5683156.1482,1229969.889,5673156.1482,,
1980,1219969.889,5673156.1482,1229969.889,5663156.1482,,
1981,1219969.889,5663156.1482,1229969.889,5653156.1482,,
1982,1219969.889,5653156.1482,1229969.889,5643156.1482,,
1983,1219969.889,5643156.1482,1229969.889,5633156.1482,,
1984,1219969.889,5633156.1482,1229969.889,5623156.1482,,
1985,1219969.889,5623156.1482,1229969.889,5613156.1482,,
1986,1219969.889,5613156.1482,1229969.889,5603156.1482,,
1987,1219969.889,5603156.1482,1229969.889,5593156.1482,,
1988,1219969.889,5593156.1482,1229969.889,5583156.1482,,
1989,1219969.889,5583156.1482,1229969.889,5573156.1482,,
1990,1219969.889,5573156.1482,1229969.889,5563156.1482,,
1991,1219969.889,5563156.1482,1229969.889,5553156.1482,,
1992,1219969.889,5553156.1482,1229969.889,5543156.1482,,
1993,1219969.889,5543156.1482,1229969.889,5533156.1482,,
1994,1219969.889,5533156.1482,1229969.889,5523156.1482,,
1995,1219969.889,5523156.1482,1229969.889,5513156.1482,,
1996,1219969.889,5513156.1482,1229969.889,5503156.1482,,
1997,1219969.889,5503156.1482,1229969.889,5493156.1482,,
1998,1219969.889,5493156.1482,1229969.889,5483156.1482,,
1999,1219969.889,5483156.1482,1229969.889,5473156.1482,,
2000,1219969.889,5473156.1482,1229969.889,5463156.1482,,
2001,1219969.889,5463156.1482,1229969.889,5453156.1482,,
2002,1219969.889,5453156.1482,1229969.889,5443156.1482,,
2003,1219969.889,5443156.1482,1229969.889,5433156.1482,,
2004,1219969.889,5433156.1482,1229969.889,5423156.1482,,
2005,1219969.889,5423156.1482,1229969.889,5413156.1482,,
2006,1219969.889,5413156.1482,1229969.889,5403156.1482,,
2007,1219969.889,5403156.1482,1229969.889,5393156.1482,,
2008,1219969.889,5393156.1482,1229969.889,5383156.1482,,
2009,1219969.889,5383156.1482,1229969.889,5373156.1482,,
2010,1219969.889,5373156.1482,1229969.889,5363156.1482,,
2011,1219969.889,5363156.1482,1229969.889,5353156.1482,,
2012,1219969.889,5353156.1482,1229969.889,5343156.1482,,
2013,1219969.889,5343156.1482,1229969.889,5333156.1482,,
2014,1219969.889,5333156.1482,1229969.889,5323156.1482,,
2015,1219969.889,5323156.1482,1229969.889,5313156.1482,,
2016,1219969.889,5313156.1482,1229969.889,5303156.1482,,
2017,1219969.889,5303156.1482,1229969.889,5293156.1482,,
2018,1219969.889,5293156.1482,1229969.889,5283156.1482,,
2019,1219969.889,5283156.1482,1229969.889,5273156.1482,,
2020,1219969.889,5273156.1482,1229969.889,5263156.1482,,
2021,1219969.889,5263156.1482,1229969.889,5253156.1482,,
2022,1219969.889,5253156.1482,1229969.889,5243156.1482,,
2023,1219969.889,5243156.1482,1229969.889,5233156.1482,,
2024,1219969.889,5233156.1482,1229969.889,5223156.1482,,
2025,1219969.889,5223156.1482,1229969.889,5213156.1482,,
2026,1219969.889,5213156.1482,1229969.889,5203156.1482,,
2027,1219969.889,5203156.1482,1229969.889,5193156.1482,,
2028,1219969.889,5193156.1482,1229969.889,5183156.1482,,
2029,1219969.889,5183156.1482,1229969.889,5173156.1482,,
2030,1219969.889,5173156.1482,1229969.889,5163156.1482,,
2031,1219969.889,5163156.1482,1229969.889,5153156.1482,,
2032,1219969.889,5153156.1482,1229969.889,5143156.1482,,
2033,1219969.889,5143156.1482,1229969.889,5133156.1482,,
2034,1219969.889,5133156.1482,1229969.889,5123156.1482,,
2035,1219969.889,5123156.1482,1229969.889,5113156.1482,577546.6359,211870.049
2036,1219969.889,5113156.1482,1229969.889,5103156.1482,5201351.2383,1908089.278
2037,1219969.889,5103156.1482,1229969.889,5093156.1482,9025168.0246,3310837.04
2038,1219969.889,5093156.1482,1229969.889,5083156.1482,7751276.1352,3156072.062
2039,1219969.889,5083156.1482,1229969.889,5073156.1482,5275263.5352,2739394.566
2040,1219969.889,5073156.1482,1229969.889,5063156.1482,5253182.7964,2735802.488
2041,1219969.889,5063156.1482,1229969.889,5053156.1482,43336677.8442,25407834.945
2042,1219969.889,5053156.1482,1229969.889,5043156.1482,63017533.5721,37123745.591
2043,1219969.889,5043156.1482,1229969.889,5033156.1482,64858553.9827,38218660.356
2044,1219969.889,5033156.1482,1229969.889,5023156.1482,65151674.7682,38392997.851
2045,1219969.889,5023156.1482,1229969.889,5013156.1482,65176527.3,38407774.542
2046,1219969.889,5013156.1482,1229969.889,5003156.1482,63865258.6588,38196858.506
2047,1219969.889,5003156.1482,1229969.889,4993156.1482,56840846.8485,37826208.916
2048,1219969.889,4993156.1482,1229969.889,4983156.1482,60793504.7596,42110886.015
2049,1219969.889,4983156.1482,1229969.889,4973156.1482,56036140.0041,37014951.64
2050,1219969.889,4973156.1482,1229969.889,4963156.1482,61736078.8513,46599955.314
2051,1219969.889,4963156.1482,1229969.889,4953156.1482,66831604.1953,55120669.432
2052,1219969.889,4953156.1482,1229969.889,4943156.1482,68018997.2504,57098058.542
2053,1219969.889,4943156.1482,1229969.889,4933156.1482,68019002.2433,57098062.734
2054,1219969.889,4933156.1482,1229969.889,4923156.1482,68019007.3686,57098067.036
2055,1219969.889,4923156.1482,1229969.889,4913156.1482,96339052.4895,87321087.886
2056,1219969.889,4913156.1482,1229969.889,4903156.1482,169302379.2983,166329969.068
2057,1219969.889,4903156.1482,1229969.889,4893156.1482,188486857.1274,189219281.633
2058,1219969.889,4893156.1482,1229969.889,4883156.1482,300696420.5948,330952417.542
2059,1219969.889,4883156.1482,1229969.889,4873156.1482,422117133.9265,491217982.907
2060,1219969.889,4873156.1482,1229969.889,4863156.1482,419502958.8862,493622042.965
2061,1219969.889,4863156.1482,1229969.889,4853156.1482,342722862.7003,398924050.633
2062,1219969.889,4853156.1482,1229969.889,4843156.1482,6968256.4989,8213315.996
2063,1219969.889,4843156.1482,1229969.889,4833156.1482,,
2064,1219969.889,4833156.1482,1229969.889,4823156.1482,,
2065,1219969.889,4823156.1482,1229969.889,4813156.1482,,
2066,1219969.889,4813156.1482,1229969.889,4803156.1482,1663656.4385,958639.041
2067,1219969.889,4803156.1482,1229969.889,4793156.1482,50188978.086,28920101.952
2068,1219969.889,4793156.1482,1229969.889,4783156.1482,34798173.963,20051548.709
2069,1219969.889,4783156.1482,1229969.889,4773156.1482,71723238.8393,41328663.357
2070,1219969.889,4773156.1482,1229969.889,4763156.1482,23103672.9043,13312894.61
2071,1219969.889,4763156.1482,1229969.889,4753156.1482,,
2072,1219969.889,4753156.1482,1229969.889,4743156.1482,,
2073,1229969.889,6223156.1482,1239969.889,6213156.1482,,
2074,1229969.889,6213156.1482,1239969.889,6203156.1482,,
2075,1229969.889,6203156.1482,1239969.889,6193156.1482,,
2076,1229969.889,6193156.1482,1239969.889,6183156.1482,,
2077,1229969.889,6183156.1482,1239969.889,6173156.1482,,
2078,1229969.889,6173156.1482,1239969.889,6163156.1482,,
2079,1229969.889,6163156.1482,1239969.889,6153156.1482,,
2080,1229969.889,6153156.1482,1239969.889,6143156.1482,,
2081,1229969.889,6143156.1482,1239969.889,6133156.1482,,
2082,1229969.889,6133156.1482,1239969.889,6123156.1482,,
2083,1229969.889,6123156.1482,1239969.889,6113156.1482,,
2084,1229969.889,6113156.1482,1239969.889,6103156.1482,,
2085,1229969.889,6103156.1482,1239969.889,6093156.1482,,
2086,1229969.889,6093156.1482,1239969.889,6083156.1482,,
2087,1229969.889,6083156.1482,1239969.889,6073156.1482,,
2088,1229969.889,6073156.1482,1239969.889,6063156.1482,,
2089,1229969.889,6063156.1482,1239969.889,6053156.1482,,
2090,1229969.889,6053156.1482,1239969.889,6043156.1482,,
2091,1229969.889,6043156.1482,1239969.889,6033156.1482,,
2092,1229969.889,6033156.1482,1239969.889,6023156.1482,,
2093,1229969.889,6023156.1482,1239969.889,6013156.1482,,
2094,1229969.889,6013156.1482,1239969.889,6003156.1482,,
2095,1229969.889,6003156.1482,1239969.889,5993156.1482,,
2096,1229969.889,5993156.1482,1239969.889,5983156.1482,,
2097,1229969.889,5983156.1482,1239969.889,5973156.1482,,
2098,1229969.889,5973156.1482,1239969.889,5963156.1482,,
2099,1229969.889,5963156.1482,1239969.889,5953156.1482,,
2100,1229969.889,5953156.1482,1239969.889,5943156.1482,,
2101,1229969.889,5943156.1482,1239969.889,5933156.1482,,
2102,1229969.889,5933156.1482,1239969.889,5923156.1482,,
2103,1229969.889,5923156.1482,1239969.889,5913156.1482,,
2104,1229969.889,5913156.1482,1239969.889,5903156.1482,,
2105,1229969.889,5903156.1482,1239969.889,5893156.1482,,
2106,1229969.889,5893156.1482,1239969.889,5883156.1482,,
2107,1229969.889,5883156.1482,1239969.889,5873156.1482,,
2108,1229969.889,5873156.1482,1239969.889,5863156.1482,,
2109,1229969.889,5863156.1482,1239969.889,5853156.1482,,
2110,1229969.889,5853156.1482,1239969.889,5843156.1482,,
2111,1229969.889,5843156.1482,1239969.889,5833156.1482,,
2112,1229969.889,5833156.1482,1239969.889,5823156.1482,,
2113,1229969.889,5823156.1482,1239969.889,5813156.1482,,
2114,1229969.889,5813156.1482,1239969.889,5803156.1482,,
2115,1229969.889,5803156.1482,1239969.889,5793156.1482,,
2116,1229969.889,5793156.1482,1239969.889,5783156.1482,,
2117,1229969.889,5783156.1482,1239969.889,5773156.1482,,
2118,1229969.889,5773156.1482,1239969.889,5763156.1482,,
2119,1229969.889,5763156.1482,1239969.889,5753156.1482,,
2120,1229969.889,5753156.1482,1239969.889,5743156.1482,,
2121,1229969.889,5743156.1482,1239969.889,5733156.1482,,
2122,1229969.889,5733156.1482,1239969.889,5723156.1482,,
2123,1229969.889,5723156.1482,1239969.889,5713156.1482,,
2124,1229969.889,5713156.1482,1239969.889,5703156.1482,,
2125,1229969.889,5703156.1482,1239969.889,5693156.1482,,
2126,1229969.889,5693156.1482,1239969.889,5683156.1482,,
2127,1229969.889,5683156.1482,1239969.889,5673156.1482,,
2128,1229969.889,5673156.1482,1239969.889,5663156.1482,,
2129,1229969.889,5663156.1482,1239969.889,5653156.1482,,
2130,1229969.889,5653156.1482,1239969.889,5643156.1482,,
2131,1229969.889,5643156.1482,1239969.889,5633156.1482,,
2132,1229969.889,5633156.1482,1239969.889,5623156.1482,,
2133,1229969.889,5623156.1482,1239969.889,5613156.1482,,
2134,1229969.889,5613156.1482,1239969.889,5603156.1482,,
2135,1229969.889,5603156.1482,1239969.889,5593156.1482,,
2136,1229969.889,5593156.1482,1239969.889,5583156.1482,,
2137,1229969.889,5583156.1482,1239969.889,5573156.1482,,
2138,1229969.889,5573156.1482,1239969.889,5563156.1482,,
2139,1229969.889,5563156.1482,1239969.889,5553156.1482,,
2140,1229969.889,5553156.1482,1239969.889,5543156.1482,,
2141,1229969.889,5543156.1482,1239969.889,5533156.1482,,
2142,1229969.889,5533156.1482,1239969.889,5523156.1482,,
2143,1229969.889,5523156.1482,1239969.889,5513156.1482,,
2144,1229969.889,5513156.1482,1239969.889,5503156.1482,,
2145,1229969.889,5503156.1482,1239969.889,5493156.1482,,
2146,1229969.889,5493156.1482,1239969.889,5483156.1482,,
2147,1229969.889,5483156.1482,1239969.889,5473156.1482,,
2148,1229969.889,5473156.1482,1239969.889,5463156.1482,,
2149,1229969.889,5463156.1482,1239969.889,5453156.1482,,
2150,1229969.889,5453156.1482,1239969.889,5443156.1482,,
2151,1229969.889,5443156.1482,1239969.889,5433156.1482,,
2152,1229969.889,5433156.1482,1239969.889,5423156.1482,,
2153,1229969.889,5423156.1482,1239969.889,5413156.1482,,
2154,1229969.889,5413156.1482,1239969.889,5403156.1482,,
2155,1229969.889,5403156.1482,1239969.889,5393156.1482,,
2156,1229969.889,5393156.1482,1239969.889,5383156.1482,,
2157,1229969.889,5383156.1482,1239969.889,5373156.1482,,
2158,1229969.889,5373156.1482,1239969.889,5363156.1482,,
2159,1229969.889,5363156.1482,1239969.889,5353156.1482,,
2160,1229969.889,5353156.1482,1239969.889,5343156.1482,,
2161,1229969.889,5343156.1482,1239969.889,5333156.1482,,
2162,1229969.889,5333156.1482,1239969.889,5323156.1482,,
2163,1229969.889,5323156.1482,1239969.889,5313156.1482,,
2164,1229969.889,5313156.1482,1239969.889,5303156.1482,,
2165,1229969.889,5303156.1482,1239969.889,5293156.1482,,
2166,1229969.889,5293156.1482,1239969.889,5283156.1482,,
2167,1229969.889,5283156.1482,1239969.889,5273156.1482,,
2168,1229969.889,5273156.1482,1239969.889,5263156.1482,,
2169,1229969.889,5263156.1482,1239969.889,5253156.1482,,
2170,1229969.889,5253156.1482,1239969.889,5243156.1482,,
2171,1229969.889,5243156.1482,1239969.889,5233156.1482,,
2172,1229969.889,5233156.1482,1239969.889,5223156.1482,,
2173,1229969.889,5223156.1482,1239969.889,5213156.1482,,
2174,1229969.889,5213156.1482,1239969.889,5203156.1482,,
2175,1229969.889,5203156.1482,1239969.889,5193156.1482,,
2176,1229969.889,5193156.1482,1239969.889,5183156.1482,,
2177,1229969.889,5183156.1482,1239969.889,5173156.1482,,
2178,1229969.889,5173156.1482,1239969.889,5163156.1482,,
2179,1229969.889,5163156.1482,1239969.889,5153156.1482,,
2180,1229969.889,5153156.1482,1239969.889,5143156.1482,,
2181,1229969.889,5143156.1482,1239969.889,5133156.1482,,
2182,1229969.889,5133156.1482,1239969.889,5123156.1482,,
2183,1229969.889,5123156.1482,1239969.889,5113156.1482,4020023.4095,1474725.165
2184,1229969.889,5113156.1482,1239969.889,5103156.1482,9326870.4659,3421515.048
2185,1229969.889,5103156.1482,1239969.889,5093156.1482,9326871.1012,3421515.281
2186,1229969.889,5093156.1482,1239969.889,5083156.1482,9326871.7542,3421515.521
2187,1229969.889,5083156.1482,1239969.889,5073156.1482,8649969.9101,3307601.365
2188,1229969.889,5073156.1482,1239969.889,5063156.1482,9473691.611,3578417
2189,1229969.889,5063156.1482,1239969.889,5053156.1482,63428859.0907,37312756.96
2190,1229969.889,5053156.1482,1239969.889,5043156.1482,65188368.0799,38414752.177
2191,1229969.889,5043156.1482,1239969.889,5033156.1482,65188372.3874,38414754.715
2192,1229969.889,5033156.1482,1239969.889,5023156.1482,96409557.0781,57613974.443
2193,1229969.889,5023156.1482,1239969.889,5013156.1482,852366640.5281,522488411.13
2194,1229969.889,5013156.1482,1239969.889,5003156.1482,987888341.5654,607651537.263
2195,1229969.889,5003156.1482,1239969.889,4993156.1482,272913239.5908,175285324.978
2196,1229969.889,4993156.1482,1239969.889,4983156.1482,68859295.1241,50833980.581
2197,1229969.889,4983156.1482,1239969.889,4973156.1482,67442222.0513,49337820.791
2198,1229969.889,4973156.1482,1239969.889,4963156.1482,68203444.1971,55777019.121
2199,1229969.889,4963156.1482,1239969.889,4953156.1482,68031362.0491,57108438.084
2200,1229969.889,4953156.1482,1239969.889,4943156.1482,68031366.7561,57108442.035
2201,1229969.889,4943156.1482,1239969.889,4933156.1482,68031371.6436,57108446.138
2202,1229969.889,4933156.1482,1239969.889,4923156.1482,68031376.4417,57108450.166
2203,1229969.889,4923156.1482,1239969.889,4913156.1482,74127416.6346,63613122.384
2204,1229969.889,4913156.1482,1239969.889,4903156.1482,383071712.2084,422426652.716
2205,1229969.889,4903156.1482,1239969.889,4893156.1482,428488033.9431,475521466.141
2206,1229969.889,4893156.1482,1239969.889,4883156.1482,428488063.5058,475521498.948
2207,1229969.889,4883156.1482,1239969.889,4873156.1482,2260317196.764,2635174685.813
2208,1229969.889,4873156.1482,1239969.889,4863156.1482,387114358.7823,517616165.907
2209,1229969.889,4863156.1482,1239969.889,4853156.1482,1633852456.206,1915113612.028
2210,1229969.889,4853156.1482,1239969.889,4843156.1482,4131303623.8059,4795369243.889
2211,1229969.889,4843156.1482,1239969.889,4833156.1482,436065137.9039,486282997.679
2212,1229969.889,4833156.1482,1239969.889,4823156.1482,50347478.3451,53266065.131
2213,1229969.889,4823156.1482,1239969.889,4813156.1482,,
2214,1229969.889,4813156.1482,1239969.889,4803156.1482,122488.7133,70580.956
2215,1229969.889,4803156.1482,1239969.889,4793156.1482,3011822.4768,1735484.89
2216,1229969.889,4793156.1482,1239969.889,4783156.1482,15645854.3246,9015519.332
2217,1229969.889,4783156.1482,1239969.889,4773156.1482,36458963.9703,21008536.043
2218,1229969.889,4773156.1482,1239969.889,4763156.1482,4641622.3178,2674614.941
2219,1229969.889,4763156.1482,1239969.889,4753156.1482,,
2220,1229969.889,4753156.1482,1239969.889,4743156.1482,,
2221,1239969.889,6223156.1482,1249969.889,6213156.1482,,
2222,1239969.889,6213156.1482,1249969.889,6203156.1482,,
2223,1239969.889,6203156.1482,1249969.889,6193156.1482,,
2224,1239969.889,6193156.1482,1249969.889,6183156.1482,,
2225,1239969.889,6183156.1482,1249969.889,6173156.1482,,
2226,1239969.889,6173156.1482,1249969.889,6163156.1482,,
2227,1239969.889,6163156.1482,1249969.889,6153156.1482,,
2228,1239969.889,6153156.1482,1249969.889,6143156.1482,,
2229,1239969.889,6143156.1482,1249969.889,6133156.1482,,
2230,1239969.889,6133156.1482,1249969.889,6123156.1482,,
2231,1239969.889,6123156.1482,1249969.889,6113156.1482,,
2232,1239969.889,6113156.1482,1249969.889,6103156.1482,,
2233,1239969.889,6103156.1482,1249969.889,6093156.1482,,
2234,1239969.889,6093156.1482,1249969.889,6083156.1482,,
2235,1239969.889,6083156.1482,1249969.889,6073156.1482,,
2236,1239969.889,6073156.1482,1249969.889,6063156.1482,,
2237,1239969.889,6063156.1482,1249969.889,6053156.1482,,
2238,1239969.889,6053156.1482,1249969.889,6043156.1482,,
2239,1239969.889,6043156.1482,1249969.889,6033156.1482,,
2240,1239969.889,6033156.1482,1249969.889,6023156.1482,,
2241,1239969.889,6023156.1482,1249969.889,6013156.1482,,
2242,1239969.889,6013156.1482,1249969.889,6003156.1482,,
2243,1239969.889,6003156.1482,1249969.889,5993156.1482,,
2244,1239969.889,5993156.1482,1249969.889,5983156.1482,,
2245,1239969.889,5983156.1482,1249969.889,5973156.1482,,
2246,1239969.889,5973156.1482,1249969.889,5963156.1482,,
2247,1239969.889,5963156.1482,1249969.889,5953156.1482,,
2248,1239969.889,5953156.1482,1249969.889,5943156.1482,,
2249,1239969.889,5943156.1482,1249969.889,5933156.1482,,
2250,1239969.889,5933156.1482,1249969.889,5923156.1482,,
2251,1239969.889,5923156.1482,1249969.889,5913156.1482,,
2252,1239969.889,5913156.1482,1249969.889,5903156.1482,,
2253,1239969.889,5903156.1482,1249969.889,5893156.1482,,
2254,1239969.889,5893156.1482,1249969.889,5883156.1482,,
2255,1239969.889,5883156.1482,1249969.889,5873156.1482,,
2256,1239969.889,5873156.1482,1249969.889,5863156.1482,,
2257,1239969.889,5863156.1482,1249969.889,5853156.1482,,
2258,1239969.889,5853156.1482,1249969.889,5843156.1482,,
2259,1239969.889,5843156.1482,1249969.889,5833156.1482,,
2260,1239969.889,5833156.1482,1249969.889,5823156.1482,,
2261,1239969.889,5823156.1482,1249969.889,5813156.1482,,
2262,1239969.889,5813156.1482,1249969.889,5803156.1482,,
2263,1239969.889,5803156.1482,1249969.889,5793156.1482,,
2264,1239969.889,5793156.1482,1249969.889,5783156.1482,,
2265,1239969.889,5783156.1482,1249969.889,5773156.1482,,
2266,1239969.889,5773156.1482,1249969.889,5763156.1482,,
2267,1239969.889,5763156.1482,1249969.889,5753156.1482,,
2268,1239969.889,5753156.1482,1249969.889,5743156.1482,,
2269,1239969.889,5743156.1482,1249969.889,5733156.1482,,
2270,1239969.889,5733156.1482,1249969.889,5723156.1482,,
2271,1239969.889,5723156.1482,1249969.889,5713156.1482,,
2272,1239969.889,5713156.1482,1249969.889,5703156.1482,,
2273,1239969.889,5703156.1482,1249969.889,5693156.1482,,
2274,1239969.889,5693156.1482,1249969.889,5683156.1482,,
2275,1239969.889,5683156.1482,1249969.889,5673156.1482,,
2276,1239969.889,5673156.1482,1249969.889,5663156.1482,,
2277,1239969.889,5663156.1482,1249969.889,5653156.1482,,
2278,1239969.889,5653156.1482,1249969.889,5643156.1482,,
2279,1239969.889,5643156.1482,1249969.889,5633156.1482,,
2280,1239969.889,5633156.1482,1249969.889,5623156.1482,,
2281,1239969.889,5623156.1482,1249969.889,5613156.1482,,
2282,1239969.889,5613156.1482,1249969.889,5603156.1482,,
2283,1239969.889,5603156.1482,1249969.889,5593156.1482,,
2284,1239969.889,5593156.1482,1249969.889,5583156.1482,,
2285,1239969.889,5583156.1482,1249969.889,5573156.1482,,
2286,1239969.889,5573156.1482,1249969.889,5563156.1482,,
2287,1239969.889,5563156.1482,1249969.889,5553156.1482,,
2288,1239969.889,5553156.1482,1249969.889,5543156.1482,,
2289,1239969.889,5543156.1482,1249969.889,5533156.1482,,
2290,1239969.889,5533156.1482,1249969.889,5523156.1482,,
2291,1239969.889,5523156.1482,1249969.889,5513156.1482,,
2292,1239969.889,5513156.1482,1249969.889,5503156.1482,,
2293,1239969.889,5503156.1482,1249969.889,5493156.1482,,
2294,1239969.889,5493156.1482,1249969.889,5483156.1482,,
2295,1239969.889,5483156.1482,1249969.889,5473156.1482,,
2296,1239969.889,5473156.1482,1249969.889,5463156.1482,,
2297,1239969.889,5463156.1482,1249969.889,5453156.1482,,
2298,1239969.889,5453156.1482,1249969.889,5443156.1482,,
2299,1239969.889,5443156.1482,1249969.889,5433156.1482,,
2300,1239969.889,5433156.1482,1249969.889,5423156.1482,,
2301,1239969.889,5423156.1482,1249969.889,5413156.1482,,
2302,1239969.889,5413156.1482,1249969.889,5403156.1482,,
2303,1239969.889,5403156.1482,1249969.889,5393156.1482,,
2304,1239969.889,5393156.1482,1249969.889,5383156.1482,,
2305,1239969.889,5383156.1482,1249969.889,5373156.1482,,
2306,1239969.889,5373156.1482,1249969.889,5363156.1482,,
2307,1239969.889,5363156.1482,1249969.889,5353156.1482,,
2308,1239969.889,5353156.1482,1249969.889,5343156.1482,,
2309,1239969.889,5343156.1482,1249969.889,5333156.1482,,
2310,1239969.889,5333156.1482,1249969.889,5323156.1482,,
2311,1239969.889,5323156.1482,1249969.889,5313156.1482,,
2312,1239969.889,5313156.1482,1249969.889,5303156.1482,,
2313,1239969.889,5303156.1482,1249969.889,5293156.1482,,
2314,1239969.889,5293156.1482,1249969.889,5283156.1482,,
2315,1239969.889,5283156.1482,1249969.889,5273156.1482,,
2316,1239969.889,5273156.1482,1249969.889,5263156.1482,,
2317,1239969.889,5263156.1482,1249969.889,5253156.1482,,
2318,1239969.889,5253156.1482,1249969.889,5243156.1482,,
2319,1239969.889,5243156.1482,1249969.889,5233156.1482,,
2320,1239969.889,5233156.1482,1249969.889,5223156.1482,,
2321,1239969.889,5223156.1482,1249969.889,5213156.1482,,
2322,1239969.889,5213156.1482,1249969.889,5203156.1482,,
2323,1239969.889,5203156.1482,1249969.889,5193156.1482,,
2324,1239969.889,5193156.1482,1249969.889,5183156.1482,,
2325,1239969.889,5183156.1482,1249969.889,5173156.1482,,
2326,1239969.889,5173156.1482,1249969.889,5163156.1482,,
2327,1239969.889,5163156.1482,1249969.889,5153156.1482,,
2328,1239969.889,5153156.1482,1249969.889,5143156.1482,,
2329,1239969.889,5143156.1482,1249969.889,5133156.1482,,
2330,1239969.889,5133156.1482,1249969.889,5123156.1482,17413.0438,6387.887
2331,1239969.889,5123156.1482,1249969.889,5113156.1482,6979403.0382,2560358.548
2332,1239969.889,5113156.1482,1249969.889,5103156.1482,9328521.3907,3422120.681
2333,1239969.889,5103156.1482,1249969.889,5093156.1482,9328522.0369,3422120.918
2334,1239969.889,5093156.1482,1249969.889,5083156.1482,9328522.6436,3422121.141
2335,1239969.889,5083156.1482,1249969.889,5073156.1482,9328523.2465,3422121.362
2336,1239969.889,5073156.1482,1249969.889,5063156.1482,32058541.5585,17660272.483
2337,1239969.889,5063156.1482,1249969.889,5053156.1482,103388886.514,80199623.913
2338,1239969.889,5053156.1482,1249969.889,5043156.1482,143471438.3945,124508965.784
2339,1239969.889,5043156.1482,1249969.889,5033156.1482,154654955.3773,136809332.839
2340,1239969.889,5033156.1482,1249969.889,5023156.1482,165907241.6271,149185342.197
2341,1239969.889,5023156.1482,1249969.889,5013156.1482,190766913.4211,176528848.226
2342,1239969.889,5013156.1482,1249969.889,5003156.1482,294957960.3571,262619970.924
2343,1239969.889,5003156.1482,1249969.889,4993156.1482,1100683971.4327,706736100.494
2344,1239969.889,4993156.1482,1249969.889,4983156.1482,68871481.0358,50842976.584
2345,1239969.889,4983156.1482,1249969.889,4973156.1482,68871485.4333,50842979.83
2346,1239969.889,4973156.1482,1249969.889,4963156.1482,68189370.254,56005884.871
2347,1239969.889,4963156.1482,1249969.889,4953156.1482,68043400.4301,57118543.616
2348,1239969.889,4953156.1482,1249969.889,4943156.1482,68043405.0486,57118547.493
2349,1239969.889,4943156.1482,1249969.889,4933156.1482,68043409.6126,57118551.324
2350,1239969.889,4933156.1482,1249969.889,4923156.1482,111922888.0247,107585564.977
2351,1239969.889,4923156.1482,1249969.889,4913156.1482,176145360.9662,181929894.411
2352,1239969.889,4913156.1482,1249969.889,4903156.1482,395268911.3419,436824405.934
2353,1239969.889,4903156.1482,1249969.889,4893156.1482,324609892.1689,366918018.2
2354,1239969.889,4893156.1482,1249969.889,4883156.1482,210273082.5256,252474339.437
2355,1239969.889,4883156.1482,1249969.889,4873156.1482,202147220.2051,244171953.345
2356,1239969.889,4873156.1482,1249969.889,4863156.1482,386612904.2002,519215454.494
2357,1239969.889,4863156.1482,1249969.889,4853156.1482,4299156025.0951,5395595996.707
2358,1239969.889,4853156.1482,1249969.889,4843156.1482,32486573359.6818,37366738848.776
2359,1239969.889,4843156.1482,1249969.889,4833156.1482,330705023.235,355152323.196
2360,1239969.889,4833156.1482,1249969.889,4823156.1482,1443883558.5777,1488895011.152
2361,1239969.889,4823156.1482,1249969.889,4813156.1482,6753.5388,7252.793
2362,1239969.889,4813156.1482,1249969.889,4803156.1482,25564.2527,14730.74
2363,1239969.889,4803156.1482,1249969.889,4793156.1482,4697.0135,2706.533
2364,1239969.889,4793156.1482,1249969.889,4783156.1482,,
2365,1239969.889,4783156.1482,1249969.889,4773156.1482,,
2366,1239969.889,4773156.1482,1249969.889,4763156.1482,,
2367,1239969.889,4763156.1482,1249969.889,4753156.1482,,
2368,1239969.889,4753156.1482,1249969.889,4743156.1482,,
2369,1249969.889,6223156.1482,1259969.889,6213156.1482,,
2370,1249969.889,6213156.1482,1259969.889,6203156.1482,,
2371,1249969.889,6203156.1482,1259969.889,6193156.1482,,
2372,1249969.889,6193156.1482,1259969.889,6183156.1482,,
2373,1249969.889,6183156.1482,1259969.889,6173156.1482,,
2374,1249969.889,6173156.1482,1259969.889,6163156.1482,,
2375,1249969.889,6163156.1482,1259969.889,6153156.1482,,
2376,1249969.889,6153156.1482,1259969.889,6143156.1482,,
2377,1249969.889,6143156.1482,1259969.889,6133156.1482,,
2378,1249969.889,6133156.1482,1259969.889,6123156.1482,,
2379,1249969.889,6123156.1482,1259969.889,6113156.1482,,
2380,1249969.889,6113156.1482,1259969.889,6103156.1482,,
2381,1249969.889,6103156.1482,1259969.889,6093156.1482,,
2382,1249969.889,6093156.1482,1259969.889,6083156.1482,,
2383,1249969.889,6083156.1482,1259969.889,6073156.1482,,
2384,1249969.889,6073156.1482,1259969.889,6063156.1482,,
2385,1249969.889,6063156.1482,1259969.889,6053156.1482,,
2386,1249969.889,6053156.1482,1259969.889,6043156.1482,,
2387,1249969.889,6043156.1482,1259969.889,6033156.1482,,
2388,1249969.889,6033156.1482,1259969.889,6023156.1482,,
2389,1249969.889,6023156.1482,1259969.889,6013156.1482,,
2390,1249969.889,6013156.1482,1259969.889,6003156.1482,,
2391,1249969.889,6003156.1482,1259969.889,5993156.1482,,
2392,1249969.889,5993156.1482,1259969.889,5983156.1482,,
2393,1249969.889,5983156.1482,1259969.889,5973156.1482,,
2394,1249969.889,5973156.1482,1259969.889,5963156.1482,,
2395,1249969.889,5963156.1482,1259969.889,5953156.1482,,
2396,1249969.889,5953156.1482,1259969.889,5943156.1482,,
2397,1249969.889,5943156.1482,1259969.889,5933156.1482,,
2398,1249969.889,5933156.1482,1259969.889,5923156.1482,,
2399,1249969.889,5923156.1482,1259969.889,5913156.1482,,
2400,1249969.889,5913156.1482,1259969.889,5903156.1482,,
2401,1249969.889,5903156.1482,1259969.889,5893156.1482,,
2402,1249969.889,5893156.1482,1259969.889,5883156.1482,,
2403,1249969.889,5883156.1482,1259969.889,5873156.1482,,
2404,1249969.889,5873156.1482,1259969.889,5863156.1482,,
2405,1249969.889,5863156.1482,1259969.889,5853156.1482,,
2406,1249969.889,5853156.1482,1259969.889,5843156.1482,,
2407,1249969.889,5843156.1482,1259969.889,5833156.1482,,
2408,1249969.889,5833156.1482,1259969.889,5823156.1482,,
2409,1249969.889,5823156.1482,1259969.889,5813156.1482,,
2410,1249969.889,5813156.1482,1259969.889,5803156.1482,,
2411,1249969.889,5803156.1482,1259969.889,5793156.1482,,
2412,1249969.889,5793156.1482,1259969.889,5783156.1482,,
2413,1249969.889,5783156.1482,1259969.889,5773156.1482,,
2414,1249969.889,5773156.1482,1259969.889,5763156.1482,,
2415,1249969.889,5763156.1482,1259969.889,5753156.1482,,
2416,1249969.889,5753156.1482,1259969.889,5743156.1482,,
2417,1249969.889,5743156.1482,1259969.889,5733156.1482,,
2418,1249969.889,5733156.1482,1259969.889,5723156.1482,,
2419,1249969.889,5723156.1482,1259969.889,5713156.1482,,
2420,1249969.889,5713156.1482,1259969.889,5703156.1482,,
2421,1249969.889,5703156.1482,1259969.889,5693156.1482,,
2422,1249969.889,5693156.1482,1259969.889,5683156.1482,,
2423,1249969.889,5683156.1482,1259969.889,5673156.1482,,
2424,1249969.889,5673156.1482,1259969.889,5663156.1482,,
2425,1249969.889,5663156.1482,1259969.889,5653156.1482,,
2426,1249969.889,5653156.1482,1259969.889,5643156.1482,,
2427,1249969.889,5643156.1482,1259969.889,5633156.1482,,
2428,1249969.889,5633156.1482,1259969.889,5623156.1482,,
2429,1249969.889,5623156.1482,1259969.889,5613156.1482,,
2430,1249969.889,5613156.1482,1259969.889,5603156.1482,,
2431,1249969.889,5603156.1482,1259969.889,5593156.1482,,
2432,1249969.889,5593156.1482,1259969.889,5583156.1482,,
2433,1249969.889,5583156.1482,1259969.889,5573156.1482,,
2434,1249969.889,5573156.1482,1259969.889,5563156.1482,,
2435,1249969.889,5563156.1482,1259969.889,5553156.1482,,
2436,1249969.889,5553156.1482,1259969.889,5543156.1482,,
2437,1249969.889,5543156.1482,1259969.889,5533156.1482,,
2438,1249969.889,5533156.1482,1259969.889,5523156.1482,,
2439,1249969.889,5523156.1482,1259969.889,5513156.1482,,
2440,1249969.889,5513156.1482,1259969.889,5503156.1482,,
2441,1249969.889,5503156.1482,1259969.889,5493156.1482,,
2442,1249969.889,5493156.1482,1259969.889,5483156.1482,,
2443,1249969.889,5483156.1482,1259969.889,5473156.1482,,
2444,1249969.889,5473156.1482,1259969.889,5463156.1482,,
2445,1249969.889,5463156.1482,1259969.889,5453156.1482,,
2446,1249969.889,5453156.1482,1259969.889,5443156.1482,,
2447,1249969.889,5443156.1482,1259969.889,5433156.1482,,
2448,1249969.889,5433156.1482,1259969.889,5423156.1482,,
2449,1249969.889,5423156.1482,1259969.889,5413156.1482,,
2450,1249969.889,5413156.1482,1259969.889,5403156.1482,,
2451,1249969.889,5403156.1482,1259969.889,5393156.1482,,
2452,1249969.889,5393156.1482,1259969.889,5383156.1482,,
2453,1249969.889,5383156.1482,1259969.889,5373156.1482,,
2454,1249969.889,5373156.1482,1259969.889,5363156.1482,,
2455,1249969.889,5363156.1482,1259969.889,5353156.1482,,
2456,1249969.889,5353156.1482,1259969.889,5343156.1482,,
2457,1249969.889,5343156.1482,1259969.889,5333156.1482,,
2458,1249969.889,5333156.1482,1259969.889,5323156.1482,,
2459,1249969.889,5323156.1482,1259969.889,5313156.1482,,
2460,1249969.889,5313156.1482,1259969.889,5303156.1482,,
2461,1249969.889,5303156.1482,1259969.889,5293156.1482,,
2462,1249969.889,5293156.1482,1259969.889,5283156.1482,,
2463,1249969.889,5283156.1482,1259969.889,5273156.1482,,
2464,1249969.889,5273156.1482,1259969.889,5263156.1482,,
2465,1249969.889,5263156.1482,1259969.889,5253156.1482,,
2466,1249969.889,5253156.1482,1259969.889,5243156.1482,,
2467,1249969.889,5243156.1482,1259969.889,5233156.1482,,
2468,1249969.889,5233156.1482,1259969.889,5223156.1482,,
2469,1249969.889,5223156.1482,1259969.889,5213156.1482,,
2470,1249969.889,5213156.1482,1259969.889,5203156.1482,,
2471,1249969.889,5203156.1482,1259969.889,5193156.1482,,
2472,1249969.889,5193156.1482,1259969.889,5183156.1482,,
2473,1249969.889,5183156.1482,1259969.889,5173156.1482,,
2474,1249969.889,5173156.1482,1259969.889,5163156.1482,,
2475,1249969.889,5163156.1482,1259969.889,5153156.1482,,
2476,1249969.889,5153156.1482,1259969.889,5143156.1482,,
2477,1249969.889,5143156.1482,1259969.889,5133156.1482,,
2478,1249969.889,5133156.1482,1259969.889,5123156.1482,,
2479,1249969.889,5123156.1482,1259969.889,5113156.1482,6338890.0937,2325389.628
2480,1249969.889,5113156.1482,1259969.889,5103156.1482,9330126.8846,3422709.649
2481,1249969.889,5103156.1482,1259969.889,5093156.1482,9330127.4484,3422709.855
2482,1249969.889,5093156.1482,1259969.889,5083156.1482,9330128.0424,3422710.073
2483,1249969.889,5083156.1482,1259969.889,5073156.1482,13037629.5946,5738279.818
2484,1249969.889,5073156.1482,1259969.889,5063156.1482,63429878.7414,36882637.112
2485,1249969.889,5063156.1482,1259969.889,5053156.1482,187940570.4399,172643661.573
2486,1249969.889,5053156.1482,1259969.889,5043156.1482,247283380.5331,238681698.841
2487,1249969.889,5043156.1482,1259969.889,5033156.1482,247283396.9879,238681714.723
2488,1249969.889,5033156.1482,1259969.889,5023156.1482,247283412.1367,238681729.345
2489,1249969.889,5023156.1482,1259969.889,5013156.1482,247283427.322,238681744.002
2490,1249969.889,5013156.1482,1259969.889,5003156.1482,17240631996.5123,6851683838.248
2491,1249969.889,5003156.1482,1259969.889,4993156.1482,1588502149.0692,1342713674.202
2492,1249969.889,4993156.1482,1259969.889,4983156.1482,68883330.8789,50851724.491
2493,1249969.889,4983156.1482,1259969.889,4973156.1482,68561384.3271,53306904.116
2494,1249969.889,4973156.1482,1259969.889,4963156.1482,68054609.1551,57122107.652
2495,1249969.889,4963156.1482,1259969.889,4953156.1482,68055107.2989,57128370.863
2496,1249969.889,4953156.1482,1259969.889,4943156.1482,68237384.6872,57336797.4
2497,1249969.889,4943156.1482,1259969.889,4933156.1482,122022066.6737,119199697.096
2498,1249969.889,4933156.1482,1259969.889,4923156.1482,165286925.8318,168964452.559
2499,1249969.889,4923156.1482,1259969.889,4913156.1482,171973902.9747,176653940.139
2500,1249969.889,4913156.1482,1259969.889,4903156.1482,170424600.471,171320227.156
2501,1249969.889,4903156.1482,1259969.889,4893156.1482,156755111.6231,147922634.761
2502,1249969.889,4893156.1482,1259969.889,4883156.1482,139793797.2562,178330216.699
2503,1249969.889,4883156.1482,1259969.889,4873156.1482,139182809.1936,179822996.607
2504,1249969.889,4873156.1482,1259969.889,4863156.1482,381916729.5933,491970857.812
2505,1249969.889,4863156.1482,1259969.889,4853156.1482,688851853.5833,822773855.247
2506,1249969.889,4853156.1482,1259969.889,4843156.1482,607060637.9326,699839300.081
2507,1249969.889,4843156.1482,1259969.889,4833156.1482,276338856.623,297671244.233
2508,1249969.889,4833156.1482,1259969.889,4823156.1482,97045802.719,104340570.797
2509,1249969.889,4823156.1482,1259969.889,4813156.1482,725909.4038,418286.54
2510,1249969.889,4813156.1482,1259969.889,4803156.1482,10321456.6168,5947472.713
2511,1249969.889,4803156.1482,1259969.889,4793156.1482,,
2512,1249969.889,4793156.1482,1259969.889,4783156.1482,,
2513,1249969.889,4783156.1482,1259969.889,4773156.1482,,
2514,1249969.889,4773156.1482,1259969.889,4763156.1482,,
2515,1249969.889,4763156.1482,1259969.889,4753156.1482,,
2516,1249969.889,4753156.1482,1259969.889,4743156.1482,,
2517,1259969.889,6223156.1482,1269969.889,6213156.1482,,
2518,1259969.889,6213156.1482,1269969.889,6203156.1482,,
2519,1259969.889,6203156.1482,1269969.889,6193156.1482,,
2520,1259969.889,6193156.1482,1269969.889,6183156.1482,,
2521,1259969.889,6183156.1482,1269969.889,6173156.1482,,
2522,1259969.889,6173156.1482,1269969.889,6163156.1482,,
2523,1259969.889,6163156.1482,1269969.889,6153156.1482,,
2524,1259969.889,6153156.1482,1269969.889,6143156.1482,,
2525,1259969.889,6143156.1482,1269969.889,6133156.1482,,
2526,1259969.889,6133156.1482,1269969.889,6123156.1482,,
2527,1259969.889,6123156.1482,1269969.889,6113156.1482,,
2528,1259969.889,6113156.1482,1269969.889,6103156.1482,,
2529,1259969.889,6103156.1482,1269969.889,6093156.1482,,
2530,1259969.889,6093156.1482,1269969.889,6083156.1482,,
2531,1259969.889,6083156.1482,1269969.889,6073156.1482,,
2532,1259969.889,6073156.1482,1269969.889,6063156.1482,,
2533,1259969.889,6063156.1482,1269969.889,6053156.1482,,
2534,1259969.889,6053156.1482,1269969.889,6043156.1482,,
2535,1259969.889,6043156.1482,1269969.889,6033156.1482,,
2536,1259969.889,6033156.1482,1269969.889,6023156.1482,,
2537,1259969.889,6023156.1482,1269969.889,6013156.1482,,
2538,1259969.889,6013156.1482,1269969.889,6003156.1482,,
2539,1259969.889,6003156.1482,1269969.889,5993156.1482,,
2540,1259969.889,5993156.1482,1269969.889,5983156.1482,,
2541,1259969.889,5983156.1482,1269969.889,5973156.1482,,
2542,1259969.889,5973156.1482,1269969.889,5963156.1482,,
2543,1259969.889,5963156.1482,1269969.889,5953156.1482,,
2544,1259969.889,5953156.1482,1269969.889,5943156.1482,,
2545,1259969.889,5943156.1482,1269969.889,5933156.1482,,
2546,1259969.889,5933156.1482,1269969.889,5923156.1482,,
2547,1259969.889,5923156.1482,1269969.889,5913156.1482,,
2548,1259969.889,5913156.1482,1269969.889,5903156.1482,,
2549,1259969.889,5903156.1482,1269969.889,5893156.1482,,
2550,1259969.889,5893156.1482,1269969.889,5883156.1482,,
2551,1259969.889,5883156.1482,1269969.889,5873156.1482,,
2552,1259969.889,5873156.1482,1269969.889,5863156.1482,,
2553,1259969.889,5863156.1482,1269969.889,5853156.1482,,
2554,1259969.889,5853156.1482,1269969.889,5843156.1482,,
2555,1259969.889,5843156.1482,1269969.889,5833156.1482,,
2556,1259969.889,5833156.1482,1269969.889,5823156.1482,,
2557,1259969.889,5823156.1482,1269969.889,5813156.1482,,
2558,1259969.889,5813156.1482,1269969.889,5803156.1482,,
2559,1259969.889,5803156.1482,1269969.889,5793156.1482,,
2560,1259969.889,5793156.1482,1269969.889,5783156.1482,,
2561,1259969.889,5783156.1482,1269969.889,5773156.1482,,
2562,1259969.889,5773156.1482,1269969.889,5763156.1482,,
2563,1259969.889,5763156.1482,1269969.889,5753156.1482,,
2564,1259969.889,5753156.1482,1269969.889,5743156.1482,,
2565,1259969.889,5743156.1482,1269969.889,5733156.1482,,
2566,1259969.889,5733156.1482,1269969.889,5723156.1482,,
2567,1259969.889,5723156.1482,1269969.889,5713156.1482,,
2568,1259969.889,5713156.1482,1269969.889,5703156.1482,,
2569,1259969.889,5703156.1482,1269969.889,5693156.1482,,
2570,1259969.889,5693156.1482,1269969.889,5683156.1482,,
2571,1259969.889,5683156.1482,1269969.889,5673156.1482,,
2572,1259969.889,5673156.1482,1269969.889,5663156.1482,,
2573,1259969.889,5663156.1482,1269969.889,5653156.1482,,
2574,1259969.889,5653156.1482,1269969.889,5643156.1482,,
2575,1259969.889,5643156.1482,1269969.889,5633156.1482,,
2576,1259969.889,5633156.1482,1269969.889,5623156.1482,,
2577,1259969.889,5623156.1482,1269969.889,5613156.1482,,
2578,1259969.889,5613156.1482,1269969.889,5603156.1482,,
2579,1259969.889,5603156.1482,1269969.889,5593156.1482,,
2580,1259969.889,5593156.1482,1269969.889,5583156.1482,,
2581,1259969.889,5583156.1482,1269969.889,5573156.1482,,
2582,1259969.889,5573156.1482,1269969.889,5563156.1482,,
2583,1259969.889,5563156.1482,1269969.889,5553156.1482,,
2584,1259969.889,5553156.1482,1269969.889,5543156.1482,,
2585,1259969.889,5543156.1482,1269969.889,5533156.1482,,
2586,1259969.889,5533156.1482,1269969.889,5523156.1482,,
2587,1259969.889,5523156.1482,1269969.889,5513156.1482,,
2588,1259969.889,5513156.1482,1269969.889,5503156.1482,,
2589,1259969.889,5503156.1482,1269969.889,5493156.1482,,
2590,1259969.889,5493156.1482,1269969.889,5483156.1482,,
2591,1259969.889,5483156.1482,1269969.889,5473156.1482,,
2592,1259969.889,5473156.1482,1269969.889,5463156.1482,,
2593,1259969.889,5463156.1482,1269969.889,5453156.1482,,
2594,1259969.889,5453156.1482,1269969.889,5443156.1482,,
2595,1259969.889,5443156.1482,1269969.889,5433156.1482,,
2596,1259969.889,5433156.1482,1269969.889,5423156.1482,,
2597,1259969.889,5423156.1482,1269969.889,5413156.1482,,
2598,1259969.889,5413156.1482,1269969.889,5403156.1482,,
2599,1259969.889,5403156.1482,1269969.889,5393156.1482,,
2600,1259969.889,5393156.1482,1269969.889,5383156.1482,,
2601,1259969.889,5383156.1482,1269969.889,5373156.1482,,
2602,1259969.889,5373156.1482,1269969.889,5363156.1482,,
2603,1259969.889,5363156.1482,1269969.889,5353156.1482,,
2604,1259969.889,5353156.1482,1269969.889,5343156.1482,,
2605,1259969.889,5343156.1482,1269969.889,5333156.1482,,
2606,1259969.889,5333156.1482,1269969.889,5323156.1482,,
2607,1259969.889,5323156.1482,1269969.889,5313156.1482,,
2608,1259969.889,5313156.1482,1269969.889,5303156.1482,,
2609,1259969.889,5303156.1482,1269969.889,5293156.1482,,
2610,1259969.889,5293156.1482,1269969.889,5283156.1482,,
2611,1259969.889,5283156.1482,1269969.889,5273156.1482,,
2612,1259969.889,5273156.1482,1269969.889,5263156.1482,,
2613,1259969.889,5263156.1482,1269969.889,5253156.1482,,
2614,1259969.889,5253156.1482,1269969.889,5243156.1482,,
2615,1259969.889,5243156.1482,1269969.889,5233156.1482,,
2616,1259969.889,5233156.1482,1269969.889,5223156.1482,,
2617,1259969.889,5223156.1482,1269969.889,5213156.1482,,
2618,1259969.889,5213156.1482,1269969.889,5203156.1482,,
2619,1259969.889,5203156.1482,1269969.889,5193156.1482,,
2620,1259969.889,5193156.1482,1269969.889,5183156.1482,,
2621,1259969.889,5183156.1482,1269969.889,5173156.1482,,
2622,1259969.889,5173156.1482,1269969.889,5163156.1482,,
2623,1259969.889,5163156.1482,1269969.889,5153156.1482,,
2624,1259969.889,5153156.1482,1269969.889,5143156.1482,,
2625,1259969.889,5143156.1482,1269969.889,5133156.1482,14667.0779,5380.543
2626,1259969.889,5133156.1482,1269969.889,5123156.1482,1737498.7889,637392.604
2627,1259969.889,5123156.1482,1269969.889,5113156.1482,8938962.2302,3279212.882
2628,1259969.889,5113156.1482,1269969.889,5103156.1482,9331686.8078,3423281.898
2629,1259969.889,5103156.1482,1269969.889,5093156.1482,9331687.3653,3423282.103
2630,1259969.889,5093156.1482,1269969.889,5083156.1482,17967493.5881,8737247.595
2631,1259969.889,5083156.1482,1269969.889,5073156.1482,40215421.8505,22427917.353
2632,1259969.889,5073156.1482,1269969.889,5063156.1482,138862073.1212,54616075.618
2633,1259969.889,5063156.1482,1269969.889,5053156.1482,463126896.1741,219248717.276
2634,1259969.889,5053156.1482,1269969.889,5043156.1482,249518025.2572,238824438.096
2635,1259969.889,5043156.1482,1269969.889,5033156.1482,279643270.6792,240286936.153
2636,1259969.889,5033156.1482,1269969.889,5023156.1482,247324749.9362,238721629.221
2637,1259969.889,5023156.1482,1269969.889,5013156.1482,1153578002.368,1099662707.309
2638,1259969.889,5013156.1482,1269969.889,5003156.1482,10943234872.4094,11960846586.61
2639,1259969.889,5003156.1482,1269969.889,4993156.1482,2363721720.493,2128913552.452
2640,1259969.889,4993156.1482,1269969.889,4983156.1482,693786722.4601,439249837.002
2641,1259969.889,4983156.1482,1269969.889,4973156.1482,607501555.6558,380341257.456
2642,1259969.889,4973156.1482,1269969.889,4963156.1482,159072123.8944,112272970.332
2643,1259969.889,4963156.1482,1269969.889,4953156.1482,71158417.192,59474286.45
2644,1259969.889,4953156.1482,1269969.889,4943156.1482,68066486.2387,57137922.832
2645,1259969.889,4943156.1482,1269969.889,4933156.1482,145961507.9279,146274682.941
2646,1259969.889,4933156.1482,1269969.889,4923156.1482,171677809.4408,175554320.638
2647,1259969.889,4923156.1482,1269969.889,4913156.1482,167235449.4957,160696605.593
2648,1259969.889,4913156.1482,1269969.889,4903156.1482,159550092.7448,134919973.971
2649,1259969.889,4903156.1482,1269969.889,4893156.1482,159307562.8523,134077045.443
2650,1259969.889,4893156.1482,1269969.889,4883156.1482,144796477.5647,168704393.088
2651,1259969.889,4883156.1482,1269969.889,4873156.1482,157013487.4679,205366208.53
2652,1259969.889,4873156.1482,1269969.889,4863156.1482,376229546.3246,448123290.494
2653,1259969.889,4863156.1482,1269969.889,4853156.1482,723339212.6397,828712792.287
2654,1259969.889,4853156.1482,1269969.889,4843156.1482,299082943.5289,329372270.549
2655,1259969.889,4843156.1482,1269969.889,4833156.1482,204783511.1935,220979230.053
2656,1259969.889,4833156.1482,1269969.889,4823156.1482,7038454.6196,7595105.063
2657,1259969.889,4823156.1482,1269969.889,4813156.1482,11778.0442,6786.794
2658,1259969.889,4813156.1482,1269969.889,4803156.1482,621505.6249,358126.559
2659,1259969.889,4803156.1482,1269969.889,4793156.1482,,
2660,1259969.889,4793156.1482,1269969.889,4783156.1482,,
2661,1259969.889,4783156.1482,1269969.889,4773156.1482,,
2662,1259969.889,4773156.1482,1269969.889,4763156.1482,,
2663,1259969.889,4763156.1482,1269969.889,4753156.1482,,
2664,1259969.889,4753156.1482,1269969.889,4743156.1482,,
2665,1269969.889,6223156.1482,1279969.889,6213156.1482,,
2666,1269969.889,6213156.1482,1279969.889,6203156.1482,,
2667,1269969.889,6203156.1482,1279969.889,6193156.1482,,
2668,1269969.889,6193156.1482,1279969.889,6183156.1482,,
2669,1269969.889,6183156.1482,1279969.889,6173156.1482,,
2670,1269969.889,6173156.1482,1279969.889,6163156.1482,,
2671,1269969.889,6163156.1482,1279969.889,6153156.1482,,
2672,1269969.889,6153156.1482,1279969.889,6143156.1482,,
2673,1269969.889,6143156.1482,1279969.889,6133156.1482,,
2674,1269969.889,6133156.1482,1279969.889,6123156.1482,,
2675,1269969.889,6123156.1482,1279969.889,6113156.1482,,
2676,1269969.889,6113156.1482,1279969.889,6103156.1482,,
2677,1269969.889,6103156.1482,1279969.889,6093156.1482,,
2678,1269969.889,6093156.1482,1279969.889,6083156.1482,,
2679,1269969.889,6083156.1482,1279969.889,6073156.1482,,
2680,1269969.889,6073156.1482,1279969.889,6063156.1482,,
2681,1269969.889,6063156.1482,1279969.889,6053156.1482,,
2682,1269969.889,6053156.1482,1279969.889,6043156.1482,,
2683,1269969.889,6043156.1482,1279969.889,6033156.1482,,
2684,1269969.889,6033156.1482,1279969.889,6023156.1482,,
2685,1269969.889,6023156.1482,1279969.889,6013156.1482,,
2686,1269969.889,6013156.1482,1279969.889,6003156.1482,,
2687,1269969.889,6003156.1482,1279969.889,5993156.1482,,
2688,1269969.889,5993156.1482,1279969.889,5983156.1482,,
2689,1269969.889,5983156.1482,1279969.889,5973156.1482,,
2690,1269969.889,5973156.1482,1279969.889,5963156.1482,,
2691,1269969.889,5963156.1482,1279969.889,5953156.1482,,
2692,1269969.889,5953156.1482,1279969.889,5943156.1482,,
2693,1269969.889,5943156.1482,1279969.889,5933156.1482,,
2694,1269969.889,5933156.1482,1279969.889,5923156.1482,,
2695,1269969.889,5923156.1482,1279969.889,5913156.1482,,
2696,1269969.889,5913156.1482,1279969.889,5903156.1482,,
2697,1269969.889,5903156.1482,1279969.889,5893156.1482,,
2698,1269969.889,5893156.1482,1279969.889,5883156.1482,,
2699,1269969.889,5883156.1482,1279969.889,5873156.1482,,
2700,1269969.889,5873156.1482,1279969.889,5863156.1482,,
2701,1269969.889,5863156.1482,1279969.889,5853156.1482,,
2702,1269969.889,5853156.1482,1279969.889,5843156.1482,,
2703,1269969.889,5843156.1482,1279969.889,5833156.1482,,
2704,1269969.889,5833156.1482,1279969.889,5823156.1482,,
2705,1269969.889,5823156.1482,1279969.889,5813156.1482,,
2706,1269969.889,5813156.1482,1279969.889,5803156.1482,,
2707,1269969.889,5803156.1482,1279969.889,5793156.1482,,
2708,1269969.889,5793156.1482,1279969.889,5783156.1482,,
2709,1269969.889,5783156.1482,1279969.889,5773156.1482,,
2710,1269969.889,5773156.1482,1279969.889,5763156.1482,,
2711,1269969.889,5763156.1482,1279969.889,5753156.1482,,
2712,1269969.889,5753156.1482,1279969.889,5743156.1482,,
2713,1269969.889,5743156.1482,1279969.889,5733156.1482,,
2714,1269969.889,5733156.1482,1279969.889,5723156.1482,,
2715,1269969.889,5723156.1482,1279969.889,5713156.1482,,
2716,1269969.889,5713156.1482,1279969.889,5703156.1482,,
2717,1269969.889,5703156.1482,1279969.889,5693156.1482,,
2718,1269969.889,5693156.1482,1279969.889,5683156.1482,,
2719,1269969.889,5683156.1482,1279969.889,5673156.1482,,
2720,1269969.889,5673156.1482,1279969.889,5663156.1482,,
2721,1269969.889,5663156.1482,1279969.889,5653156.1482,,
2722,1269969.889,5653156.1482,1279969.889,5643156.1482,,
2723,1269969.889,5643156.1482,1279969.889,5633156.1482,,
2724,1269969.889,5633156.1482,1279969.889,5623156.1482,,
2725,1269969.889,5623156.1482,1279969.889,5613156.1482,,
2726,1269969.889,5613156.1482,1279969.889,5603156.1482,,
2727,1269969.889,5603156.1482,1279969.889,5593156.1482,,
2728,1269969.889,5593156.1482,1279969.889,5583156.1482,,
2729,1269969.889,5583156.1482,1279969.889,5573156.1482,,
2730,1269969.889,5573156.1482,1279969.889,5563156.1482,,
2731,1269969.889,5563156.1482,1279969.889,5553156.1482,,
2732,1269969.889,5553156.1482,1279969.889,5543156.1482,,
2733,1269969.889,5543156.1482,1279969.889,5533156.1482,,
2734,1269969.889,5533156.1482,1279969.889,5523156.1482,,
2735,1269969.889,5523156.1482,1279969.889,5513156.1482,,
2736,1269969.889,5513156.1482,1279969.889,5503156.1482,,
2737,1269969.889,5503156.1482,1279969.889,5493156.1482,,
2738,1269969.889,5493156.1482,1279969.889,5483156.1482,,
2739,1269969.889,5483156.1482,1279969.889,5473156.1482,,
2740,1269969.889,5473156.1482,1279969.889,5463156.1482,,
2741,1269969.889,5463156.1482,1279969.889,5453156.1482,,
2742,1269969.889,5453156.1482,1279969.889,5443156.1482,,
2743,1269969.889,5443156.1482,1279969.889,5433156.1482,,
2744,1269969.889,5433156.1482,1279969.889,5423156.1482,,
2745,1269969.889,5423156.1482,1279969.889,5413156.1482,,
2746,1269969.889,5413156.1482,1279969.889,5403156.1482,,
2747,1269969.889,5403156.1482,1279969.889,5393156.1482,,
2748,1269969.889,5393156.1482,1279969.889,5383156.1482,,
2749,1269969.889,5383156.1482,1279969.889,5373156.1482,,
2750,1269969.889,5373156.1482,1279969.889,5363156.1482,,
2751,1269969.889,5363156.1482,1279969.889,5353156.1482,,
2752,1269969.889,5353156.1482,1279969.889,5343156.1482,,
2753,1269969.889,5343156.1482,1279969.889,5333156.1482,,
2754,1269969.889,5333156.1482,1279969.889,5323156.1482,,
2755,1269969.889,5323156.1482,1279969.889,5313156.1482,,
2756,1269969.889,5313156.1482,1279969.889,5303156.1482,,
2757,1269969.889,5303156.1482,1279969.889,5293156.1482,,
2758,1269969.889,5293156.1482,1279969.889,5283156.1482,,
2759,1269969.889,5283156.1482,1279969.889,5273156.1482,,
2760,1269969.889,5273156.1482,1279969.889,5263156.1482,,
2761,1269969.889,5263156.1482,1279969.889,5253156.1482,,
2762,1269969.889,5253156.1482,1279969.889,5243156.1482,,
2763,1269969.889,5243156.1482,1279969.889,5233156.1482,,
2764,1269969.889,5233156.1482,1279969.889,5223156.1482,,
2765,1269969.889,5223156.1482,1279969.889,5213156.1482,,
2766,1269969.889,5213156.1482,1279969.889,5203156.1482,,
2767,1269969.889,5203156.1482,1279969.889,5193156.1482,,
2768,1269969.889,5193156.1482,1279969.889,5183156.1482,,
2769,1269969.889,5183156.1482,1279969.889,5173156.1482,,
2770,1269969.889,5173156.1482,1279969.889,5163156.1482,,
2771,1269969.889,5163156.1482,1279969.889,5153156.1482,,
2772,1269969.889,5153156.1482,1279969.889,5143156.1482,,
2773,1269969.889,5143156.1482,1279969.889,5133156.1482,763877.727,280224.664
2774,1269969.889,5133156.1482,1279969.889,5123156.1482,8776693.5598,3219685.445
2775,1269969.889,5123156.1482,1279969.889,5113156.1482,9333200.6923,3423837.259
2776,1269969.889,5113156.1482,1279969.889,5103156.1482,10851220.1314,4357832.951
2777,1269969.889,5103156.1482,1279969.889,5093156.1482,36995306.3975,20446058.704
2778,1269969.889,5093156.1482,1279969.889,5083156.1482,68734196.3072,39976770.809
2779,1269969.889,5083156.1482,1279969.889,5073156.1482,68736293.6594,39978050.553
2780,1269969.889,5073156.1482,1279969.889,5063156.1482,104390546.9171,47514130.775
2781,1269969.889,5063156.1482,1279969.889,5053156.1482,595487013.0218,151289039.571
2782,1269969.889,5053156.1482,1279969.889,5043156.1482,1048475698.8492,277257307.774
2783,1269969.889,5043156.1482,1279969.889,5033156.1482,1201547422.4678,284872448.677
2784,1269969.889,5033156.1482,1279969.889,5023156.1482,638648995.873,257661896.932
2785,1269969.889,5023156.1482,1279969.889,5013156.1482,2737352400.757,2085070405.68
2786,1269969.889,5013156.1482,1279969.889,5003156.1482,1233241300.4653,1225676842.661
2787,1269969.889,5003156.1482,1279969.889,4993156.1482,260895906.7611,215514605.333
2788,1269969.889,4993156.1482,1279969.889,4983156.1482,216694476.6008,170623783.143
2789,1269969.889,4983156.1482,1279969.889,4973156.1482,212306824.461,164257147.084
2790,1269969.889,4973156.1482,1279969.889,4963156.1482,259132398.7839,201282751.748
2791,1269969.889,4963156.1482,1279969.889,4953156.1482,157804751.4427,126073944.579
2792,1269969.889,4953156.1482,1279969.889,4943156.1482,122092163.081,102695100.338
2793,1269969.889,4943156.1482,1279969.889,4933156.1482,166167515.8983,157961592.462
2794,1269969.889,4933156.1482,1279969.889,4923156.1482,160862300.858,139270666.031
2795,1269969.889,4923156.1482,1279969.889,4913156.1482,167968894.9055,153121475.248
2796,1269969.889,4913156.1482,1279969.889,4903156.1482,201077240.1296,226165602.739
2797,1269969.889,4903156.1482,1279969.889,4893156.1482,224421847.6485,265359766.189
2798,1269969.889,4893156.1482,1279969.889,4883156.1482,229718094.3751,304187108.002
2799,1269969.889,4883156.1482,1279969.889,4873156.1482,282607802.958,385290063.299
2800,1269969.889,4873156.1482,1279969.889,4863156.1482,555334756.1678,648401200.598
2801,1269969.889,4863156.1482,1279969.889,4853156.1482,636770254.3801,724711335.652
2802,1269969.889,4853156.1482,1279969.889,4843156.1482,171119431.0753,167525409.966
2803,1269969.889,4843156.1482,1279969.889,4833156.1482,162597150.4659,158146623.873
2804,1269969.889,4833156.1482,1279969.889,4823156.1482,4829066.3881,4283460.479
2805,1269969.889,4823156.1482,1279969.889,4813156.1482,,
2806,1269969.889,4813156.1482,1279969.889,4803156.1482,,
2807,1269969.889,4803156.1482,1279969.889,4793156.1482,,
2808,1269969.889,4793156.1482,1279969.889,4783156.1482,,
2809,1269969.889,4783156.1482,1279969.889,4773156.1482,,
2810,1269969.889,4773156.1482,1279969.889,4763156.1482,,
2811,1269969.889,4763156.1482,1279969.889,4753156.1482,,
2812,1269969.889,4753156.1482,1279969.889,4743156.1482,,
2813,1279969.889,6223156.1482,1289969.889,6213156.1482,,
2814,1279969.889,6213156.1482,1289969.889,6203156.1482,,
2815,1279969.889,6203156.1482,1289969.889,6193156.1482,,
2816,1279969.889,6193156.1482,1289969.889,6183156.1482,,
2817,1279969.889,6183156.1482,1289969.889,6173156.1482,,
2818,1279969.889,6173156.1482,1289969.889,6163156.1482,,
2819,1279969.889,6163156.1482,1289969.889,6153156.1482,,
2820,1279969.889,6153156.1482,1289969.889,6143156.1482,,
2821,1279969.889,6143156.1482,1289969.889,6133156.1482,,
2822,1279969.889,6133156.1482,1289969.889,6123156.1482,,
2823,1279969.889,6123156.1482,1289969.889,6113156.1482,,
2824,1279969.889,6113156.1482,1289969.889,6103156.1482,,
2825,1279969.889,6103156.1482,1289969.889,6093156.1482,,
2826,1279969.889,6093156.1482,1289969.889,6083156.1482,,
2827,1279969.889,6083156.1482,1289969.889,6073156.1482,,
2828,1279969.889,6073156.1482,1289969.889,6063156.1482,,
2829,1279969.889,6063156.1482,1289969.889,6053156.1482,,
2830,1279969.889,6053156.1482,1289969.889,6043156.1482,,
2831,1279969.889,6043156.1482,1289969.889,6033156.1482,,
2832,1279969.889,6033156.1482,1289969.889,6023156.1482,,
2833,1279969.889,6023156.1482,1289969.889,6013156.1482,,
2834,1279969.889,6013156.1482,1289969.889,6003156.1482,,
2835,1279969.889,6003156.1482,1289969.889,5993156.1482,,
2836,1279969.889,5993156.1482,1289969.889,5983156.1482,,
2837,1279969.889,5983156.1482,1289969.889,5973156.1482,,
2838,1279969.889,5973156.1482,1289969.889,5963156.1482,,
2839,1279969.889,5963156.1482,1289969.889,5953156.1482,,
2840,1279969.889,5953156.1482,1289969.889,5943156.1482,,
2841,1279969.889,5943156.1482,1289969.889,5933156.1482,,
2842,1279969.889,5933156.1482,1289969.889,5923156.1482,,
2843,1279969.889,5923156.1482,1289969.889,5913156.1482,,
2844,1279969.889,5913156.1482,1289969.889,5903156.1482,,
2845,1279969.889,5903156.1482,1289969.889,5893156.1482,,
2846,1279969.889,5893156.1482,1289969.889,5883156.1482,,
2847,1279969.889,5883156.1482,1289969.889,5873156.1482,,
2848,1279969.889,5873156.1482,1289969.889,5863156.1482,,
2849,1279969.889,5863156.1482,1289969.889,5853156.1482,,
2850,1279969.889,5853156.1482,1289969.889,5843156.1482,,
2851,1279969.889,5843156.1482,1289969.889,5833156.1482,,
2852,1279969.889,5833156.1482,1289969.889,5823156.1482,,
2853,1279969.889,5823156.1482,1289969.889,5813156.1482,,
2854,1279969.889,5813156.1482,1289969.889,5803156.1482,,
2855,1279969.889,5803156.1482,1289969.889,5793156.1482,,
2856,1279969.889,5793156.1482,1289969.889,5783156.1482,,
2857,1279969.889,5783156.1482,1289969.889,5773156.1482,,
2858,1279969.889,5773156.1482,1289969.889,5763156.1482,,
2859,1279969.889,5763156.1482,1289969.889,5753156.1482,,
2860,1279969.889,5753156.1482,1289969.889,5743156.1482,,
2861,1279969.889,5743156.1482,1289969.889,5733156.1482,,
2862,1279969.889,5733156.1482,1289969.889,5723156.1482,,
2863,1279969.889,5723156.1482,1289969.889,5713156.1482,,
2864,1279969.889,5713156.1482,1289969.889,5703156.1482,,
2865,1279969.889,5703156.1482,1289969.889,5693156.1482,,
2866,1279969.889,5693156.1482,1289969.889,5683156.1482,,
2867,1279969.889,5683156.1482,1289969.889,5673156.1482,,
2868,1279969.889,5673156.1482,1289969.889,5663156.1482,,
2869,1279969.889,5663156.1482,1289969.889,5653156.1482,,
2870,1279969.889,5653156.1482,1289969.889,5643156.1482,,
2871,1279969.889,5643156.1482,1289969.889,5633156.1482,,
2872,1279969.889,5633156.1482,1289969.889,5623156.1482,,
2873,1279969.889,5623156.1482,1289969.889,5613156.1482,,
2874,1279969.889,5613156.1482,1289969.889,5603156.1482,,
2875,1279969.889,5603156.1482,1289969.889,5593156.1482,,
2876,1279969.889,5593156.1482,1289969.889,5583156.1482,,
2877,1279969.889,5583156.1482,1289969.889,5573156.1482,,
2878,1279969.889,5573156.1482,1289969.889,5563156.1482,,
2879,1279969.889,5563156.1482,1289969.889,5553156.1482,,
2880,1279969.889,5553156.1482,1289969.889,5543156.1482,,
2881,1279969.889,5543156.1482,1289969.889,5533156.1482,,
2882,1279969.889,5533156.1482,1289969.889,5523156.1482,,
2883,1279969.889,5523156.1482,1289969.889,5513156.1482,,
2884,1279969.889,5513156.1482,1289969.889,5503156.1482,,
2885,1279969.889,5503156.1482,1289969.889,5493156.1482,,
2886,1279969.889,5493156.1482,1289969.889,5483156.1482,,
2887,1279969.889,5483156.1482,1289969.889,5473156.1482,,
2888,1279969.889,5473156.1482,1289969.889,5463156.1482,,
2889,1279969.889,5463156.1482,1289969.889,5453156.1482,,
2890,1279969.889,5453156.1482,1289969.889,5443156.1482,,
2891,1279969.889,5443156.1482,1289969.889,5433156.1482,,
2892,1279969.889,5433156.1482,1289969.889,5423156.1482,,
2893,1279969.889,5423156.1482,1289969.889,5413156.1482,,
2894,1279969.889,5413156.1482,1289969.889,5403156.1482,,
2895,1279969.889,5403156.1482,1289969.889,5393156.1482,,
2896,1279969.889,5393156.1482,1289969.889,5383156.1482,,
2897,1279969.889,5383156.1482,1289969.889,5373156.1482,,
2898,1279969.889,5373156.1482,1289969.889,5363156.1482,,
2899,1279969.889,5363156.1482,1289969.889,5353156.1482,,
2900,1279969.889,5353156.1482,1289969.889,5343156.1482,,
2901,1279969.889,5343156.1482,1289969.889,5333156.1482,,
2902,1279969.889,5333156.1482,1289969.889,5323156.1482,,
2903,1279969.889,5323156.1482,1289969.889,5313156.1482,,
2904,1279969.889,5313156.1482,1289969.889,5303156.1482,,
2905,1279969.889,5303156.1482,1289969.889,5293156.1482,,
2906,1279969.889,5293156.1482,1289969.889,5283156.1482,,
2907,1279969.889,5283156.1482,1289969.889,5273156.1482,,
2908,1279969.889,5273156.1482,1289969.889,5263156.1482,,
2909,1279969.889,5263156.1482,1289969.889,5253156.1482,,
2910,1279969.889,5253156.1482,1289969.889,5243156.1482,,
2911,1279969.889,5243156.1482,1289969.889,5233156.1482,,
2912,1279969.889,5233156.1482,1289969.889,5223156.1482,,
2913,1279969.889,5223156.1482,1289969.889,5213156.1482,,
2914,1279969.889,5213156.1482,1289969.889,5203156.1482,,
2915,1279969.889,5203156.1482,1289969.889,5193156.1482,,
2916,1279969.889,5193156.1482,1289969.889,5183156.1482,,
2917,1279969.889,5183156.1482,1289969.889,5173156.1482,,
2918,1279969.889,5173156.1482,1289969.889,5163156.1482,,
2919,1279969.889,5163156.1482,1289969.889,5153156.1482,,
2920,1279969.889,5153156.1482,1289969.889,5143156.1482,760951.0338,279151.021
2921,1279969.889,5143156.1482,1289969.889,5133156.1482,7503947.571,2752785.045
2922,1279969.889,5133156.1482,1289969.889,5123156.1482,9334669.0915,3424375.934
2923,1279969.889,5123156.1482,1289969.889,5113156.1482,9334669.5708,3424376.11
2924,1279969.889,5113156.1482,1289969.889,5103156.1482,41751126.382,23372124.326
2925,1279969.889,5103156.1482,1289969.889,5093156.1482,68747103.0834,39984337.474
2926,1279969.889,5093156.1482,1289969.889,5083156.1482,68747106.9972,39984339.751
2927,1279969.889,5083156.1482,1289969.889,5073156.1482,68747110.3063,39984341.675
2928,1279969.889,5073156.1482,1289969.889,5063156.1482,69508278.3543,40178891.805
2929,1279969.889,5063156.1482,1289969.889,5053156.1482,699250859.6347,200931607.837
2930,1279969.889,5053156.1482,1289969.889,5043156.1482,1493491176.4005,375957709.828
2931,1279969.889,5043156.1482,1289969.889,5033156.1482,1235551361.3161,286549517.385
2932,1279969.889,5033156.1482,1289969.889,5023156.1482,1235551430.3381,286549533.392
2933,1279969.889,5023156.1482,1289969.889,5013156.1482,643945702.324,253941146.638
2934,1279969.889,5013156.1482,1289969.889,5003156.1482,249110092.7105,235907766.329
2935,1279969.889,5003156.1482,1289969.889,4993156.1482,265204237.7734,208060013.871
2936,1279969.889,4993156.1482,1289969.889,4983156.1482,266023289.9695,206730626.188
2937,1279969.889,4983156.1482,1289969.889,4973156.1482,253959172.0969,198520943.884
2938,1279969.889,4973156.1482,1289969.889,4963156.1482,195573935.2584,158771903.075
2939,1279969.889,4963156.1482,1289969.889,4953156.1482,162429933.4735,136209130.674
2940,1279969.889,4953156.1482,1289969.889,4943156.1482,159358426.8621,134119853.807
2941,1279969.889,4943156.1482,1289969.889,4933156.1482,159799108.9244,135606982.002
2942,1279969.889,4933156.1482,1289969.889,4923156.1482,159247045.6788,142993494.974
2943,1279969.889,4923156.1482,1289969.889,4913156.1482,206805393.6359,240637760.805
2944,1279969.889,4913156.1482,1289969.889,4903156.1482,255630458.8499,346451403.359
2945,1279969.889,4903156.1482,1289969.889,4893156.1482,262269801.3846,355981808.632
2946,1279969.889,4893156.1482,1289969.889,4883156.1482,7054309493.9957,8625042844.105
2947,1279969.889,4883156.1482,1289969.889,4873156.1482,1653162921.0682,1999831296.665
2948,1279969.889,4873156.1482,1289969.889,4863156.1482,195586857.9086,222736843.202
2949,1279969.889,4863156.1482,1289969.889,4853156.1482,141113068.2079,126158306.586
2950,1279969.889,4853156.1482,1289969.889,4843156.1482,138023519.5898,122429108.19
2951,1279969.889,4843156.1482,1289969.889,4833156.1482,138023526.3564,122429114.192
2952,1279969.889,4833156.1482,1289969.889,4823156.1482,108388763.0232,96142596.814
2953,1279969.889,4823156.1482,1289969.889,4813156.1482,,
2954,1279969.889,4813156.1482,1289969.889,4803156.1482,,
2955,1279969.889,4803156.1482,1289969.889,4793156.1482,,
2956,1279969.889,4793156.1482,1289969.889,4783156.1482,,
2957,1279969.889,4783156.1482,1289969.889,4773156.1482,,
2958,1279969.889,4773156.1482,1289969.889,4763156.1482,,
2959,1279969.889,4763156.1482,1289969.889,4753156.1482,,
2960,1279969.889,4753156.1482,1289969.889,4743156.1482,,
2961,1289969.889,6223156.1482,1299969.889,6213156.1482,,
2962,1289969.889,6213156.1482,1299969.889,6203156.1482,,
2963,1289969.889,6203156.1482,1299969.889,6193156.1482,,
2964,1289969.889,6193156.1482,1299969.889,6183156.1482,,
2965,1289969.889,6183156.1482,1299969.889,6173156.1482,,
2966,1289969.889,6173156.1482,1299969.889,6163156.1482,,
2967,1289969.889,6163156.1482,1299969.889,6153156.1482,,
2968,1289969.889,6153156.1482,1299969.889,6143156.1482,,
2969,1289969.889,6143156.1482,1299969.889,6133156.1482,,
2970,1289969.889,6133156.1482,1299969.889,6123156.1482,,
2971,1289969.889,6123156.1482,1299969.889,6113156.1482,,
2972,1289969.889,6113156.1482,1299969.889,6103156.1482,,
2973,1289969.889,6103156.1482,1299969.889,6093156.1482,,
2974,1289969.889,6093156.1482,1299969.889,6083156.1482,,
2975,1289969.889,6083156.1482,1299969.889,6073156.1482,,
2976,1289969.889,6073156.1482,1299969.889,6063156.1482,,
2977,1289969.889,6063156.1482,1299969.889,6053156.1482,,
2978,1289969.889,6053156.1482,1299969.889,6043156.1482,,
2979,1289969.889,6043156.1482,1299969.889,6033156.1482,,
2980,1289969.889,6033156.1482,1299969.889,6023156.1482,,
2981,1289969.889,6023156.1482,1299969.889,6013156.1482,,
2982,1289969.889,6013156.1482,1299969.889,6003156.1482,,
2983,1289969.889,6003156.1482,1299969.889,5993156.1482,,
2984,1289969.889,5993156.1482,1299969.889,5983156.1482,,
2985,1289969.889,5983156.1482,1299969.889,5973156.1482,,
2986,1289969.889,5973156.1482,1299969.889,5963156.1482,,
2987,1289969.889,5963156.1482,1299969.889,5953156.1482,,
2988,1289969.889,5953156.1482,1299969.889,5943156.1482,,
2989,1289969.889,5943156.1482,1299969.889,5933156.1482,,
2990,1289969.889,5933156.1482,1299969.889,5923156.1482,,
2991,1289969.889,5923156.1482,1299969.889,5913156.1482,,
2992,1289969.889,5913156.1482,1299969.889,5903156.1482,,
2993,1289969.889,5903156.1482,1299969.889,5893156.1482,,
2994,1289969.889,5893156.1482,1299969.889,5883156.1482,,
2995,1289969.889,5883156.1482,1299969.889,5873156.1482,,
2996,1289969.889,5873156.1482,1299969.889,5863156.1482,,
2997,1289969.889,5863156.1482,1299969.889,5853156.1482,,
2998,1289969.889,5853156.1482,1299969.889,5843156.1482,,
2999,1289969.889,5843156.1482,1299969.889,5833156.1482,,
3000,1289969.889,5833156.1482,1299969.889,5823156.1482,,
3001,1289969.889,5823156.1482,1299969.889,5813156.1482,,
3002,1289969.889,5813156.1482,1299969.889,5803156.1482,,
3003,1289969.889,5803156.1482,1299969.889,5793156.1482,,
3004,1289969.889,5793156.1482,1299969.889,5783156.1482,,
3005,1289969.889,5783156.1482,1299969.889,5773156.1482,,
3006,1289969.889,5773156.1482,1299969.889,5763156.1482,,
3007,1289969.889,5763156.1482,1299969.889,5753156.1482,,
3008,1289969.889,5753156.1482,1299969.889,5743156.1482,,
3009,1289969.889,5743156.1482,1299969.889,5733156.1482,,
3010,1289969.889,5733156.1482,1299969.889,5723156.1482,,
3011,1289969.889,5723156.1482,1299969.889,5713156.1482,,
3012,1289969.889,5713156.1482,1299969.889,5703156.1482,,
3013,1289969.889,5703156.1482,1299969.889,5693156.1482,,
3014,1289969.889,5693156.1482,1299969.889,5683156.1482,,
3015,1289969.889,5683156.1482,1299969.889,5673156.1482,,
3016,1289969.889,5673156.1482,1299969.889,5663156.1482,,
3017,1289969.889,5663156.1482,1299969.889,5653156.1482,,
3018,1289969.889,5653156.1482,1299969.889,5643156.1482,,
3019,1289969.889,5643156.1482,1299969.889,5633156.1482,,
3020,1289969.889,5633156.1482,1299969.889,5623156.1482,,
3021,1289969.889,5623156.1482,1299969.889,5613156.1482,,
3022,1289969.889,5613156.1482,1299969.889,5603156.1482,,
3023,1289969.889,5603156.1482,1299969.889,5593156.1482,,
3024,1289969.889,5593156.1482,1299969.889,5583156.1482,,
3025,1289969.889,5583156.1482,1299969.889,5573156.1482,,
3026,1289969.889,5573156.1482,1299969.889,5563156.1482,,
3027,1289969.889,5563156.1482,1299969.889,5553156.1482,,
3028,1289969.889,5553156.1482,1299969.889,5543156.1482,,
3029,1289969.889,5543156.1482,1299969.889,5533156.1482,,
3030,1289969.889,5533156.1482,1299969.889,5523156.1482,,
3031,1289969.889,5523156.1482,1299969.889,5513156.1482,,
3032,1289969.889,5513156.1482,1299969.889,5503156.1482,,
3033,1289969.889,5503156.1482,1299969.889,5493156.1482,,
3034,1289969.889,5493156.1482,1299969.889,5483156.1482,,
3035,1289969.889,5483156.1482,1299969.889,5473156.1482,,
3036,1289969.889,5473156.1482,1299969.889,5463156.1482,,
3037,1289969.889,5463156.1482,1299969.889,5453156.1482,,
3038,1289969.889,5453156.1482,1299969.889,5443156.1482,,
3039,1289969.889,5443156.1482,1299969.889,5433156.1482,,
3040,1289969.889,5433156.1482,1299969.889,5423156.1482,,
3041,1289969.889,5423156.1482,1299969.889,5413156.1482,,
3042,1289969.889,5413156.1482,1299969.889,5403156.1482,,
3043,1289969.889,5403156.1482,1299969.889,5393156.1482,,
3044,1289969.889,5393156.1482,1299969.889,5383156.1482,,
3045,1289969.889,5383156.1482,1299969.889,5373156.1482,,
3046,1289969.889,5373156.1482,1299969.889,5363156.1482,,
3047,1289969.889,5363156.1482,1299969.889,5353156.1482,,
3048,1289969.889,5353156.1482,1299969.889,5343156.1482,,
3049,1289969.889,5343156.1482,1299969.889,5333156.1482,,
3050,1289969.889,5333156.1482,1299969.889,5323156.1482,,
3051,1289969.889,5323156.1482,1299969.889,5313156.1482,,
3052,1289969.889,5313156.1482,1299969.889,5303156.1482,,
3053,1289969.889,5303156.1482,1299969.889,5293156.1482,,
3054,1289969.889,5293156.1482,1299969.889,5283156.1482,,
3055,1289969.889,5283156.1482,1299969.889,5273156.1482,,
3056,1289969.889,5273156.1482,1299969.889,5263156.1482,,
3057,1289969.889,5263156.1482,1299969.889,5253156.1482,,
3058,1289969.889,5253156.1482,1299969.889,5243156.1482,,
3059,1289969.889,5243156.1482,1299969.889,5233156.1482,,
3060,1289969.889,5233156.1482,1299969.889,5223156.1482,,
3061,1289969.889,5223156.1482,1299969.889,5213156.1482,,
3062,1289969.889,5213156.1482,1299969.889,5203156.1482,,
3063,1289969.889,5203156.1482,1299969.889,5193156.1482,,
3064,1289969.889,5193156.1482,1299969.889,5183156.1482,,
3065,1289969.889,5183156.1482,1299969.889,5173156.1482,,
3066,1289969.889,5173156.1482,1299969.889,5163156.1482,,
3067,1289969.889,5163156.1482,1299969.889,5153156.1482,1573064.3078,1040246.656
3068,1289969.889,5153156.1482,1299969.889,5143156.1482,8205859.0117,3108641.621
3069,1289969.889,5143156.1482,1299969.889,5133156.1482,9336091.9103,3424897.888
3070,1289969.889,5133156.1482,1299969.889,5123156.1482,9336092.3742,3424898.058
3071,1289969.889,5123156.1482,1299969.889,5113156.1482,9336092.8572,3424898.235
3072,1289969.889,5113156.1482,1299969.889,5103156.1482,48009139.106,27222687.385
3073,1289969.889,5103156.1482,1299969.889,5093156.1482,68757584.7804,39990433.785
3074,1289969.889,5093156.1482,1299969.889,5083156.1482,207105836.1837,75308964.419
3075,1289969.889,5083156.1482,1299969.889,5073156.1482,946289687.5256,263997864.685
3076,1289969.889,5073156.1482,1299969.889,5063156.1482,934545456.3127,264071045.236
3077,1289969.889,5063156.1482,1299969.889,5053156.1482,475131495.2718,143725269.913
3078,1289969.889,5053156.1482,1299969.889,5043156.1482,14265181712.7714,8292280631.36
3079,1289969.889,5043156.1482,1299969.889,5033156.1482,8434481472.2205,3805952427.461
3080,1289969.889,5033156.1482,1299969.889,5023156.1482,1158768516.0337,280272694.827
3081,1289969.889,5023156.1482,1299969.889,5013156.1482,314508414.7127,210733848.496
3082,1289969.889,5013156.1482,1299969.889,5003156.1482,2066662630.2507,1937352266.084
3083,1289969.889,5003156.1482,1299969.889,4993156.1482,2443778292.988,2299642113.986
3084,1289969.889,4993156.1482,1299969.889,4983156.1482,266063839.8734,206762138.117
3085,1289969.889,4983156.1482,1299969.889,4973156.1482,343475579.1978,289324183.893
3086,1289969.889,4973156.1482,1299969.889,4963156.1482,186572549.5867,158390193.603
3087,1289969.889,4963156.1482,1299969.889,4953156.1482,159514421.5672,147303240.93
3088,1289969.889,4953156.1482,1299969.889,4943156.1482,158881990.3851,172922307.91
3089,1289969.889,4943156.1482,1299969.889,4933156.1482,158272802.5829,218005443.723
3090,1289969.889,4933156.1482,1299969.889,4923156.1482,157994254.4168,240586417.462
3091,1289969.889,4923156.1482,1299969.889,4913156.1482,165883804.8639,249151997.714
3092,1289969.889,4913156.1482,1299969.889,4903156.1482,223126477.1534,311215042.603
3093,1289969.889,4903156.1482,1299969.889,4893156.1482,228038935.1846,316539163.102
3094,1289969.889,4893156.1482,1299969.889,4883156.1482,270257927.0871,367447017.765
3095,1289969.889,4883156.1482,1299969.889,4873156.1482,315439310.6925,432319015.745
3096,1289969.889,4873156.1482,1299969.889,4863156.1482,245540400.9227,309966457.687
3097,1289969.889,4863156.1482,1299969.889,4853156.1482,138044545.2922,122447758.33
3098,1289969.889,4853156.1482,1299969.889,4843156.1482,138044551.4662,122447763.807
3099,1289969.889,4843156.1482,1299969.889,4833156.1482,138044558.8574,122447770.363
3100,1289969.889,4833156.1482,1299969.889,4823156.1482,125484740.0184,111307006.643
3101,1289969.889,4823156.1482,1299969.889,4813156.1482,,
3102,1289969.889,4813156.1482,1299969.889,4803156.1482,,
3103,1289969.889,4803156.1482,1299969.889,4793156.1482,,
3104,1289969.889,4793156.1482,1299969.889,4783156.1482,,
3105,1289969.889,4783156.1482,1299969.889,4773156.1482,,
3106,1289969.889,4773156.1482,1299969.889,4763156.1482,,
3107,1289969.889,4763156.1482,1299969.889,4753156.1482,,
3108,1289969.889,4753156.1482,1299969.889,4743156.1482,,
3109,1299969.889,6223156.1482,1309969.889,6213156.1482,,
3110,1299969.889,6213156.1482,1309969.889,6203156.1482,,
3111,1299969.889,6203156.1482,1309969.889,6193156.1482,,
3112,1299969.889,6193156.1482,1309969.889,6183156.1482,,
3113,1299969.889,6183156.1482,1309969.889,6173156.1482,,
3114,1299969.889,6173156.1482,1309969.889,6163156.1482,,
3115,1299969.889,6163156.1482,1309969.889,6153156.1482,,
3116,1299969.889,6153156.1482,1309969.889,6143156.1482,,
3117,1299969.889,6143156.1482,1309969.889,6133156.1482,,
3118,1299969.889,6133156.1482,1309969.889,6123156.1482,,
3119,1299969.889,6123156.1482,1309969.889,6113156.1482,,
3120,1299969.889,6113156.1482,1309969.889,6103156.1482,,
3121,1299969.889,6103156.1482,1309969.889,6093156.1482,,
3122,1299969.889,6093156.1482,1309969.889,6083156.1482,,
3123,1299969.889,6083156.1482,1309969.889,6073156.1482,,
3124,1299969.889,6073156.1482,1309969.889,6063156.1482,,
3125,1299969.889,6063156.1482,1309969.889,6053156.1482,,
3126,1299969.889,6053156.1482,1309969.889,6043156.1482,,
3127,1299969.889,6043156.1482,1309969.889,6033156.1482,,
3128,1299969.889,6033156.1482,1309969.889,6023156.1482,,
3129,1299969.889,6023156.1482,1309969.889,6013156.1482,,
3130,1299969.889,6013156.1482,1309969.889,6003156.1482,,
3131,1299969.889,6003156.1482,1309969.889,5993156.1482,,
3132,1299969.889,5993156.1482,1309969.889,5983156.1482,,
3133,1299969.889,5983156.1482,1309969.889,5973156.1482,,
3134,1299969.889,5973156.1482,1309969.889,5963156.1482,,
3135,1299969.889,5963156.1482,1309969.889,5953156.1482,,
3136,1299969.889,5953156.1482,1309969.889,5943156.1482,,
3137,1299969.889,5943156.1482,1309969.889,5933156.1482,,
3138,1299969.889,5933156.1482,1309969.889,5923156.1482,,
3139,1299969.889,5923156.1482,1309969.889,5913156.1482,,
3140,1299969.889,5913156.1482,1309969.889,5903156.1482,,
3141,1299969.889,5903156.1482,1309969.889,5893156.1482,,
3142,1299969.889,5893156.1482,1309969.889,5883156.1482,,
3143,1299969.889,5883156.1482,1309969.889,5873156.1482,,
3144,1299969.889,5873156.1482,1309969.889,5863156.1482,,
3145,1299969.889,5863156.1482,1309969.889,5853156.1482,,
3146,1299969.889,5853156.1482,1309969.889,5843156.1482,,
3147,1299969.889,5843156.1482,1309969.889,5833156.1482,,
3148,1299969.889,5833156.1482,1309969.889,5823156.1482,,
3149,1299969.889,5823156.1482,1309969.889,5813156.1482,,
3150,1299969.889,5813156.1482,1309969.889,5803156.1482,,
3151,1299969.889,5803156.1482,1309969.889,5793156.1482,,
3152,1299969.889,5793156.1482,1309969.889,5783156.1482,,
3153,1299969.889,5783156.1482,1309969.889,5773156.1482,,
3154,1299969.889,5773156.1482,1309969.889,5763156.1482,,
3155,1299969.889,5763156.1482,1309969.889,5753156.1482,,
3156,1299969.889,5753156.1482,1309969.889,5743156.1482,,
3157,1299969.889,5743156.1482,1309969.889,5733156.1482,,
3158,1299969.889,5733156.1482,1309969.889,5723156.1482,,
3159,1299969.889,5723156.1482,1309969.889,5713156.1482,,
3160,1299969.889,5713156.1482,1309969.889,5703156.1482,,
3161,1299969.889,5703156.1482,1309969.889,5693156.1482,,
3162,1299969.889,5693156.1482,1309969.889,5683156.1482,,
3163,1299969.889,5683156.1482,1309969.889,5673156.1482,,
3164,1299969.889,5673156.1482,1309969.889,5663156.1482,,
3165,1299969.889,5663156.1482,1309969.889,5653156.1482,,
3166,1299969.889,5653156.1482,1309969.889,5643156.1482,,
3167,1299969.889,5643156.1482,1309969.889,5633156.1482,,
3168,1299969.889,5633156.1482,1309969.889,5623156.1482,,
3169,1299969.889,5623156.1482,1309969.889,5613156.1482,,
3170,1299969.889,5613156.1482,1309969.889,5603156.1482,,
3171,1299969.889,5603156.1482,1309969.889,5593156.1482,,
3172,1299969.889,5593156.1482,1309969.889,5583156.1482,,
3173,1299969.889,5583156.1482,1309969.889,5573156.1482,,
3174,1299969.889,5573156.1482,1309969.889,5563156.1482,,
3175,1299969.889,5563156.1482,1309969.889,5553156.1482,,
3176,1299969.889,5553156.1482,1309969.889,5543156.1482,,
3177,1299969.889,5543156.1482,1309969.889,5533156.1482,,
3178,1299969.889,5533156.1482,1309969.889,5523156.1482,,
3179,1299969.889,5523156.1482,1309969.889,5513156.1482,,
3180,1299969.889,5513156.1482,1309969.889,5503156.1482,,
3181,1299969.889,5503156.1482,1309969.889,5493156.1482,,
3182,1299969.889,5493156.1482,1309969.889,5483156.1482,,
3183,1299969.889,5483156.1482,1309969.889,5473156.1482,,
3184,1299969.889,5473156.1482,1309969.889,5463156.1482,,
3185,1299969.889,5463156.1482,1309969.889,5453156.1482,,
3186,1299969.889,5453156.1482,1309969.889,5443156.1482,,
3187,1299969.889,5443156.1482,1309969.889,5433156.1482,,
3188,1299969.889,5433156.1482,1309969.889,5423156.1482,,
3189,1299969.889,5423156.1482,1309969.889,5413156.1482,,
3190,1299969.889,5413156.1482,1309969.889,5403156.1482,,
3191,1299969.889,5403156.1482,1309969.889,5393156.1482,,
3192,1299969.889,5393156.1482,1309969.889,5383156.1482,,
3193,1299969.889,5383156.1482,1309969.889,5373156.1482,,
3194,1299969.889,5373156.1482,1309969.889,5363156.1482,,
3195,1299969.889,5363156.1482,1309969.889,5353156.1482,,
3196,1299969.889,5353156.1482,1309969.889,5343156.1482,,
3197,1299969.889,5343156.1482,1309969.889,5333156.1482,,
3198,1299969.889,5333156.1482,1309969.889,5323156.1482,,
3199,1299969.889,5323156.1482,1309969.889,5313156.1482,,
3200,1299969.889,5313156.1482,1309969.889,5303156.1482,,
3201,1299969.889,5303156.1482,1309969.889,5293156.1482,,
3202,1299969.889,5293156.1482,1309969.889,5283156.1482,,
3203,1299969.889,5283156.1482,1309969.889,5273156.1482,,
3204,1299969.889,5273156.1482,1309969.889,5263156.1482,,
3205,1299969.889,5263156.1482,1309969.889,5253156.1482,,
3206,1299969.889,5253156.1482,1309969.889,5243156.1482,,
3207,1299969.889,5243156.1482,1309969.889,5233156.1482,,
3208,1299969.889,5233156.1482,1309969.889,5223156.1482,,
3209,1299969.889,5223156.1482,1309969.889,5213156.1482,,
3210,1299969.889,5213156.1482,1309969.889,5203156.1482,,
3211,1299969.889,5203156.1482,1309969.889,5193156.1482,,
3212,1299969.889,5193156.1482,1309969.889,5183156.1482,,
3213,1299969.889,5183156.1482,1309969.889,5173156.1482,,
3214,1299969.889,5173156.1482,1309969.889,5163156.1482,,
3215,1299969.889,5163156.1482,1309969.889,5153156.1482,29188432.6613,20422813.433
3216,1299969.889,5153156.1482,1309969.889,5143156.1482,34819590.6007,23141579.178
3217,1299969.889,5143156.1482,1309969.889,5133156.1482,9560070.9027,3597826.123
3218,1299969.889,5133156.1482,1309969.889,5123156.1482,9337470.0448,3425403.45
3219,1299969.889,5123156.1482,1309969.889,5113156.1482,11699060.7355,4878369.987
3220,1299969.889,5113156.1482,1309969.889,5103156.1482,56525951.5546,32463507.374
3221,1299969.889,5103156.1482,1309969.889,5093156.1482,68767729.9261,39996334.353
3222,1299969.889,5093156.1482,1309969.889,5083156.1482,68767733.4948,39996336.428
3223,1299969.889,5083156.1482,1309969.889,5073156.1482,86435174.4595,51379284.361
3224,1299969.889,5073156.1482,1309969.889,5063156.1482,279848043.7924,175998391.683
3225,1299969.889,5063156.1482,1309969.889,5053156.1482,739334057.9976,530772953.405
3226,1299969.889,5053156.1482,1309969.889,5043156.1482,1833592803.7185,1617742003.932
3227,1299969.889,5043156.1482,1309969.889,5033156.1482,1327665240.3479,822192875.806
3228,1299969.889,5033156.1482,1309969.889,5023156.1482,540106550.117,229331644.501
3229,1299969.889,5023156.1482,1309969.889,5013156.1482,266103051.2475,206792609.854
3230,1299969.889,5013156.1482,1309969.889,5003156.1482,3585480440.4893,3129096234.41
3231,1299969.889,5003156.1482,1309969.889,4993156.1482,339988278.9204,278153990.471
3232,1299969.889,4993156.1482,1309969.889,4983156.1482,497490986.0467,432378560.951
3233,1299969.889,4983156.1482,1309969.889,4973156.1482,528447365.0455,462560715.539
3234,1299969.889,4973156.1482,1309969.889,4963156.1482,437568817.416,385096984.42
3235,1299969.889,4963156.1482,1309969.889,4953156.1482,200948978.7744,192725835.809
3236,1299969.889,4953156.1482,1309969.889,4943156.1482,197260053.9263,202370743.016
3237,1299969.889,4943156.1482,1309969.889,4933156.1482,189894432.4419,209560415.592
3238,1299969.889,4933156.1482,1309969.889,4923156.1482,158095292.3368,240519044.925
3239,1299969.889,4923156.1482,1309969.889,4913156.1482,158018109.8111,240627337.161
3240,1299969.889,4913156.1482,1309969.889,4903156.1482,158018116.4295,240627347.239
3241,1299969.889,4903156.1482,1309969.889,4893156.1482,159073845.1412,241776271.813
3242,1299969.889,4893156.1482,1309969.889,4883156.1482,176004819.0691,247791778.715
3243,1299969.889,4883156.1482,1309969.889,4873156.1482,208836903.4177,263444806.03
3244,1299969.889,4873156.1482,1309969.889,4863156.1482,184490913.0963,215285393.157
3245,1299969.889,4863156.1482,1309969.889,4853156.1482,135837615.3016,119048921.544
3246,1299969.889,4853156.1482,1309969.889,4843156.1482,157255982.6704,123862288.398
3247,1299969.889,4843156.1482,1309969.889,4833156.1482,139087921.6189,122540752.92
3248,1299969.889,4833156.1482,1309969.889,4823156.1482,87322731.0217,77456683.582
3249,1299969.889,4823156.1482,1309969.889,4813156.1482,,
3250,1299969.889,4813156.1482,1309969.889,4803156.1482,,
3251,1299969.889,4803156.1482,1309969.889,4793156.1482,,
3252,1299969.889,4793156.1482,1309969.889,4783156.1482,,
3253,1299969.889,4783156.1482,1309969.889,4773156.1482,,
3254,1299969.889,4773156.1482,1309969.889,4763156.1482,,
3255,1299969.889,4763156.1482,1309969.889,4753156.1482,,
3256,1299969.889,4753156.1482,1309969.889,4743156.1482,,
3257,1309969.889,6223156.1482,1319969.889,6213156.1482,,
3258,1309969.889,6213156.1482,1319969.889,6203156.1482,,
3259,1309969.889,6203156.1482,1319969.889,6193156.1482,,
3260,1309969.889,6193156.1482,1319969.889,6183156.1482,,
3261,1309969.889,6183156.1482,1319969.889,6173156.1482,,
3262,1309969.889,6173156.1482,1319969.889,6163156.1482,,
3263,1309969.889,6163156.1482,1319969.889,6153156.1482,,
3264,1309969.889,6153156.1482,1319969.889,6143156.1482,,
3265,1309969.889,6143156.1482,1319969.889,6133156.1482,,
3266,1309969.889,6133156.1482,1319969.889,6123156.1482,,
3267,1309969.889,6123156.1482,1319969.889,6113156.1482,,
3268,1309969.889,6113156.1482,1319969.889,6103156.1482,,
3269,1309969.889,6103156.1482,1319969.889,6093156.1482,,
3270,1309969.889,6093156.1482,1319969.889,6083156.1482,,
3271,1309969.889,6083156.1482,1319969.889,6073156.1482,,
3272,1309969.889,6073156.1482,1319969.889,6063156.1482,,
3273,1309969.889,6063156.1482,1319969.889,6053156.1482,,
3274,1309969.889,6053156.1482,1319969.889,6043156.1482,,
3275,1309969.889,6043156.1482,1319969.889,6033156.1482,,
3276,1309969.889,6033156.1482,1319969.889,6023156.1482,,
3277,1309969.889,6023156.1482,1319969.889,6013156.1482,,
3278,1309969.889,6013156.1482,1319969.889,6003156.1482,,
3279,1309969.889,6003156.1482,1319969.889,5993156.1482,,
3280,1309969.889,5993156.1482,1319969.889,5983156.1482,,
3281,1309969.889,5983156.1482,1319969.889,5973156.1482,,
3282,1309969.889,5973156.1482,1319969.889,5963156.1482,,
3283,1309969.889,5963156.1482,1319969.889,5953156.1482,,
3284,1309969.889,5953156.1482,1319969.889,5943156.1482,,
3285,1309969.889,5943156.1482,1319969.889,5933156.1482,,
3286,1309969.889,5933156.1482,1319969.889,5923156.1482,,
3287,1309969.889,5923156.1482,1319969.889,5913156.1482,,
3288,1309969.889,5913156.1482,1319969.889,5903156.1482,,
3289,1309969.889,5903156.1482,1319969.889,5893156.1482,,
3290,1309969.889,5893156.1482,1319969.889,5883156.1482,,
3291,1309969.889,5883156.1482,1319969.889,5873156.1482,,
3292,1309969.889,5873156.1482,1319969.889,5863156.1482,,
3293,1309969.889,5863156.1482,1319969.889,5853156.1482,,
3294,1309969.889,5853156.1482,1319969.889,5843156.1482,,
3295,1309969.889,5843156.1482,1319969.889,5833156.1482,,
3296,1309969.889,5833156.1482,1319969.889,5823156.1482,,
3297,1309969.889,5823156.1482,1319969.889,5813156.1482,,
3298,1309969.889,5813156.1482,1319969.889,5803156.1482,,
3299,1309969.889,5803156.1482,1319969.889,5793156.1482,,
3300,1309969.889,5793156.1482,1319969.889,5783156.1482,,
3301,1309969.889,5783156.1482,1319969.889,5773156.1482,,
3302,1309969.889,5773156.1482,1319969.889,5763156.1482,,
3303,1309969.889,5763156.1482,1319969.889,5753156.1482,,
3304,1309969.889,5753156.1482,1319969.889,5743156.1482,,
3305,1309969.889,5743156.1482,1319969.889,5733156.1482,,
3306,1309969.889,5733156.1482,1319969.889,5723156.1482,,
3307,1309969.889,5723156.1482,1319969.889,5713156.1482,,
3308,1309969.889,5713156.1482,1319969.889,5703156.1482,,
3309,1309969.889,5703156.1482,1319969.889,5693156.1482,,
3310,1309969.889,5693156.1482,1319969.889,5683156.1482,,
3311,1309969.889,5683156.1482,1319969.889,5673156.1482,,
3312,1309969.889,5673156.1482,1319969.889,5663156.1482,,
3313,1309969.889,5663156.1482,1319969.889,5653156.1482,,
3314,1309969.889,5653156.1482,1319969.889,5643156.1482,,
3315,1309969.889,5643156.1482,1319969.889,5633156.1482,,
3316,1309969.889,5633156.1482,1319969.889,5623156.1482,,
3317,1309969.889,5623156.1482,1319969.889,5613156.1482,,
3318,1309969.889,5613156.1482,1319969.889,5603156.1482,,
3319,1309969.889,5603156.1482,1319969.889,5593156.1482,,
3320,1309969.889,5593156.1482,1319969.889,5583156.1482,,
3321,1309969.889,5583156.1482,1319969.889,5573156.1482,,
3322,1309969.889,5573156.1482,1319969.889,5563156.1482,,
3323,1309969.889,5563156.1482,1319969.889,5553156.1482,,
3324,1309969.889,5553156.1482,1319969.889,5543156.1482,,
3325,1309969.889,5543156.1482,1319969.889,5533156.1482,,
3326,1309969.889,5533156.1482,1319969.889,5523156.1482,,
3327,1309969.889,5523156.1482,1319969.889,5513156.1482,,
3328,1309969.889,5513156.1482,1319969.889,5503156.1482,,
3329,1309969.889,5503156.1482,1319969.889,5493156.1482,,
3330,1309969.889,5493156.1482,1319969.889,5483156.1482,,
3331,1309969.889,5483156.1482,1319969.889,5473156.1482,,
3332,1309969.889,5473156.1482,1319969.889,5463156.1482,,
3333,1309969.889,5463156.1482,1319969.889,5453156.1482,,
3334,1309969.889,5453156.1482,1319969.889,5443156.1482,,
3335,1309969.889,5443156.1482,1319969.889,5433156.1482,,
3336,1309969.889,5433156.1482,1319969.889,5423156.1482,,
3337,1309969.889,5423156.1482,1319969.889,5413156.1482,,
3338,1309969.889,5413156.1482,1319969.889,5403156.1482,,
3339,1309969.889,5403156.1482,1319969.889,5393156.1482,,
3340,1309969.889,5393156.1482,1319969.889,5383156.1482,,
3341,1309969.889,5383156.1482,1319969.889,5373156.1482,,
3342,1309969.889,5373156.1482,1319969.889,5363156.1482,,
3343,1309969.889,5363156.1482,1319969.889,5353156.1482,,
3344,1309969.889,5353156.1482,1319969.889,5343156.1482,,
3345,1309969.889,5343156.1482,1319969.889,5333156.1482,,
3346,1309969.889,5333156.1482,1319969.889,5323156.1482,,
3347,1309969.889,5323156.1482,1319969.889,5313156.1482,,
3348,1309969.889,5313156.1482,1319969.889,5303156.1482,,
3349,1309969.889,5303156.1482,1319969.889,5293156.1482,,
3350,1309969.889,5293156.1482,1319969.889,5283156.1482,,
3351,1309969.889,5283156.1482,1319969.889,5273156.1482,,
3352,1309969.889,5273156.1482,1319969.889,5263156.1482,,
3353,1309969.889,5263156.1482,1319969.889,5253156.1482,,
3354,1309969.889,5253156.1482,1319969.889,5243156.1482,,
3355,1309969.889,5243156.1482,1319969.889,5233156.1482,,
3356,1309969.889,5233156.1482,1319969.889,5223156.1482,,
3357,1309969.889,5223156.1482,1319969.889,5213156.1482,,
3358,1309969.889,5213156.1482,1319969.889,5203156.1482,,
3359,1309969.889,5203156.1482,1319969.889,5193156.1482,,
3360,1309969.889,5193156.1482,1319969.889,5183156.1482,,
3361,1309969.889,5183156.1482,1319969.889,5173156.1482,,
3362,1309969.889,5173156.1482,1319969.889,5163156.1482,3059099.5135,2140417.04
3363,1309969.889,5163156.1482,1319969.889,5153156.1482,50921505.6797,35629196.753
3364,1309969.889,5153156.1482,1319969.889,5143156.1482,51318460.6415,35906941.613
3365,1309969.889,5143156.1482,1319969.889,5133156.1482,19673525.5798,11422185.321
3366,1309969.889,5133156.1482,1319969.889,5123156.1482,10946988.0529,4670148.11
3367,1309969.889,5123156.1482,1319969.889,5113156.1482,15654294.8746,7311946.13
3368,1309969.889,5113156.1482,1319969.889,5103156.1482,59870825.9464,34521463.839
3369,1309969.889,5103156.1482,1319969.889,5093156.1482,68777539.1419,40002039.539
3370,1309969.889,5093156.1482,1319969.889,5083156.1482,131547708.9704,80445305.1
3371,1309969.889,5083156.1482,1319969.889,5073156.1482,160434475.895,99058443.639
3372,1309969.889,5073156.1482,1319969.889,5063156.1482,72695263.0543,42526341.34
3373,1309969.889,5063156.1482,1319969.889,5053156.1482,189923882.6868,142398772.438
3374,1309969.889,5053156.1482,1319969.889,5043156.1482,426313199.9732,361455287.189
3375,1309969.889,5043156.1482,1319969.889,5033156.1482,500689669.4917,431307308.935
3376,1309969.889,5033156.1482,1319969.889,5023156.1482,266140991.2879,206822093.62
3377,1309969.889,5023156.1482,1319969.889,5013156.1482,265185901.1095,206149743.061
3378,1309969.889,5013156.1482,1319969.889,5003156.1482,378737605.4915,332443884.253
3379,1309969.889,5003156.1482,1319969.889,4993156.1482,918743858.555,863154243.728
3380,1309969.889,4993156.1482,1319969.889,4983156.1482,6283353756.2325,6075126544.084
3381,1309969.889,4983156.1482,1319969.889,4973156.1482,3910279215.6714,4237628932.509
3382,1309969.889,4973156.1482,1319969.889,4963156.1482,247608309.7681,228066403.481
3383,1309969.889,4963156.1482,1319969.889,4953156.1482,205538419.9746,193062228.726
3384,1309969.889,4953156.1482,1319969.889,4943156.1482,206222883.6138,193687904.249
3385,1309969.889,4943156.1482,1319969.889,4933156.1482,202923588.8872,196922676.009
3386,1309969.889,4933156.1482,1319969.889,4923156.1482,158664252.6426,240041226.657
3387,1309969.889,4923156.1482,1319969.889,4913156.1482,158040640.5605,240661646.61
3388,1309969.889,4913156.1482,1319969.889,4903156.1482,151646499.9944,228710324.032
3389,1309969.889,4903156.1482,1319969.889,4893156.1482,137467683.6534,198799958.314
3390,1309969.889,4893156.1482,1319969.889,4883156.1482,131323791.034,163568120.126
3391,1309969.889,4883156.1482,1319969.889,4873156.1482,113490972.3908,112108563.98
3392,1309969.889,4873156.1482,1319969.889,4863156.1482,113474064.1373,112045775.151
3393,1309969.889,4863156.1482,1319969.889,4853156.1482,161532788.1434,120312903.232
3394,1309969.889,4853156.1482,1319969.889,4843156.1482,200789482.2057,127067790.51
3395,1309969.889,4843156.1482,1319969.889,4833156.1482,191029153.212,126363669.695
3396,1309969.889,4833156.1482,1319969.889,4823156.1482,72830873.8566,54391831.069
3397,1309969.889,4823156.1482,1319969.889,4813156.1482,,
3398,1309969.889,4813156.1482,1319969.889,4803156.1482,,
3399,1309969.889,4803156.1482,1319969.889,4793156.1482,,
3400,1309969.889,4793156.1482,1319969.889,4783156.1482,,
3401,1309969.889,4783156.1482,1319969.889,4773156.1482,,
3402,1309969.889,4773156.1482,1319969.889,4763156.1482,,
3403,1309969.889,4763156.1482,1319969.889,4753156.1482,,
3404,1309969.889,4753156.1482,1319969.889,4743156.1482,,
3405,1319969.889,6223156.1482,1329969.889,6213156.1482,,
3406,1319969.889,6213156.1482,1329969.889,6203156.1482,,
3407,1319969.889,6203156.1482,1329969.889,6193156.1482,,
3408,1319969.889,6193156.1482,1329969.889,6183156.1482,,
3409,1319969.889,6183156.1482,1329969.889,6173156.1482,,
3410,1319969.889,6173156.1482,1329969.889,6163156.1482,,
3411,1319969.889,6163156.1482,1329969.889,6153156.1482,,
3412,1319969.889,6153156.1482,1329969.889,6143156.1482,,
3413,1319969.889,6143156.1482,1329969.889,6133156.1482,,
3414,1319969.889,6133156.1482,1329969.889,6123156.1482,,
3415,1319969.889,6123156.1482,1329969.889,6113156.1482,,
3416,1319969.889,6113156.1482,1329969.889,6103156.1482,,
3417,1319969.889,6103156.1482,1329969.889,6093156.1482,,
3418,1319969.889,6093156.1482,1329969.889,6083156.1482,,
3419,1319969.889,6083156.1482,1329969.889,6073156.1482,,
3420,1319969.889,6073156.1482,1329969.889,6063156.1482,,
3421,1319969.889,6063156.1482,1329969.889,6053156.1482,,
3422,1319969.889,6053156.1482,1329969.889,6043156.1482,,
3423,1319969.889,6043156.1482,1329969.889,6033156.1482,,
3424,1319969.889,6033156.1482,1329969.889,6023156.1482,,
3425,1319969.889,6023156.1482,1329969.889,6013156.1482,,
3426,1319969.889,6013156.1482,1329969.889,6003156.1482,,
3427,1319969.889,6003156.1482,1329969.889,5993156.1482,,
3428,1319969.889,5993156.1482,1329969.889,5983156.1482,,
3429,1319969.889,5983156.1482,1329969.889,5973156.1482,,
3430,1319969.889,5973156.1482,1329969.889,5963156.1482,,
3431,1319969.889,5963156.1482,1329969.889,5953156.1482,,
3432,1319969.889,5953156.1482,1329969.889,5943156.1482,,
3433,1319969.889,5943156.1482,1329969.889,5933156.1482,,
3434,1319969.889,5933156.1482,1329969.889,5923156.1482,,
3435,1319969.889,5923156.1482,1329969.889,5913156.1482,,
3436,1319969.889,5913156.1482,1329969.889,5903156.1482,,
3437,1319969.889,5903156.1482,1329969.889,5893156.1482,,
3438,1319969.889,5893156.1482,1329969.889,5883156.1482,,
3439,1319969.889,5883156.1482,1329969.889,5873156.1482,,
3440,1319969.889,5873156.1482,1329969.889,5863156.1482,,
3441,1319969.889,5863156.1482,1329969.889,5853156.1482,,
3442,1319969.889,5853156.1482,1329969.889,5843156.1482,,
3443,1319969.889,5843156.1482,1329969.889,5833156.1482,,
3444,1319969.889,5833156.1482,1329969.889,5823156.1482,,
3445,1319969.889,5823156.1482,1329969.889,5813156.1482,,
3446,1319969.889,5813156.1482,1329969.889,5803156.1482,,
3447,1319969.889,5803156.1482,1329969.889,5793156.1482,,
3448,1319969.889,5793156.1482,1329969.889,5783156.1482,,
3449,1319969.889,5783156.1482,1329969.889,5773156.1482,,
3450,1319969.889,5773156.1482,1329969.889,5763156.1482,,
3451,1319969.889,5763156.1482,1329969.889,5753156.1482,,
3452,1319969.889,5753156.1482,1329969.889,5743156.1482,,
3453,1319969.889,5743156.1482,1329969.889,5733156.1482,,
3454,1319969.889,5733156.1482,1329969.889,5723156.1482,,
3455,1319969.889,5723156.1482,1329969.889,5713156.1482,,
3456,1319969.889,5713156.1482,1329969.889,5703156.1482,,
3457,1319969.889,5703156.1482,1329969.889,5693156.1482,,
3458,1319969.889,5693156.1482,1329969.889,5683156.1482,,
3459,1319969.889,5683156.1482,1329969.889,5673156.1482,,
3460,1319969.889,5673156.1482,1329969.889,5663156.1482,,
3461,1319969.889,5663156.1482,1329969.889,5653156.1482,,
3462,1319969.889,5653156.1482,1329969.889,5643156.1482,,
3463,1319969.889,5643156.1482,1329969.889,5633156.1482,,
3464,1319969.889,5633156.1482,1329969.889,5623156.1482,,
3465,1319969.889,5623156.1482,1329969.889,5613156.1482,,
3466,1319969.889,5613156.1482,1329969.889,5603156.1482,,
3467,1319969.889,5603156.1482,1329969.889,5593156.1482,,
3468,1319969.889,5593156.1482,1329969.889,5583156.1482,,
3469,1319969.889,5583156.1482,1329969.889,5573156.1482,,
3470,1319969.889,5573156.1482,1329969.889,5563156.1482,,
3471,1319969.889,5563156.1482,1329969.889,5553156.1482,,
3472,1319969.889,5553156.1482,1329969.889,5543156.1482,,
3473,1319969.889,5543156.1482,1329969.889,5533156.1482,,
3474,1319969.889,5533156.1482,1329969.889,5523156.1482,,
3475,1319969.889,5523156.1482,1329969.889,5513156.1482,,
3476,1319969.889,5513156.1482,1329969.889,5503156.1482,,
3477,1319969.889,5503156.1482,1329969.889,5493156.1482,,
3478,1319969.889,5493156.1482,1329969.889,5483156.1482,,
3479,1319969.889,5483156.1482,1329969.889,5473156.1482,,
3480,1319969.889,5473156.1482,1329969.889,5463156.1482,,
3481,1319969.889,5463156.1482,1329969.889,5453156.1482,,
3482,1319969.889,5453156.1482,1329969.889,5443156.1482,,
3483,1319969.889,5443156.1482,1329969.889,5433156.1482,,
3484,1319969.889,5433156.1482,1329969.889,5423156.1482,,
3485,1319969.889,5423156.1482,1329969.889,5413156.1482,,
3486,1319969.889,5413156.1482,1329969.889,5403156.1482,,
3487,1319969.889,5403156.1482,1329969.889,5393156.1482,,
3488,1319969.889,5393156.1482,1329969.889,5383156.1482,,
3489,1319969.889,5383156.1482,1329969.889,5373156.1482,,
3490,1319969.889,5373156.1482,1329969.889,5363156.1482,,
3491,1319969.889,5363156.1482,1329969.889,5353156.1482,,
3492,1319969.889,5353156.1482,1329969.889,5343156.1482,,
3493,1319969.889,5343156.1482,1329969.889,5333156.1482,,
3494,1319969.889,5333156.1482,1329969.889,5323156.1482,,
3495,1319969.889,5323156.1482,1329969.889,5313156.1482,,
3496,1319969.889,5313156.1482,1329969.889,5303156.1482,,
3497,1319969.889,5303156.1482,1329969.889,5293156.1482,,
3498,1319969.889,5293156.1482,1329969.889,5283156.1482,,
3499,1319969.889,5283156.1482,1329969.889,5273156.1482,,
3500,1319969.889,5273156.1482,1329969.889,5263156.1482,,
3501,1319969.889,5263156.1482,1329969.889,5253156.1482,,
3502,1319969.889,5253156.1482,1329969.889,5243156.1482,,
3503,1319969.889,5243156.1482,1329969.889,5233156.1482,,
3504,1319969.889,5233156.1482,1329969.889,5223156.1482,,
3505,1319969.889,5223156.1482,1329969.889,5213156.1482,,
3506,1319969.889,5213156.1482,1329969.889,5203156.1482,,
3507,1319969.889,5203156.1482,1329969.889,5193156.1482,,
3508,1319969.889,5193156.1482,1329969.889,5183156.1482,,
3509,1319969.889,5183156.1482,1329969.889,5173156.1482,,
3510,1319969.889,5173156.1482,1329969.889,5163156.1482,26018580.5866,18204904.089
3511,1319969.889,5163156.1482,1329969.889,5153156.1482,51325527.3279,35911886.093
3512,1319969.889,5153156.1482,1329969.889,5143156.1482,51325529.5645,35911887.658
3513,1319969.889,5143156.1482,1329969.889,5133156.1482,50896704.1125,35580035.131
3514,1319969.889,5133156.1482,1329969.889,5123156.1482,43223353.0497,28234116.246
3515,1319969.889,5123156.1482,1329969.889,5113156.1482,48683390.6236,27636821.383
3516,1319969.889,5113156.1482,1329969.889,5103156.1482,79064492.6556,39898214.18
3517,1319969.889,5103156.1482,1329969.889,5093156.1482,126195715.9616,39374432.981
3518,1319969.889,5093156.1482,1329969.889,5083156.1482,110567280.9258,39547217.651
3519,1319969.889,5083156.1482,1329969.889,5073156.1482,119738518.725,39446219.668
3520,1319969.889,5073156.1482,1329969.889,5063156.1482,189040948.1913,132287519.511
3521,1319969.889,5063156.1482,1329969.889,5053156.1482,260604848.8633,202141314.819
3522,1319969.889,5053156.1482,1329969.889,5043156.1482,266177619.4529,206850557.908
3523,1319969.889,5043156.1482,1329969.889,5033156.1482,266177631.252,206850567.077
3524,1319969.889,5033156.1482,1329969.889,5023156.1482,266086087.3986,206786224.138
3525,1319969.889,5023156.1482,1329969.889,5013156.1482,169295271.1546,138578354.354
3526,1319969.889,5013156.1482,1329969.889,5003156.1482,67392674.5615,66788982.613
3527,1319969.889,5003156.1482,1329969.889,4993156.1482,580612567.7684,552821433.811
3528,1319969.889,4993156.1482,1329969.889,4983156.1482,1033146897.1335,981383709.595
3529,1319969.889,4983156.1482,1329969.889,4973156.1482,826305754.1663,785499493.86
3530,1319969.889,4973156.1482,1329969.889,4963156.1482,171557410.3717,165435321.1
3531,1319969.889,4963156.1482,1329969.889,4953156.1482,139178772.8533,132404605.099
3532,1319969.889,4953156.1482,1329969.889,4943156.1482,206251277.5935,193714572.34
3533,1319969.889,4943156.1482,1329969.889,4933156.1482,206250609.6354,193714426.969
3534,1319969.889,4933156.1482,1329969.889,4923156.1482,197934890.0177,201303842.82
3535,1319969.889,4923156.1482,1329969.889,4913156.1482,119815626.4766,164287112.022
3536,1319969.889,4913156.1482,1329969.889,4903156.1482,90755177.6391,114054646.546
3537,1319969.889,4903156.1482,1329969.889,4893156.1482,222222537.5827,345843559.927
3538,1319969.889,4893156.1482,1329969.889,4883156.1482,183404107.1317,255697286.516
3539,1319969.889,4883156.1482,1329969.889,4873156.1482,116093500.9303,117408577.191
3540,1319969.889,4873156.1482,1329969.889,4863156.1482,113489684.4916,112061198.893
3541,1319969.889,4863156.1482,1329969.889,4853156.1482,187707108.6991,124829652.561
3542,1319969.889,4853156.1482,1329969.889,4843156.1482,200817120.8399,127085281.367
3543,1319969.889,4843156.1482,1329969.889,4833156.1482,186059151.0466,117745834.931
3544,1319969.889,4833156.1482,1329969.889,4823156.1482,26756236.7936,16932440.158
3545,1319969.889,4823156.1482,1329969.889,4813156.1482,,
3546,1319969.889,4813156.1482,1329969.889,4803156.1482,,
3547,1319969.889,4803156.1482,1329969.889,4793156.1482,,
3548,1319969.889,4793156.1482,1329969.889,4783156.1482,,
3549,1319969.889,4783156.1482,1329969.889,4773156.1482,,
3550,1319969.889,4773156.1482,1329969.889,4763156.1482,,
3551,1319969.889,4763156.1482,1329969.889,4753156.1482,,
3552,1319969.889,4753156.1482,1329969.889,4743156.1482,,
3553,1329969.889,6223156.1482,1339969.889,6213156.1482,,
3554,1329969.889,6213156.1482,1339969.889,6203156.1482,,
3555,1329969.889,6203156.1482,1339969.889,6193156.1482,,
3556,1329969.889,6193156.1482,1339969.889,6183156.1482,,
3557,1329969.889,6183156.1482,1339969.889,6173156.1482,,
3558,1329969.889,6173156.1482,1339969.889,6163156.1482,,
3559,1329969.889,6163156.1482,1339969.889,6153156.1482,,
3560,1329969.889,6153156.1482,1339969.889,6143156.1482,,
3561,1329969.889,6143156.1482,1339969.889,6133156.1482,,
3562,1329969.889,6133156.1482,1339969.889,6123156.1482,,
3563,1329969.889,6123156.1482,1339969.889,6113156.1482,,
3564,1329969.889,6113156.1482,1339969.889,6103156.1482,,
3565,1329969.889,6103156.1482,1339969.889,6093156.1482,,
3566,1329969.889,6093156.1482,1339969.889,6083156.1482,,
3567,1329969.889,6083156.1482,1339969.889,6073156.1482,,
3568,1329969.889,6073156.1482,1339969.889,6063156.1482,,
3569,1329969.889,6063156.1482,1339969.889,6053156.1482,,
3570,1329969.889,6053156.1482,1339969.889,6043156.1482,,
3571,1329969.889,6043156.1482,1339969.889,6033156.1482,,
3572,1329969.889,6033156.1482,1339969.889,6023156.1482,,
3573,1329969.889,6023156.1482,1339969.889,6013156.1482,,
3574,1329969.889,6013156.1482,1339969.889,6003156.1482,,
3575,1329969.889,6003156.1482,1339969.889,5993156.1482,,
3576,1329969.889,5993156.1482,1339969.889,5983156.1482,,
3577,1329969.889,5983156.1482,1339969.889,5973156.1482,,
3578,1329969.889,5973156.1482,1339969.889,5963156.1482,,
3579,1329969.889,5963156.1482,1339969.889,5953156.1482,,
3580,1329969.889,5953156.1482,1339969.889,5943156.1482,,
3581,1329969.889,5943156.1482,1339969.889,5933156.1482,,
3582,1329969.889,5933156.1482,1339969.889,5923156.1482,,
3583,1329969.889,5923156.1482,1339969.889,5913156.1482,,
3584,1329969.889,5913156.1482,1339969.889,5903156.1482,,
3585,1329969.889,5903156.1482,1339969.889,5893156.1482,,
3586,1329969.889,5893156.1482,1339969.889,5883156.1482,,
3587,1329969.889,5883156.1482,1339969.889,5873156.1482,,
3588,1329969.889,5873156.1482,1339969.889,5863156.1482,,
3589,1329969.889,5863156.1482,1339969.889,5853156.1482,,
3590,1329969.889,5853156.1482,1339969.889,5843156.1482,,
3591,1329969.889,5843156.1482,1339969.889,5833156.1482,,
3592,1329969.889,5833156.1482,1339969.889,5823156.1482,,
3593,1329969.889,5823156.1482,1339969.889,5813156.1482,,
3594,1329969.889,5813156.1482,1339969.889,5803156.1482,,
3595,1329969.889,5803156.1482,1339969.889,5793156.1482,,
3596,1329969.889,5793156.1482,1339969.889,5783156.1482,,
3597,1329969.889,5783156.1482,1339969.889,5773156.1482,,
3598,1329969.889,5773156.1482,1339969.889,5763156.1482,,
3599,1329969.889,5763156.1482,1339969.889,5753156.1482,,
3600,1329969.889,5753156.1482,1339969.889,5743156.1482,,
3601,1329969.889,5743156.1482,1339969.889,5733156.1482,,
3602,1329969.889,5733156.1482,1339969.889,5723156.1482,,
3603,1329969.889,5723156.1482,1339969.889,5713156.1482,,
3604,1329969.889,5713156.1482,1339969.889,5703156.1482,,
3605,1329969.889,5703156.1482,1339969.889,5693156.1482,,
3606,1329969.889,5693156.1482,1339969.889,5683156.1482,,
3607,1329969.889,5683156.1482,1339969.889,5673156.1482,,
3608,1329969.889,5673156.1482,1339969.889,5663156.1482,,
3609,1329969.889,5663156.1482,1339969.889,5653156.1482,,
3610,1329969.889,5653156.1482,1339969.889,5643156.1482,,
3611,1329969.889,5643156.1482,1339969.889,5633156.1482,,
3612,1329969.889,5633156.1482,1339969.889,5623156.1482,,
3613,1329969.889,5623156.1482,1339969.889,5613156.1482,,
3614,1329969.889,5613156.1482,1339969.889,5603156.1482,,
3615,1329969.889,5603156.1482,1339969.889,5593156.1482,,
3616,1329969.889,5593156.1482,1339969.889,5583156.1482,,
3617,1329969.889,5583156.1482,1339969.889,5573156.1482,,
3618,1329969.889,5573156.1482,1339969.889,5563156.1482,,
3619,1329969.889,5563156.1482,1339969.889,5553156.1482,,
3620,1329969.889,5553156.1482,1339969.889,5543156.1482,,
3621,1329969.889,5543156.1482,1339969.889,5533156.1482,,
3622,1329969.889,5533156.1482,1339969.889,5523156.1482,,
3623,1329969.889,5523156.1482,1339969.889,5513156.1482,,
3624,1329969.889,5513156.1482,1339969.889,5503156.1482,,
3625,1329969.889,5503156.1482,1339969.889,5493156.1482,,
3626,1329969.889,5493156.1482,1339969.889,5483156.1482,,
3627,1329969.889,5483156.1482,1339969.889,5473156.1482,,
3628,1329969.889,5473156.1482,1339969.889,5463156.1482,,
3629,1329969.889,5463156.1482,1339969.889,5453156.1482,,
3630,1329969.889,5453156.1482,1339969.889,5443156.1482,,
3631,1329969.889,5443156.1482,1339969.889,5433156.1482,,
3632,1329969.889,5433156.1482,1339969.889,5423156.1482,,
3633,1329969.889,5423156.1482,1339969.889,5413156.1482,,
3634,1329969.889,5413156.1482,1339969.889,5403156.1482,,
3635,1329969.889,5403156.1482,1339969.889,5393156.1482,,
3636,1329969.889,5393156.1482,1339969.889,5383156.1482,,
3637,1329969.889,5383156.1482,1339969.889,5373156.1482,,
3638,1329969.889,5373156.1482,1339969.889,5363156.1482,,
3639,1329969.889,5363156.1482,1339969.889,5353156.1482,,
3640,1329969.889,5353156.1482,1339969.889,5343156.1482,,
3641,1329969.889,5343156.1482,1339969.889,5333156.1482,,
3642,1329969.889,5333156.1482,1339969.889,5323156.1482,,
3643,1329969.889,5323156.1482,1339969.889,5313156.1482,,
3644,1329969.889,5313156.1482,1339969.889,5303156.1482,,
3645,1329969.889,5303156.1482,1339969.889,5293156.1482,,
3646,1329969.889,5293156.1482,1339969.889,5283156.1482,,
3647,1329969.889,5283156.1482,1339969.889,5273156.1482,,
3648,1329969.889,5273156.1482,1339969.889,5263156.1482,,
3649,1329969.889,5263156.1482,1339969.889,5253156.1482,,
3650,1329969.889,5253156.1482,1339969.889,5243156.1482,,
3651,1329969.889,5243156.1482,1339969.889,5233156.1482,,
3652,1329969.889,5233156.1482,1339969.889,5223156.1482,,
3653,1329969.889,5223156.1482,1339969.889,5213156.1482,,
3654,1329969.889,5213156.1482,1339969.889,5203156.1482,,
3655,1329969.889,5203156.1482,1339969.889,5193156.1482,,
3656,1329969.889,5193156.1482,1339969.889,5183156.1482,1208274.4518,845415.853
3657,1329969.889,5183156.1482,1339969.889,5173156.1482,23670347.0505,16561871.866
3658,1329969.889,5173156.1482,1339969.889,5163156.1482,50288448.3348,35186253.749
3659,1329969.889,5163156.1482,1339969.889,5153156.1482,51332345.1427,35916656.44
3660,1329969.889,5153156.1482,1339969.889,5143156.1482,51332347.082,35916657.797
3661,1329969.889,5143156.1482,1339969.889,5133156.1482,51332349.0484,35916659.173
3662,1329969.889,5133156.1482,1339969.889,5123156.1482,91533862.1914,37551134.343
3663,1329969.889,5123156.1482,1339969.889,5113156.1482,132386981.8769,39311385.147
3664,1329969.889,5113156.1482,1339969.889,5103156.1482,188610769.1136,38688387.478
3665,1329969.889,5103156.1482,1339969.889,5093156.1482,196577549.9542,38604170.209
3666,1329969.889,5093156.1482,1339969.889,5083156.1482,196577557.3588,38604171.663
3667,1329969.889,5083156.1482,1339969.889,5073156.1482,196577564.8019,38604173.124
3668,1329969.889,5073156.1482,1339969.889,5063156.1482,214217705.6584,81193884.69
3669,1329969.889,5063156.1482,1339969.889,5053156.1482,237835374.422,138340220.68
3670,1329969.889,5053156.1482,1339969.889,5043156.1482,266212969.7257,206878029.127
3671,1329969.889,5043156.1482,1339969.889,5033156.1482,266212978.7993,206878036.178
3672,1329969.889,5033156.1482,1339969.889,5023156.1482,136817547.3659,115694317.635
3673,1329969.889,5023156.1482,1339969.889,5013156.1482,67555984.6177,66885770.847
3674,1329969.889,5013156.1482,1339969.889,5003156.1482,67317543.1745,66718099.335
3675,1329969.889,5003156.1482,1339969.889,4993156.1482,69274929.0157,68571884.397
3676,1329969.889,4993156.1482,1339969.889,4983156.1482,93233723.5456,91261263.344
3677,1329969.889,4983156.1482,1339969.889,4973156.1482,67317550.9508,66718107.042
3678,1329969.889,4973156.1482,1339969.889,4963156.1482,67318295.157,66718453.133
3679,1329969.889,4963156.1482,1339969.889,4953156.1482,135290790.6196,125870493.639
3680,1329969.889,4953156.1482,1339969.889,4943156.1482,205943160.8936,193352424.998
3681,1329969.889,4943156.1482,1339969.889,4933156.1482,200888202.1926,187178177.129
3682,1329969.889,4933156.1482,1339969.889,4923156.1482,187123293.8658,178959827.51
3683,1329969.889,4923156.1482,1339969.889,4913156.1482,88698095.6261,102986966.909
3684,1329969.889,4913156.1482,1339969.889,4903156.1482,81324578.2209,97299762.567
3685,1329969.889,4903156.1482,1339969.889,4893156.1482,212902072.0109,330856190.914
3686,1329969.889,4893156.1482,1339969.889,4883156.1482,261886789.2278,416906360.695
3687,1329969.889,4883156.1482,1339969.889,4873156.1482,241120703.0763,374239111.138
3688,1329969.889,4873156.1482,1339969.889,4863156.1482,127875319.3636,134030452.545
3689,1329969.889,4863156.1482,1339969.889,4853156.1482,199916303.8749,126930695.857
3690,1329969.889,4853156.1482,1339969.889,4843156.1482,200843779.8555,127102152.282
3691,1329969.889,4843156.1482,1339969.889,4833156.1482,108819910.3472,68865686.685
3692,1329969.889,4833156.1482,1339969.889,4823156.1482,,
3693,1329969.889,4823156.1482,1339969.889,4813156.1482,,
3694,1329969.889,4813156.1482,1339969.889,4803156.1482,,
3695,1329969.889,4803156.1482,1339969.889,4793156.1482,,
3696,1329969.889,4793156.1482,1339969.889,4783156.1482,,
3697,1329969.889,4783156.1482,1339969.889,4773156.1482,,
3698,1329969.889,4773156.1482,1339969.889,4763156.1482,,
3699,1329969.889,4763156.1482,1339969.889,4753156.1482,,
3700,1329969.889,4753156.1482,1339969.889,4743156.1482,,
3701,1339969.889,6223156.1482,1349969.889,6213156.1482,,
3702,1339969.889,6213156.1482,1349969.889,6203156.1482,,
3703,1339969.889,6203156.1482,1349969.889,6193156.1482,,
3704,1339969.889,6193156.1482,1349969.889,6183156.1482,,
3705,1339969.889,6183156.1482,1349969.889,6173156.1482,,
3706,1339969.889,6173156.1482,1349969.889,6163156.1482,,
3707,1339969.889,6163156.1482,1349969.889,6153156.1482,,
3708,1339969.889,6153156.1482,1349969.889,6143156.1482,,
3709,1339969.889,6143156.1482,1349969.889,6133156.1482,,
3710,1339969.889,6133156.1482,1349969.889,6123156.1482,,
3711,1339969.889,6123156.1482,1349969.889,6113156.1482,,
3712,1339969.889,6113156.1482,1349969.889,6103156.1482,,
3713,1339969.889,6103156.1482,1349969.889,6093156.1482,,
3714,1339969.889,6093156.1482,1349969.889,6083156.1482,,
3715,1339969.889,6083156.1482,1349969.889,6073156.1482,,
3716,1339969.889,6073156.1482,1349969.889,6063156.1482,,
3717,1339969.889,6063156.1482,1349969.889,6053156.1482,,
3718,1339969.889,6053156.1482,1349969.889,6043156.1482,,
3719,1339969.889,6043156.1482,1349969.889,6033156.1482,,
3720,1339969.889,6033156.1482,1349969.889,6023156.1482,,
3721,1339969.889,6023156.1482,1349969.889,6013156.1482,,
3722,1339969.889,6013156.1482,1349969.889,6003156.1482,,
3723,1339969.889,6003156.1482,1349969.889,5993156.1482,,
3724,1339969.889,5993156.1482,1349969.889,5983156.1482,,
3725,1339969.889,5983156.1482,1349969.889,5973156.1482,,
3726,1339969.889,5973156.1482,1349969.889,5963156.1482,,
3727,1339969.889,5963156.1482,1349969.889,5953156.1482,,
3728,1339969.889,5953156.1482,1349969.889,5943156.1482,,
3729,1339969.889,5943156.1482,1349969.889,5933156.1482,,
3730,1339969.889,5933156.1482,1349969.889,5923156.1482,,
3731,1339969.889,5923156.1482,1349969.889,5913156.1482,,
3732,1339969.889,5913156.1482,1349969.889,5903156.1482,,
3733,1339969.889,5903156.1482,1349969.889,5893156.1482,,
3734,1339969.889,5893156.1482,1349969.889,5883156.1482,,
3735,1339969.889,5883156.1482,1349969.889,5873156.1482,,
3736,1339969.889,5873156.1482,1349969.889,5863156.1482,,
3737,1339969.889,5863156.1482,1349969.889,5853156.1482,,
3738,1339969.889,5853156.1482,1349969.889,5843156.1482,,
3739,1339969.889,5843156.1482,1349969.889,5833156.1482,,
3740,1339969.889,5833156.1482,1349969.889,5823156.1482,,
3741,1339969.889,5823156.1482,1349969.889,5813156.1482,,
3742,1339969.889,5813156.1482,1349969.889,5803156.1482,,
3743,1339969.889,5803156.1482,1349969.889,5793156.1482,,
3744,1339969.889,5793156.1482,1349969.889,5783156.1482,,
3745,1339969.889,5783156.1482,1349969.889,5773156.1482,,
3746,1339969.889,5773156.1482,1349969.889,5763156.1482,,
3747,1339969.889,5763156.1482,1349969.889,5753156.1482,,
3748,1339969.889,5753156.1482,1349969.889,5743156.1482,,
3749,1339969.889,5743156.1482,1349969.889,5733156.1482,,
3750,1339969.889,5733156.1482,1349969.889,5723156.1482,,
3751,1339969.889,5723156.1482,1349969.889,5713156.1482,,
3752,1339969.889,5713156.1482,1349969.889,5703156.1482,,
3753,1339969.889,5703156.1482,1349969.889,5693156.1482,,
3754,1339969.889,5693156.1482,1349969.889,5683156.1482,,
3755,1339969.889,5683156.1482,1349969.889,5673156.1482,,
3756,1339969.889,5673156.1482,1349969.889,5663156.1482,,
3757,1339969.889,5663156.1482,1349969.889,5653156.1482,,
3758,1339969.889,5653156.1482,1349969.889,5643156.1482,,
3759,1339969.889,5643156.1482,1349969.889,5633156.1482,,
3760,1339969.889,5633156.1482,1349969.889,5623156.1482,,
3761,1339969.889,5623156.1482,1349969.889,5613156.1482,,
3762,1339969.889,5613156.1482,1349969.889,5603156.1482,,
3763,1339969.889,5603156.1482,1349969.889,5593156.1482,,
3764,1339969.889,5593156.1482,1349969.889,5583156.1482,,
3765,1339969.889,5583156.1482,1349969.889,5573156.1482,,
3766,1339969.889,5573156.1482,1349969.889,5563156.1482,,
3767,1339969.889,5563156.1482,1349969.889,5553156.1482,,
3768,1339969.889,5553156.1482,1349969.889,5543156.1482,,
3769,1339969.889,5543156.1482,1349969.889,5533156.1482,,
3770,1339969.889,5533156.1482,1349969.889,5523156.1482,,
3771,1339969.889,5523156.1482,1349969.889,5513156.1482,,
3772,1339969.889,5513156.1482,1349969.889,5503156.1482,,
3773,1339969.889,5503156.1482,1349969.889,5493156.1482,,
3774,1339969.889,5493156.1482,1349969.889,5483156.1482,,
3775,1339969.889,5483156.1482,1349969.889,5473156.1482,,
3776,1339969.889,5473156.1482,1349969.889,5463156.1482,,
3777,1339969.889,5463156.1482,1349969.889,5453156.1482,,
3778,1339969.889,5453156.1482,1349969.889,5443156.1482,,
3779,1339969.889,5443156.1482,1349969.889,5433156.1482,,
3780,1339969.889,5433156.1482,1349969.889,5423156.1482,,
3781,1339969.889,5423156.1482,1349969.889,5413156.1482,,
3782,1339969.889,5413156.1482,1349969.889,5403156.1482,,
3783,1339969.889,5403156.1482,1349969.889,5393156.1482,,
3784,1339969.889,5393156.1482,1349969.889,5383156.1482,,
3785,1339969.889,5383156.1482,1349969.889,5373156.1482,,
3786,1339969.889,5373156.1482,1349969.889,5363156.1482,,
3787,1339969.889,5363156.1482,1349969.889,5353156.1482,,
3788,1339969.889,5353156.1482,1349969.889,5343156.1482,,
3789,1339969.889,5343156.1482,1349969.889,5333156.1482,,
3790,1339969.889,5333156.1482,1349969.889,5323156.1482,,
3791,1339969.889,5323156.1482,1349969.889,5313156.1482,,
3792,1339969.889,5313156.1482,1349969.889,5303156.1482,,
3793,1339969.889,5303156.1482,1349969.889,5293156.1482,,
3794,1339969.889,5293156.1482,1349969.889,5283156.1482,,
3795,1339969.889,5283156.1482,1349969.889,5273156.1482,,
3796,1339969.889,5273156.1482,1349969.889,5263156.1482,,
3797,1339969.889,5263156.1482,1349969.889,5253156.1482,,
3798,1339969.889,5253156.1482,1349969.889,5243156.1482,,
3799,1339969.889,5243156.1482,1349969.889,5233156.1482,,
3800,1339969.889,5233156.1482,1349969.889,5223156.1482,,
3801,1339969.889,5223156.1482,1349969.889,5213156.1482,,
3802,1339969.889,5213156.1482,1349969.889,5203156.1482,,
3803,1339969.889,5203156.1482,1349969.889,5193156.1482,,
3804,1339969.889,5193156.1482,1349969.889,5183156.1482,33164748.4231,23204996.22
3805,1339969.889,5183156.1482,1349969.889,5173156.1482,51338908.048,35921248.43
3806,1339969.889,5173156.1482,1349969.889,5163156.1482,51338909.9121,35921249.734
3807,1339969.889,5163156.1482,1349969.889,5153156.1482,51338911.5593,35921250.887
3808,1339969.889,5153156.1482,1349969.889,5143156.1482,51338913.234,35921252.058
3809,1339969.889,5143156.1482,1349969.889,5133156.1482,121819709.0081,37954015.287
3810,1339969.889,5133156.1482,1349969.889,5123156.1482,181897067.666,45214710.053
3811,1339969.889,5123156.1482,1349969.889,5113156.1482,182029600.5989,45241895.924
3812,1339969.889,5113156.1482,1349969.889,5103156.1482,188235091.7333,39905049.621
3813,1339969.889,5103156.1482,1349969.889,5093156.1482,131583594.2882,31786114.598
3814,1339969.889,5093156.1482,1349969.889,5083156.1482,193403827.4407,38272437.44
3815,1339969.889,5083156.1482,1349969.889,5073156.1482,196602706.5916,38609110.504
3816,1339969.889,5073156.1482,1349969.889,5063156.1482,196602713.5191,38609111.864
3817,1339969.889,5063156.1482,1349969.889,5053156.1482,205865933.0742,60966634.068
3818,1339969.889,5053156.1482,1349969.889,5043156.1482,139843841.2684,92034487.482
3819,1339969.889,5043156.1482,1349969.889,5033156.1482,104633852.2987,93015677.105
3820,1339969.889,5033156.1482,1349969.889,5023156.1482,67355607.0612,66747271.171
3821,1339969.889,5023156.1482,1349969.889,5013156.1482,67326149.5247,66726629.048
3822,1339969.889,5013156.1482,1349969.889,5003156.1482,67326151.7706,66726631.274
3823,1339969.889,5003156.1482,1349969.889,4993156.1482,67326154.0696,66726633.552
3824,1339969.889,4993156.1482,1349969.889,4983156.1482,68949075.1006,67304782.87
3825,1339969.889,4983156.1482,1349969.889,4973156.1482,74382554.7121,69233560.721
3826,1339969.889,4973156.1482,1349969.889,4963156.1482,100627061.394,78545550.916
3827,1339969.889,4963156.1482,1349969.889,4953156.1482,116187093.041,84072772.691
3828,1339969.889,4953156.1482,1349969.889,4943156.1482,129620565.5309,100419646.477
3829,1339969.889,4943156.1482,1349969.889,4933156.1482,113221144.7445,88895032.41
3830,1339969.889,4933156.1482,1349969.889,4923156.1482,78242145.0331,91738301.343
3831,1339969.889,4923156.1482,1349969.889,4913156.1482,81334972.8283,97312199.063
3832,1339969.889,4913156.1482,1349969.889,4903156.1482,81334975.9956,97312202.853
3833,1339969.889,4903156.1482,1349969.889,4893156.1482,141081474.8254,203358820.251
3834,1339969.889,4893156.1482,1349969.889,4883156.1482,270200096.049,421930605.877
3835,1339969.889,4883156.1482,1349969.889,4873156.1482,2149978244.6195,3236049408.909
3836,1339969.889,4873156.1482,1349969.889,4863156.1482,456374163.4977,684016903.438
3837,1339969.889,4863156.1482,1349969.889,4853156.1482,211536137.6487,177024017.724
3838,1339969.889,4853156.1482,1349969.889,4843156.1482,163648548.2916,103563489.597
3839,1339969.889,4843156.1482,1349969.889,4833156.1482,26746827.0242,16926485.271
3840,1339969.889,4833156.1482,1349969.889,4823156.1482,,
3841,1339969.889,4823156.1482,1349969.889,4813156.1482,,
3842,1339969.889,4813156.1482,1349969.889,4803156.1482,,
3843,1339969.889,4803156.1482,1349969.889,4793156.1482,,
3844,1339969.889,4793156.1482,1349969.889,4783156.1482,,
3845,1339969.889,4783156.1482,1349969.889,4773156.1482,,
3846,1339969.889,4773156.1482,1349969.889,4763156.1482,,
3847,1339969.889,4763156.1482,1349969.889,4753156.1482,,
3848,1339969.889,4753156.1482,1349969.889,4743156.1482,,
3849,1349969.889,6223156.1482,1359969.889,6213156.1482,,
3850,1349969.889,6213156.1482,1359969.889,6203156.1482,,
3851,1349969.889,6203156.1482,1359969.889,6193156.1482,,
3852,1349969.889,6193156.1482,1359969.889,6183156.1482,,
3853,1349969.889,6183156.1482,1359969.889,6173156.1482,,
3854,1349969.889,6173156.1482,1359969.889,6163156.1482,,
3855,1349969.889,6163156.1482,1359969.889,6153156.1482,,
3856,1349969.889,6153156.1482,1359969.889,6143156.1482,,
3857,1349969.889,6143156.1482,1359969.889,6133156.1482,,
3858,1349969.889,6133156.1482,1359969.889,6123156.1482,,
3859,1349969.889,6123156.1482,1359969.889,6113156.1482,,
3860,1349969.889,6113156.1482,1359969.889,6103156.1482,,
3861,1349969.889,6103156.1482,1359969.889,6093156.1482,,
3862,1349969.889,6093156.1482,1359969.889,6083156.1482,,
3863,1349969.889,6083156.1482,1359969.889,6073156.1482,,
3864,1349969.889,6073156.1482,1359969.889,6063156.1482,,
3865,1349969.889,6063156.1482,1359969.889,6053156.1482,,
3866,1349969.889,6053156.1482,1359969.889,6043156.1482,,
3867,1349969.889,6043156.1482,1359969.889,6033156.1482,,
3868,1349969.889,6033156.1482,1359969.889,6023156.1482,,
3869,1349969.889,6023156.1482,1359969.889,6013156.1482,,
3870,1349969.889,6013156.1482,1359969.889,6003156.1482,,
3871,1349969.889,6003156.1482,1359969.889,5993156.1482,,
3872,1349969.889,5993156.1482,1359969.889,5983156.1482,,
3873,1349969.889,5983156.1482,1359969.889,5973156.1482,,
3874,1349969.889,5973156.1482,1359969.889,5963156.1482,,
3875,1349969.889,5963156.1482,1359969.889,5953156.1482,,
3876,1349969.889,5953156.1482,1359969.889,5943156.1482,,
3877,1349969.889,5943156.1482,1359969.889,5933156.1482,,
3878,1349969.889,5933156.1482,1359969.889,5923156.1482,,
3879,1349969.889,5923156.1482,1359969.889,5913156.1482,,
3880,1349969.889,5913156.1482,1359969.889,5903156.1482,,
3881,1349969.889,5903156.1482,1359969.889,5893156.1482,,
3882,1349969.889,5893156.1482,1359969.889,5883156.1482,,
3883,1349969.889,5883156.1482,1359969.889,5873156.1482,,
3884,1349969.889,5873156.1482,1359969.889,5863156.1482,,
3885,1349969.889,5863156.1482,1359969.889,5853156.1482,,
3886,1349969.889,5853156.1482,1359969.889,5843156.1482,,
3887,1349969.889,5843156.1482,1359969.889,5833156.1482,,
3888,1349969.889,5833156.1482,1359969.889,5823156.1482,,
3889,1349969.889,5823156.1482,1359969.889,5813156.1482,,
3890,1349969.889,5813156.1482,1359969.889,5803156.1482,,
3891,1349969.889,5803156.1482,1359969.889,5793156.1482,,
3892,1349969.889,5793156.1482,1359969.889,5783156.1482,,
3893,1349969.889,5783156.1482,1359969.889,5773156.1482,,
3894,1349969.889,5773156.1482,1359969.889,5763156.1482,,
3895,1349969.889,5763156.1482,1359969.889,5753156.1482,,
3896,1349969.889,5753156.1482,1359969.889,5743156.1482,,
3897,1349969.889,5743156.1482,1359969.889,5733156.1482,,
3898,1349969.889,5733156.1482,1359969.889,5723156.1482,,
3899,1349969.889,5723156.1482,1359969.889,5713156.1482,,
3900,1349969.889,5713156.1482,1359969.889,5703156.1482,,
3901,1349969.889,5703156.1482,1359969.889,5693156.1482,,
3902,1349969.889,5693156.1482,1359969.889,5683156.1482,,
3903,1349969.889,5683156.1482,1359969.889,5673156.1482,,
3904,1349969.889,5673156.1482,1359969.889,5663156.1482,,
3905,1349969.889,5663156.1482,1359969.889,5653156.1482,,
3906,1349969.889,5653156.1482,1359969.889,5643156.1482,,
3907,1349969.889,5643156.1482,1359969.889,5633156.1482,,
3908,1349969.889,5633156.1482,1359969.889,5623156.1482,,
3909,1349969.889,5623156.1482,1359969.889,5613156.1482,,
3910,1349969.889,5613156.1482,1359969.889,5603156.1482,,
3911,1349969.889,5603156.1482,1359969.889,5593156.1482,,
3912,1349969.889,5593156.1482,1359969.889,5583156.1482,,
3913,1349969.889,5583156.1482,1359969.889,5573156.1482,,
3914,1349969.889,5573156.1482,1359969.889,5563156.1482,,
3915,1349969.889,5563156.1482,1359969.889,5553156.1482,,
3916,1349969.889,5553156.1482,1359969.889,5543156.1482,,
3917,1349969.889,5543156.1482,1359969.889,5533156.1482,,
3918,1349969.889,5533156.1482,1359969.889,5523156.1482,,
3919,1349969.889,5523156.1482,1359969.889,5513156.1482,,
3920,1349969.889,5513156.1482,1359969.889,5503156.1482,,
3921,1349969.889,5503156.1482,1359969.889,5493156.1482,,
3922,1349969.889,5493156.1482,1359969.889,5483156.1482,,
3923,1349969.889,5483156.1482,1359969.889,5473156.1482,,
3924,1349969.889,5473156.1482,1359969.889,5463156.1482,,
3925,1349969.889,5463156.1482,1359969.889,5453156.1482,,
3926,1349969.889,5453156.1482,1359969.889,5443156.1482,,
3927,1349969.889,5443156.1482,1359969.889,5433156.1482,,
3928,1349969.889,5433156.1482,1359969.889,5423156.1482,,
3929,1349969.889,5423156.1482,1359969.889,5413156.1482,,
3930,1349969.889,5413156.1482,1359969.889,5403156.1482,,
3931,1349969.889,5403156.1482,1359969.889,5393156.1482,,
3932,1349969.889,5393156.1482,1359969.889,5383156.1482,,
3933,1349969.889,5383156.1482,1359969.889,5373156.1482,,
3934,1349969.889,5373156.1482,1359969.889,5363156.1482,,
3935,1349969.889,5363156.1482,1359969.889,5353156.1482,,
3936,1349969.889,5353156.1482,1359969.889,5343156.1482,,
3937,1349969.889,5343156.1482,1359969.889,5333156.1482,,
3938,1349969.889,5333156.1482,1359969.889,5323156.1482,,
3939,1349969.889,5323156.1482,1359969.889,5313156.1482,,
3940,1349969.889,5313156.1482,1359969.889,5303156.1482,,
3941,1349969.889,5303156.1482,1359969.889,5293156.1482,,
3942,1349969.889,5293156.1482,1359969.889,5283156.1482,,
3943,1349969.889,5283156.1482,1359969.889,5273156.1482,,
3944,1349969.889,5273156.1482,1359969.889,5263156.1482,,
3945,1349969.889,5263156.1482,1359969.889,5253156.1482,,
3946,1349969.889,5253156.1482,1359969.889,5243156.1482,,
3947,1349969.889,5243156.1482,1359969.889,5233156.1482,,
3948,1349969.889,5233156.1482,1359969.889,5223156.1482,,
3949,1349969.889,5223156.1482,1359969.889,5213156.1482,,
3950,1349969.889,5213156.1482,1359969.889,5203156.1482,,
3951,1349969.889,5203156.1482,1359969.889,5193156.1482,12437837.8748,8702613.305
3952,1349969.889,5193156.1482,1359969.889,5183156.1482,49642337.2152,34734177.168
3953,1349969.889,5183156.1482,1359969.889,5173156.1482,51345223.2775,35925667.124
3954,1349969.889,5173156.1482,1359969.889,5163156.1482,51345224.7816,35925668.176
3955,1349969.889,5163156.1482,1359969.889,5153156.1482,51670255.459,35984230.154
3956,1349969.889,5153156.1482,1359969.889,5143156.1482,106788694.7333,43948988.302
3957,1349969.889,5143156.1482,1359969.889,5133156.1482,163029451.413,53583585.091
3958,1349969.889,5133156.1482,1359969.889,5123156.1482,160071607.0469,55272572.017
3959,1349969.889,5123156.1482,1359969.889,5113156.1482,160071612.7669,55272573.993
3960,1349969.889,5113156.1482,1359969.889,5103156.1482,160071617.3807,55272575.586
3961,1349969.889,5103156.1482,1359969.889,5093156.1482,149501092.526,52294462.424
3962,1349969.889,5093156.1482,1359969.889,5083156.1482,176744008.2711,37067421.469
3963,1349969.889,5083156.1482,1359969.889,5073156.1482,196626885.6771,38613858.826
3964,1349969.889,5073156.1482,1359969.889,5063156.1482,196626892.1724,38613860.101
3965,1349969.889,5063156.1482,1359969.889,5053156.1482,196626898.6428,38613861.372
3966,1349969.889,5053156.1482,1359969.889,5043156.1482,106305432.5662,58258455.556
3967,1349969.889,5043156.1482,1359969.889,5033156.1482,67485798.4555,66701644.959
3968,1349969.889,5033156.1482,1359969.889,5023156.1482,67334426.5432,66734832.362
3969,1349969.889,5023156.1482,1359969.889,5013156.1482,67334428.2804,66734834.084
3970,1349969.889,5013156.1482,1359969.889,5003156.1482,78675988.1923,70765698.066
3971,1349969.889,5003156.1482,1359969.889,4993156.1482,103880964.2067,79705718.568
3972,1349969.889,4993156.1482,1359969.889,4983156.1482,115362954.2761,83784177.644
3973,1349969.889,4983156.1482,1359969.889,4973156.1482,116201370.7694,84083104.029
3974,1349969.889,4973156.1482,1359969.889,4963156.1482,116201374.3627,84083106.63
3975,1349969.889,4963156.1482,1359969.889,4953156.1482,113022546.4286,82941509.988
3976,1349969.889,4953156.1482,1359969.889,4943156.1482,66888153.9981,66337257.296
3977,1349969.889,4943156.1482,1359969.889,4933156.1482,51429672.6042,60773575.2
3978,1349969.889,4933156.1482,1359969.889,4923156.1482,64761569.4609,77382923.181
3979,1349969.889,4923156.1482,1359969.889,4913156.1482,81344972.4837,97324163.024
3980,1349969.889,4913156.1482,1359969.889,4903156.1482,97852057.2855,119900807.506
3981,1349969.889,4903156.1482,1359969.889,4893156.1482,240271781.8108,314703275.309
3982,1349969.889,4893156.1482,1359969.889,4883156.1482,312848028.4076,414234472.42
3983,1349969.889,4883156.1482,1359969.889,4873156.1482,1016092985.4447,1556651219.105
3984,1349969.889,4873156.1482,1359969.889,4863156.1482,809467523.0364,1247811267.953
3985,1349969.889,4863156.1482,1359969.889,4853156.1482,78840455.0442,87623223.7
3986,1349969.889,4853156.1482,1359969.889,4843156.1482,33732617.2203,21347378.813
3987,1349969.889,4843156.1482,1359969.889,4833156.1482,,
3988,1349969.889,4833156.1482,1359969.889,4823156.1482,,
3989,1349969.889,4823156.1482,1359969.889,4813156.1482,,
3990,1349969.889,4813156.1482,1359969.889,4803156.1482,,
3991,1349969.889,4803156.1482,1359969.889,4793156.1482,,
3992,1349969.889,4793156.1482,1359969.889,4783156.1482,,
3993,1349969.889,4783156.1482,1359969.889,4773156.1482,,
3994,1349969.889,4773156.1482,1359969.889,4763156.1482,,
3995,1349969.889,4763156.1482,1359969.889,4753156.1482,,
3996,1349969.889,4753156.1482,1359969.889,4743156.1482,,
3997,1359969.889,6223156.1482,1369969.889,6213156.1482,,
3998,1359969.889,6213156.1482,1369969.889,6203156.1482,,
3999,1359969.889,6203156.1482,1369969.889,6193156.1482,,
4000,1359969.889,6193156.1482,1369969.889,6183156.1482,,
4001,1359969.889,6183156.1482,1369969.889,6173156.1482,,
4002,1359969.889,6173156.1482,1369969.889,6163156.1482,,
4003,1359969.889,6163156.1482,1369969.889,6153156.1482,,
4004,1359969.889,6153156.1482,1369969.889,6143156.1482,,
4005,1359969.889,6143156.1482,1369969.889,6133156.1482,,
4006,1359969.889,6133156.1482,1369969.889,6123156.1482,,
4007,1359969.889,6123156.1482,1369969.889,6113156.1482,,
4008,1359969.889,6113156.1482,1369969.889,6103156.1482,,
4009,1359969.889,6103156.1482,1369969.889,6093156.1482,,
4010,1359969.889,6093156.1482,1369969.889,6083156.1482,,
4011,1359969.889,6083156.1482,1369969.889,6073156.1482,,
4012,1359969.889,6073156.1482,1369969.889,6063156.1482,,
4013,1359969.889,6063156.1482,1369969.889,6053156.1482,,
4014,1359969.889,6053156.1482,1369969.889,6043156.1482,,
4015,1359969.889,6043156.1482,1369969.889,6033156.1482,,
4016,1359969.889,6033156.1482,1369969.889,6023156.1482,,
4017,1359969.889,6023156.1482,1369969.889,6013156.1482,,
4018,1359969.889,6013156.1482,1369969.889,6003156.1482,,
4019,1359969.889,6003156.1482,1369969.889,5993156.1482,,
4020,1359969.889,5993156.1482,1369969.889,5983156.1482,,
4021,1359969.889,5983156.1482,1369969.889,5973156.1482,,
4022,1359969.889,5973156.1482,1369969.889,5963156.1482,,
4023,1359969.889,5963156.1482,1369969.889,5953156.1482,,
4024,1359969.889,5953156.1482,1369969.889,5943156.1482,,
4025,1359969.889,5943156.1482,1369969.889,5933156.1482,,
4026,1359969.889,5933156.1482,1369969.889,5923156.1482,,
4027,1359969.889,5923156.1482,1369969.889,5913156.1482,,
4028,1359969.889,5913156.1482,1369969.889,5903156.1482,,
4029,1359969.889,5903156.1482,1369969.889,5893156.1482,,
4030,1359969.889,5893156.1482,1369969.889,5883156.1482,,
4031,1359969.889,5883156.1482,1369969.889,5873156.1482,,
4032,1359969.889,5873156.1482,1369969.889,5863156.1482,,
4033,1359969.889,5863156.1482,1369969.889,5853156.1482,,
4034,1359969.889,5853156.1482,1369969.889,5843156.1482,,
4035,1359969.889,5843156.1482,1369969.889,5833156.1482,,
4036,1359969.889,5833156.1482,1369969.889,5823156.1482,,
4037,1359969.889,5823156.1482,1369969.889,5813156.1482,,
4038,1359969.889,5813156.1482,1369969.889,5803156.1482,,
4039,1359969.889,5803156.1482,1369969.889,5793156.1482,,
4040,1359969.889,5793156.1482,1369969.889,5783156.1482,,
4041,1359969.889,5783156.1482,1369969.889,5773156.1482,,
4042,1359969.889,5773156.1482,1369969.889,5763156.1482,,
4043,1359969.889,5763156.1482,1369969.889,5753156.1482,,
4044,1359969.889,5753156.1482,1369969.889,5743156.1482,,
4045,1359969.889,5743156.1482,1369969.889,5733156.1482,,
4046,1359969.889,5733156.1482,1369969.889,5723156.1482,,
4047,1359969.889,5723156.1482,1369969.889,5713156.1482,,
4048,1359969.889,5713156.1482,1369969.889,5703156.1482,,
4049,1359969.889,5703156.1482,1369969.889,5693156.1482,,
4050,1359969.889,5693156.1482,1369969.889,5683156.1482,,
4051,1359969.889,5683156.1482,1369969.889,5673156.1482,,
4052,1359969.889,5673156.1482,1369969.889,5663156.1482,,
4053,1359969.889,5663156.1482,1369969.889,5653156.1482,,
4054,1359969.889,5653156.1482,1369969.889,5643156.1482,,
4055,1359969.889,5643156.1482,1369969.889,5633156.1482,,
4056,1359969.889,5633156.1482,1369969.889,5623156.1482,,
4057,1359969.889,5623156.1482,1369969.889,5613156.1482,,
4058,1359969.889,5613156.1482,1369969.889,5603156.1482,,
4059,1359969.889,5603156.1482,1369969.889,5593156.1482,,
4060,1359969.889,5593156.1482,1369969.889,5583156.1482,,
4061,1359969.889,5583156.1482,1369969.889,5573156.1482,,
4062,1359969.889,5573156.1482,1369969.889,5563156.1482,,
4063,1359969.889,5563156.1482,1369969.889,5553156.1482,,
4064,1359969.889,5553156.1482,1369969.889,5543156.1482,,
4065,1359969.889,5543156.1482,1369969.889,5533156.1482,,
4066,1359969.889,5533156.1482,1369969.889,5523156.1482,,
4067,1359969.889,5523156.1482,1369969.889,5513156.1482,,
4068,1359969.889,5513156.1482,1369969.889,5503156.1482,,
4069,1359969.889,5503156.1482,1369969.889,5493156.1482,,
4070,1359969.889,5493156.1482,1369969.889,5483156.1482,,
4071,1359969.889,5483156.1482,1369969.889,5473156.1482,,
4072,1359969.889,5473156.1482,1369969.889,5463156.1482,,
4073,1359969.889,5463156.1482,1369969.889,5453156.1482,,
4074,1359969.889,5453156.1482,1369969.889,5443156.1482,,
4075,1359969.889,5443156.1482,1369969.889,5433156.1482,,
4076,1359969.889,5433156.1482,1369969.889,5423156.1482,,
4077,1359969.889,5423156.1482,1369969.889,5413156.1482,,
4078,1359969.889,5413156.1482,1369969.889,5403156.1482,,
4079,1359969.889,5403156.1482,1369969.889,5393156.1482,,
4080,1359969.889,5393156.1482,1369969.889,5383156.1482,,
4081,1359969.889,5383156.1482,1369969.889,5373156.1482,,
4082,1359969.889,5373156.1482,1369969.889,5363156.1482,,
4083,1359969.889,5363156.1482,1369969.889,5353156.1482,,
4084,1359969.889,5353156.1482,1369969.889,5343156.1482,,
4085,1359969.889,5343156.1482,1369969.889,5333156.1482,,
4086,1359969.889,5333156.1482,1369969.889,5323156.1482,,
4087,1359969.889,5323156.1482,1369969.889,5313156.1482,,
4088,1359969.889,5313156.1482,1369969.889,5303156.1482,,
4089,1359969.889,5303156.1482,1369969.889,5293156.1482,,
4090,1359969.889,5293156.1482,1369969.889,5283156.1482,,
4091,1359969.889,5283156.1482,1369969.889,5273156.1482,,
4092,1359969.889,5273156.1482,1369969.889,5263156.1482,,
4093,1359969.889,5263156.1482,1369969.889,5253156.1482,,
4094,1359969.889,5253156.1482,1369969.889,5243156.1482,,
4095,1359969.889,5243156.1482,1369969.889,5233156.1482,,
4096,1359969.889,5233156.1482,1369969.889,5223156.1482,,
4097,1359969.889,5223156.1482,1369969.889,5213156.1482,,
4098,1359969.889,5213156.1482,1369969.889,5203156.1482,17869781.7231,12520116.271
4099,1359969.889,5203156.1482,1369969.889,5193156.1482,50817539.5694,35556452.852
4100,1359969.889,5193156.1482,1369969.889,5183156.1482,51351285.3097,35929908.659
4101,1359969.889,5183156.1482,1369969.889,5173156.1482,51351286.9956,35929909.838
4102,1359969.889,5173156.1482,1369969.889,5163156.1482,82455980.8901,41467295.106
4103,1359969.889,5163156.1482,1369969.889,5153156.1482,136382297.3833,51057927.981
4104,1359969.889,5153156.1482,1369969.889,5143156.1482,160090499.401,55279095.529
4105,1359969.889,5143156.1482,1369969.889,5133156.1482,160075978.808,55275102.279
4106,1359969.889,5133156.1482,1369969.889,5123156.1482,159102567.3915,55005568.713
4107,1359969.889,5123156.1482,1369969.889,5113156.1482,160090722.4329,55279195.134
4108,1359969.889,5113156.1482,1369969.889,5103156.1482,158873117.1371,54941999.188
4109,1359969.889,5103156.1482,1369969.889,5093156.1482,6339467520.6347,1747747848.474
4110,1359969.889,5093156.1482,1369969.889,5083156.1482,1856841301.0829,494754017.529
4111,1359969.889,5083156.1482,1369969.889,5073156.1482,196650101.453,38618417.972
4112,1359969.889,5073156.1482,1369969.889,5063156.1482,196650107.1094,38618419.083
4113,1359969.889,5063156.1482,1369969.889,5053156.1482,196650112.9502,38618420.23
4114,1359969.889,5053156.1482,1369969.889,5043156.1482,196650119.6868,38618421.553
4115,1359969.889,5043156.1482,1369969.889,5033156.1482,178725441.5838,42522828.973
4116,1359969.889,5033156.1482,1369969.889,5023156.1482,125235874.5112,54146546.41
4117,1359969.889,5023156.1482,1369969.889,5013156.1482,71747278.5183,67087412.413
4118,1359969.889,5013156.1482,1369969.889,5003156.1482,109210738.6198,81602395.618
4119,1359969.889,5003156.1482,1369969.889,4993156.1482,116215080.5405,84093024.395
4120,1359969.889,4993156.1482,1369969.889,4983156.1482,116215084.2717,84093027.095
4121,1359969.889,4983156.1482,1369969.889,4973156.1482,116215087.3975,84093029.357
4122,1359969.889,4973156.1482,1369969.889,4963156.1482,116215097.7571,84093051.247
4123,1359969.889,4963156.1482,1369969.889,4953156.1482,76883160.1284,69939074.385
4124,1359969.889,4953156.1482,1369969.889,4943156.1482,50751657.0366,60536192.728
4125,1359969.889,4943156.1482,1369969.889,4933156.1482,50751658.5761,60536194.564
4126,1359969.889,4933156.1482,1369969.889,4923156.1482,70264482.6132,84000011.064
4127,1359969.889,4923156.1482,1369969.889,4913156.1482,79779948.6205,95442168.159
4128,1359969.889,4913156.1482,1369969.889,4903156.1482,221406269.6922,289058701.653
4129,1359969.889,4903156.1482,1369969.889,4893156.1482,313045222.588,414238724.877
4130,1359969.889,4893156.1482,1369969.889,4883156.1482,974582432.6552,1353383756.76
4131,1359969.889,4883156.1482,1369969.889,4873156.1482,433790609.1525,613841614.456
4132,1359969.889,4873156.1482,1369969.889,4863156.1482,291869786.0517,447757520.822
4133,1359969.889,4863156.1482,1369969.889,4853156.1482,,
4134,1359969.889,4853156.1482,1369969.889,4843156.1482,,
4135,1359969.889,4843156.1482,1369969.889,4833156.1482,,
4136,1359969.889,4833156.1482,1369969.889,4823156.1482,,
4137,1359969.889,4823156.1482,1369969.889,4813156.1482,,
4138,1359969.889,4813156.1482,1369969.889,4803156.1482,,
4139,1359969.889,4803156.1482,1369969.889,4793156.1482,,
4140,1359969.889,4793156.1482,1369969.889,4783156.1482,,
4141,1359969.889,4783156.1482,1369969.889,4773156.1482,,
4142,1359969.889,4773156.1482,1369969.889,4763156.1482,,
4143,1359969.889,4763156.1482,1369969.889,4753156.1482,,
4144,1359969.889,4753156.1482,1369969.889,4743156.1482,,
4145,1369969.889,6223156.1482,1379969.889,6213156.1482,,
4146,1369969.889,6213156.1482,1379969.889,6203156.1482,,
4147,1369969.889,6203156.1482,1379969.889,6193156.1482,,
4148,1369969.889,6193156.1482,1379969.889,6183156.1482,,
4149,1369969.889,6183156.1482,1379969.889,6173156.1482,,
4150,1369969.889,6173156.1482,1379969.889,6163156.1482,,
4151,1369969.889,6163156.1482,1379969.889,6153156.1482,,
4152,1369969.889,6153156.1482,1379969.889,6143156.1482,,
4153,1369969.889,6143156.1482,1379969.889,6133156.1482,,
4154,1369969.889,6133156.1482,1379969.889,6123156.1482,,
4155,1369969.889,6123156.1482,1379969.889,6113156.1482,,
4156,1369969.889,6113156.1482,1379969.889,6103156.1482,,
4157,1369969.889,6103156.1482,1379969.889,6093156.1482,,
4158,1369969.889,6093156.1482,1379969.889,6083156.1482,,
4159,1369969.889,6083156.1482,1379969.889,6073156.1482,,
4160,1369969.889,6073156.1482,1379969.889,6063156.1482,,
4161,1369969.889,6063156.1482,1379969.889,6053156.1482,,
4162,1369969.889,6053156.1482,1379969.889,6043156.1482,,
4163,1369969.889,6043156.1482,1379969.889,6033156.1482,,
4164,1369969.889,6033156.1482,1379969.889,6023156.1482,,
4165,1369969.889,6023156.1482,1379969.889,6013156.1482,,
4166,1369969.889,6013156.1482,1379969.889,6003156.1482,,
4167,1369969.889,6003156.1482,1379969.889,5993156.1482,,
4168,1369969.889,5993156.1482,1379969.889,5983156.1482,,
4169,1369969.889,5983156.1482,1379969.889,5973156.1482,,
4170,1369969.889,5973156.1482,1379969.889,5963156.1482,,
4171,1369969.889,5963156.1482,1379969.889,5953156.1482,,
4172,1369969.889,5953156.1482,1379969.889,5943156.1482,,
4173,1369969.889,5943156.1482,1379969.889,5933156.1482,,
4174,1369969.889,5933156.1482,1379969.889,5923156.1482,,
4175,1369969.889,5923156.1482,1379969.889,5913156.1482,,
4176,1369969.889,5913156.1482,1379969.889,5903156.1482,,
4177,1369969.889,5903156.1482,1379969.889,5893156.1482,,
4178,1369969.889,5893156.1482,1379969.889,5883156.1482,,
4179,1369969.889,5883156.1482,1379969.889,5873156.1482,,
4180,1369969.889,5873156.1482,1379969.889,5863156.1482,,
4181,1369969.889,5863156.1482,1379969.889,5853156.1482,,
4182,1369969.889,5853156.1482,1379969.889,5843156.1482,,
4183,1369969.889,5843156.1482,1379969.889,5833156.1482,,
4184,1369969.889,5833156.1482,1379969.889,5823156.1482,,
4185,1369969.889,5823156.1482,1379969.889,5813156.1482,,
4186,1369969.889,5813156.1482,1379969.889,5803156.1482,,
4187,1369969.889,5803156.1482,1379969.889,5793156.1482,,
4188,1369969.889,5793156.1482,1379969.889,5783156.1482,,
4189,1369969.889,5783156.1482,1379969.889,5773156.1482,,
4190,1369969.889,5773156.1482,1379969.889,5763156.1482,,
4191,1369969.889,5763156.1482,1379969.889,5753156.1482,,
4192,1369969.889,5753156.1482,1379969.889,5743156.1482,,
4193,1369969.889,5743156.1482,1379969.889,5733156.1482,,
4194,1369969.889,5733156.1482,1379969.889,5723156.1482,,
4195,1369969.889,5723156.1482,1379969.889,5713156.1482,,
4196,1369969.889,5713156.1482,1379969.889,5703156.1482,,
4197,1369969.889,5703156.1482,1379969.889,5693156.1482,,
4198,1369969.889,5693156.1482,1379969.889,5683156.1482,,
4199,1369969.889,5683156.1482,1379969.889,5673156.1482,,
4200,1369969.889,5673156.1482,1379969.889,5663156.1482,,
4201,1369969.889,5663156.1482,1379969.889,5653156.1482,,
4202,1369969.889,5653156.1482,1379969.889,5643156.1482,,
4203,1369969.889,5643156.1482,1379969.889,5633156.1482,,
4204,1369969.889,5633156.1482,1379969.889,5623156.1482,,
4205,1369969.889,5623156.1482,1379969.889,5613156.1482,,
4206,1369969.889,5613156.1482,1379969.889,5603156.1482,,
4207,1369969.889,5603156.1482,1379969.889,5593156.1482,,
4208,1369969.889,5593156.1482,1379969.889,5583156.1482,,
4209,1369969.889,5583156.1482,1379969.889,5573156.1482,,
4210,1369969.889,5573156.1482,1379969.889,5563156.1482,,
4211,1369969.889,5563156.1482,1379969.889,5553156.1482,,
4212,1369969.889,5553156.1482,1379969.889,5543156.1482,,
4213,1369969.889,5543156.1482,1379969.889,5533156.1482,,
4214,1369969.889,5533156.1482,1379969.889,5523156.1482,,
4215,1369969.889,5523156.1482,1379969.889,5513156.1482,,
4216,1369969.889,5513156.1482,1379969.889,5503156.1482,,
4217,1369969.889,5503156.1482,1379969.889,5493156.1482,,
4218,1369969.889,5493156.1482,1379969.889,5483156.1482,,
4219,1369969.889,5483156.1482,1379969.889,5473156.1482,,
4220,1369969.889,5473156.1482,1379969.889,5463156.1482,,
4221,1369969.889,5463156.1482,1379969.889,5453156.1482,,
4222,1369969.889,5453156.1482,1379969.889,5443156.1482,,
4223,1369969.889,5443156.1482,1379969.889,5433156.1482,,
4224,1369969.889,5433156.1482,1379969.889,5423156.1482,,
4225,1369969.889,5423156.1482,1379969.889,5413156.1482,,
4226,1369969.889,5413156.1482,1379969.889,5403156.1482,,
4227,1369969.889,5403156.1482,1379969.889,5393156.1482,,
4228,1369969.889,5393156.1482,1379969.889,5383156.1482,,
4229,1369969.889,5383156.1482,1379969.889,5373156.1482,,
4230,1369969.889,5373156.1482,1379969.889,5363156.1482,,
4231,1369969.889,5363156.1482,1379969.889,5353156.1482,,
4232,1369969.889,5353156.1482,1379969.889,5343156.1482,,
4233,1369969.889,5343156.1482,1379969.889,5333156.1482,,
4234,1369969.889,5333156.1482,1379969.889,5323156.1482,,
4235,1369969.889,5323156.1482,1379969.889,5313156.1482,,
4236,1369969.889,5313156.1482,1379969.889,5303156.1482,,
4237,1369969.889,5303156.1482,1379969.889,5293156.1482,,
4238,1369969.889,5293156.1482,1379969.889,5283156.1482,,
4239,1369969.889,5283156.1482,1379969.889,5273156.1482,,
4240,1369969.889,5273156.1482,1379969.889,5263156.1482,,
4241,1369969.889,5263156.1482,1379969.889,5253156.1482,,
4242,1369969.889,5253156.1482,1379969.889,5243156.1482,,
4243,1369969.889,5243156.1482,1379969.889,5233156.1482,,
4244,1369969.889,5233156.1482,1379969.889,5223156.1482,602891.1947,576976.959
4245,1369969.889,5223156.1482,1379969.889,5213156.1482,19659949.3273,18814900.39
4246,1369969.889,5213156.1482,1379969.889,5203156.1482,43291777.5557,35238043.433
4247,1369969.889,5203156.1482,1379969.889,5193156.1482,51214942.4876,36024045.038
4248,1369969.889,5193156.1482,1379969.889,5183156.1482,51357097.3519,35933975.278
4249,1369969.889,5183156.1482,1379969.889,5173156.1482,82466299.9484,41471762.897
4250,1369969.889,5173156.1482,1379969.889,5163156.1482,158784391.1247,55047639.819
4251,1369969.889,5163156.1482,1379969.889,5153156.1482,160108613.3227,55285350.249
4252,1369969.889,5153156.1482,1379969.889,5143156.1482,160108617.3922,55285351.654
4253,1369969.889,5143156.1482,1379969.889,5133156.1482,154927553.5605,53851160.449
4254,1369969.889,5133156.1482,1379969.889,5123156.1482,111169701.4813,41728841.069
4255,1369969.889,5123156.1482,1379969.889,5113156.1482,101795515.7259,39132256.113
4256,1369969.889,5113156.1482,1379969.889,5103156.1482,103067574.0721,39484016.429
4257,1369969.889,5103156.1482,1379969.889,5093156.1482,423703294.615,127520883.076
4258,1369969.889,5093156.1482,1379969.889,5083156.1482,810692295.5038,223025872.079
4259,1369969.889,5083156.1482,1379969.889,5073156.1482,190458208.4107,41450448.711
4260,1369969.889,5073156.1482,1379969.889,5063156.1482,184341210.282,47366007.522
4261,1369969.889,5063156.1482,1379969.889,5053156.1482,188814227.2222,44204967.69
4262,1369969.889,5053156.1482,1379969.889,5043156.1482,196672369.7073,38622791.042
4263,1369969.889,5043156.1482,1379969.889,5033156.1482,196672375.1525,38622792.112
4264,1369969.889,5033156.1482,1379969.889,5023156.1482,196672379.8913,38622793.042
4265,1369969.889,5023156.1482,1379969.889,5013156.1482,144121446.6673,67523028.289
4266,1369969.889,5013156.1482,1379969.889,5003156.1482,116228225.4276,84102536.012
4267,1369969.889,5003156.1482,1379969.889,4993156.1482,116228228.6365,84102538.334
4268,1369969.889,4993156.1482,1379969.889,4983156.1482,115881502.0745,83978986.877
4269,1369969.889,4983156.1482,1379969.889,4973156.1482,98422429.4838,77698285.314
4270,1369969.889,4973156.1482,1379969.889,4963156.1482,69452687.8426,67266305.848
4271,1369969.889,4963156.1482,1379969.889,4953156.1482,50757396.7251,60543038.985
4272,1369969.889,4953156.1482,1379969.889,4943156.1482,50757398.2033,60543040.748
4273,1369969.889,4943156.1482,1379969.889,4933156.1482,50757399.6302,60543042.45
4274,1369969.889,4933156.1482,1379969.889,4923156.1482,51491059.887,61425244.989
4275,1369969.889,4923156.1482,1379969.889,4913156.1482,88442012.4699,113996894.808
4276,1369969.889,4913156.1482,1379969.889,4903156.1482,379261075.6605,521171086.931
4277,1369969.889,4903156.1482,1379969.889,4893156.1482,317693923.5923,421142255.74
4278,1369969.889,4893156.1482,1379969.889,4883156.1482,312721836.5404,413810802.602
4279,1369969.889,4883156.1482,1379969.889,4873156.1482,119003682.0243,157636226.346
4280,1369969.889,4873156.1482,1379969.889,4863156.1482,,
4281,1369969.889,4863156.1482,1379969.889,4853156.1482,,
4282,1369969.889,4853156.1482,1379969.889,4843156.1482,,
4283,1369969.889,4843156.1482,1379969.889,4833156.1482,,
4284,1369969.889,4833156.1482,1379969.889,4823156.1482,,
4285,1369969.889,4823156.1482,1379969.889,4813156.1482,,
4286,1369969.889,4813156.1482,1379969.889,4803156.1482,,
4287,1369969.889,4803156.1482,1379969.889,4793156.1482,,
4288,1369969.889,4793156.1482,1379969.889,4783156.1482,,
4289,1369969.889,4783156.1482,1379969.889,4773156.1482,,
4290,1369969.889,4773156.1482,1379969.889,4763156.1482,,
4291,1369969.889,4763156.1482,1379969.889,4753156.1482,,
4292,1369969.889,4753156.1482,1379969.889,4743156.1482,,
4293,1379969.889,6223156.1482,1389969.889,6213156.1482,,
4294,1379969.889,6213156.1482,1389969.889,6203156.1482,,
4295,1379969.889,6203156.1482,1389969.889,6193156.1482,,
4296,1379969.889,6193156.1482,1389969.889,6183156.1482,,
4297,1379969.889,6183156.1482,1389969.889,6173156.1482,,
4298,1379969.889,6173156.1482,1389969.889,6163156.1482,,
4299,1379969.889,6163156.1482,1389969.889,6153156.1482,,
4300,1379969.889,6153156.1482,1389969.889,6143156.1482,,
4301,1379969.889,6143156.1482,1389969.889,6133156.1482,,
4302,1379969.889,6133156.1482,1389969.889,6123156.1482,,
4303,1379969.889,6123156.1482,1389969.889,6113156.1482,,
4304,1379969.889,6113156.1482,1389969.889,6103156.1482,,
4305,1379969.889,6103156.1482,1389969.889,6093156.1482,,
4306,1379969.889,6093156.1482,1389969.889,6083156.1482,,
4307,1379969.889,6083156.1482,1389969.889,6073156.1482,,
4308,1379969.889,6073156.1482,1389969.889,6063156.1482,,
4309,1379969.889,6063156.1482,1389969.889,6053156.1482,,
4310,1379969.889,6053156.1482,1389969.889,6043156.1482,,
4311,1379969.889,6043156.1482,1389969.889,6033156.1482,,
4312,1379969.889,6033156.1482,1389969.889,6023156.1482,,
4313,1379969.889,6023156.1482,1389969.889,6013156.1482,,
4314,1379969.889,6013156.1482,1389969.889,6003156.1482,,
4315,1379969.889,6003156.1482,1389969.889,5993156.1482,,
4316,1379969.889,5993156.1482,1389969.889,5983156.1482,,
4317,1379969.889,5983156.1482,1389969.889,5973156.1482,,
4318,1379969.889,5973156.1482,1389969.889,5963156.1482,,
4319,1379969.889,5963156.1482,1389969.889,5953156.1482,,
4320,1379969.889,5953156.1482,1389969.889,5943156.1482,,
4321,1379969.889,5943156.1482,1389969.889,5933156.1482,,
4322,1379969.889,5933156.1482,1389969.889,5923156.1482,,
4323,1379969.889,5923156.1482,1389969.889,5913156.1482,,
4324,1379969.889,5913156.1482,1389969.889,5903156.1482,,
4325,1379969.889,5903156.1482,1389969.889,5893156.1482,,
4326,1379969.889,5893156.1482,1389969.889,5883156.1482,,
4327,1379969.889,5883156.1482,1389969.889,5873156.1482,,
4328,1379969.889,5873156.1482,1389969.889,5863156.1482,,
4329,1379969.889,5863156.1482,1389969.889,5853156.1482,,
4330,1379969.889,5853156.1482,1389969.889,5843156.1482,,
4331,1379969.889,5843156.1482,1389969.889,5833156.1482,,
4332,1379969.889,5833156.1482,1389969.889,5823156.1482,,
4333,1379969.889,5823156.1482,1389969.889,5813156.1482,,
4334,1379969.889,5813156.1482,1389969.889,5803156.1482,,
4335,1379969.889,5803156.1482,1389969.889,5793156.1482,,
4336,1379969.889,5793156.1482,1389969.889,5783156.1482,,
4337,1379969.889,5783156.1482,1389969.889,5773156.1482,,
4338,1379969.889,5773156.1482,1389969.889,5763156.1482,,
4339,1379969.889,5763156.1482,1389969.889,5753156.1482,,
4340,1379969.889,5753156.1482,1389969.889,5743156.1482,,
4341,1379969.889,5743156.1482,1389969.889,5733156.1482,,
4342,1379969.889,5733156.1482,1389969.889,5723156.1482,,
4343,1379969.889,5723156.1482,1389969.889,5713156.1482,,
4344,1379969.889,5713156.1482,1389969.889,5703156.1482,,
4345,1379969.889,5703156.1482,1389969.889,5693156.1482,,
4346,1379969.889,5693156.1482,1389969.889,5683156.1482,,
4347,1379969.889,5683156.1482,1389969.889,5673156.1482,,
4348,1379969.889,5673156.1482,1389969.889,5663156.1482,,
4349,1379969.889,5663156.1482,1389969.889,5653156.1482,,
4350,1379969.889,5653156.1482,1389969.889,5643156.1482,,
4351,1379969.889,5643156.1482,1389969.889,5633156.1482,,
4352,1379969.889,5633156.1482,1389969.889,5623156.1482,,
4353,1379969.889,5623156.1482,1389969.889,5613156.1482,,
4354,1379969.889,5613156.1482,1389969.889,5603156.1482,,
4355,1379969.889,5603156.1482,1389969.889,5593156.1482,,
4356,1379969.889,5593156.1482,1389969.889,5583156.1482,,
4357,1379969.889,5583156.1482,1389969.889,5573156.1482,,
4358,1379969.889,5573156.1482,1389969.889,5563156.1482,,
4359,1379969.889,5563156.1482,1389969.889,5553156.1482,,
4360,1379969.889,5553156.1482,1389969.889,5543156.1482,,
4361,1379969.889,5543156.1482,1389969.889,5533156.1482,,
4362,1379969.889,5533156.1482,1389969.889,5523156.1482,,
4363,1379969.889,5523156.1482,1389969.889,5513156.1482,,
4364,1379969.889,5513156.1482,1389969.889,5503156.1482,,
4365,1379969.889,5503156.1482,1389969.889,5493156.1482,,
4366,1379969.889,5493156.1482,1389969.889,5483156.1482,,
4367,1379969.889,5483156.1482,1389969.889,5473156.1482,,
4368,1379969.889,5473156.1482,1389969.889,5463156.1482,,
4369,1379969.889,5463156.1482,1389969.889,5453156.1482,,
4370,1379969.889,5453156.1482,1389969.889,5443156.1482,,
4371,1379969.889,5443156.1482,1389969.889,5433156.1482,,
4372,1379969.889,5433156.1482,1389969.889,5423156.1482,,
4373,1379969.889,5423156.1482,1389969.889,5413156.1482,,
4374,1379969.889,5413156.1482,1389969.889,5403156.1482,,
4375,1379969.889,5403156.1482,1389969.889,5393156.1482,,
4376,1379969.889,5393156.1482,1389969.889,5383156.1482,,
4377,1379969.889,5383156.1482,1389969.889,5373156.1482,,
4378,1379969.889,5373156.1482,1389969.889,5363156.1482,,
4379,1379969.889,5363156.1482,1389969.889,5353156.1482,,
4380,1379969.889,5353156.1482,1389969.889,5343156.1482,,
4381,1379969.889,5343156.1482,1389969.889,5333156.1482,,
4382,1379969.889,5333156.1482,1389969.889,5323156.1482,,
4383,1379969.889,5323156.1482,1389969.889,5313156.1482,,
4384,1379969.889,5313156.1482,1389969.889,5303156.1482,,
4385,1379969.889,5303156.1482,1389969.889,5293156.1482,,
4386,1379969.889,5293156.1482,1389969.889,5283156.1482,,
4387,1379969.889,5283156.1482,1389969.889,5273156.1482,,
4388,1379969.889,5273156.1482,1389969.889,5263156.1482,,
4389,1379969.889,5263156.1482,1389969.889,5253156.1482,,
4390,1379969.889,5253156.1482,1389969.889,5243156.1482,,
4391,1379969.889,5243156.1482,1389969.889,5233156.1482,,
4392,1379969.889,5233156.1482,1389969.889,5223156.1482,12292528.8056,11764155.704
4393,1379969.889,5223156.1482,1389969.889,5213156.1482,43025469.3804,41176093.954
4394,1379969.889,5213156.1482,1389969.889,5203156.1482,43359304.6436,40969819.5
4395,1379969.889,5203156.1482,1389969.889,5193156.1482,44212682.4746,40431077.482
4396,1379969.889,5193156.1482,1389969.889,5183156.1482,46837278.6017,38781788.283
4397,1379969.889,5183156.1482,1389969.889,5173156.1482,127386727.8139,50574476.308
4398,1379969.889,5173156.1482,1389969.889,5163156.1482,160125941.9557,55291333.809
4399,1379969.889,5163156.1482,1389969.889,5153156.1482,160125945.7041,55291335.104
4400,1379969.889,5153156.1482,1389969.889,5143156.1482,160125949.4903,55291336.411
4401,1379969.889,5143156.1482,1389969.889,5133156.1482,160125954.0187,55291337.975
4402,1379969.889,5133156.1482,1389969.889,5123156.1482,160125958.03,55291339.36
4403,1379969.889,5123156.1482,1389969.889,5113156.1482,160125961.747,55291340.643
4404,1379969.889,5113156.1482,1389969.889,5103156.1482,160125966.0196,55291342.119
4405,1379969.889,5103156.1482,1389969.889,5093156.1482,160125969.8582,55291343.444
4406,1379969.889,5093156.1482,1389969.889,5083156.1482,160125974.4335,55291345.024
4407,1379969.889,5083156.1482,1389969.889,5073156.1482,153563992.0828,63035041.493
4408,1379969.889,5073156.1482,1389969.889,5063156.1482,140162716.8242,78843402.581
4409,1379969.889,5063156.1482,1389969.889,5053156.1482,151881392.2913,70510603.246
4410,1379969.889,5053156.1482,1389969.889,5043156.1482,196435887.7513,38805311.57
4411,1379969.889,5043156.1482,1389969.889,5033156.1482,196835725.0307,38956101.455
4412,1379969.889,5033156.1482,1389969.889,5023156.1482,196847601.8491,45344412.324
4413,1379969.889,5023156.1482,1389969.889,5013156.1482,123890861.6197,79773671.375
4414,1379969.889,5013156.1482,1389969.889,5003156.1482,116240804.3176,84111638.074
4415,1379969.889,5003156.1482,1389969.889,4993156.1482,116240807.2885,84111640.224
4416,1379969.889,4993156.1482,1389969.889,4983156.1482,94430550.8096,77439870.844
4417,1379969.889,4983156.1482,1389969.889,4973156.1482,53685844.8138,62922461.245
4418,1379969.889,4973156.1482,1389969.889,4963156.1482,81156399.0802,85207722.413
4419,1379969.889,4963156.1482,1389969.889,4953156.1482,92696879.6482,94568250.977
4420,1379969.889,4953156.1482,1389969.889,4943156.1482,50762890.7497,60549592.216
4421,1379969.889,4943156.1482,1389969.889,4933156.1482,50762891.8774,60549593.561
4422,1379969.889,4933156.1482,1389969.889,4923156.1482,54013335.5771,64970669.873
4423,1379969.889,4923156.1482,1389969.889,4913156.1482,931773724.5953,1279958731.383
4424,1379969.889,4913156.1482,1389969.889,4903156.1482,749899001.9827,1049989442.063
4425,1379969.889,4903156.1482,1389969.889,4893156.1482,266420300.0194,369515360.839
4426,1379969.889,4893156.1482,1389969.889,4883156.1482,73492143.1148,97248862.004
4427,1379969.889,4883156.1482,1389969.889,4873156.1482,,
4428,1379969.889,4873156.1482,1389969.889,4863156.1482,,
4429,1379969.889,4863156.1482,1389969.889,4853156.1482,,
4430,1379969.889,4853156.1482,1389969.889,4843156.1482,,
4431,1379969.889,4843156.1482,1389969.889,4833156.1482,,
4432,1379969.889,4833156.1482,1389969.889,4823156.1482,,
4433,1379969.889,4823156.1482,1389969.889,4813156.1482,,
4434,1379969.889,4813156.1482,1389969.889,4803156.1482,,
4435,1379969.889,4803156.1482,1389969.889,4793156.1482,,
4436,1379969.889,4793156.1482,1389969.889,4783156.1482,,
4437,1379969.889,4783156.1482,1389969.889,4773156.1482,,
4438,1379969.889,4773156.1482,1389969.889,4763156.1482,,
4439,1379969.889,4763156.1482,1389969.889,4753156.1482,,
4440,1379969.889,4753156.1482,1389969.889,4743156.1482,,
4441,1389969.889,6223156.1482,1399969.889,6213156.1482,,
4442,1389969.889,6213156.1482,1399969.889,6203156.1482,,
4443,1389969.889,6203156.1482,1399969.889,6193156.1482,,
4444,1389969.889,6193156.1482,1399969.889,6183156.1482,,
4445,1389969.889,6183156.1482,1399969.889,6173156.1482,,
4446,1389969.889,6173156.1482,1399969.889,6163156.1482,,
4447,1389969.889,6163156.1482,1399969.889,6153156.1482,,
4448,1389969.889,6153156.1482,1399969.889,6143156.1482,,
4449,1389969.889,6143156.1482,1399969.889,6133156.1482,,
4450,1389969.889,6133156.1482,1399969.889,6123156.1482,,
4451,1389969.889,6123156.1482,1399969.889,6113156.1482,,
4452,1389969.889,6113156.1482,1399969.889,6103156.1482,,
4453,1389969.889,6103156.1482,1399969.889,6093156.1482,,
4454,1389969.889,6093156.1482,1399969.889,6083156.1482,,
4455,1389969.889,6083156.1482,1399969.889,6073156.1482,,
4456,1389969.889,6073156.1482,1399969.889,6063156.1482,,
4457,1389969.889,6063156.1482,1399969.889,6053156.1482,,
4458,1389969.889,6053156.1482,1399969.889,6043156.1482,,
4459,1389969.889,6043156.1482,1399969.889,6033156.1482,,
4460,1389969.889,6033156.1482,1399969.889,6023156.1482,,
4461,1389969.889,6023156.1482,1399969.889,6013156.1482,,
4462,1389969.889,6013156.1482,1399969.889,6003156.1482,,
4463,1389969.889,6003156.1482,1399969.889,5993156.1482,,
4464,1389969.889,5993156.1482,1399969.889,5983156.1482,,
4465,1389969.889,5983156.1482,1399969.889,5973156.1482,,
4466,1389969.889,5973156.1482,1399969.889,5963156.1482,,
4467,1389969.889,5963156.1482,1399969.889,5953156.1482,,
4468,1389969.889,5953156.1482,1399969.889,5943156.1482,,
4469,1389969.889,5943156.1482,1399969.889,5933156.1482,,
4470,1389969.889,5933156.1482,1399969.889,5923156.1482,,
4471,1389969.889,5923156.1482,1399969.889,5913156.1482,,
4472,1389969.889,5913156.1482,1399969.889,5903156.1482,,
4473,1389969.889,5903156.1482,1399969.889,5893156.1482,,
4474,1389969.889,5893156.1482,1399969.889,5883156.1482,,
4475,1389969.889,5883156.1482,1399969.889,5873156.1482,,
4476,1389969.889,5873156.1482,1399969.889,5863156.1482,,
4477,1389969.889,5863156.1482,1399969.889,5853156.1482,,
4478,1389969.889,5853156.1482,1399969.889,5843156.1482,,
4479,1389969.889,5843156.1482,1399969.889,5833156.1482,,
4480,1389969.889,5833156.1482,1399969.889,5823156.1482,,
4481,1389969.889,5823156.1482,1399969.889,5813156.1482,,
4482,1389969.889,5813156.1482,1399969.889,5803156.1482,,
4483,1389969.889,5803156.1482,1399969.889,5793156.1482,,
4484,1389969.889,5793156.1482,1399969.889,5783156.1482,,
4485,1389969.889,5783156.1482,1399969.889,5773156.1482,,
4486,1389969.889,5773156.1482,1399969.889,5763156.1482,,
4487,1389969.889,5763156.1482,1399969.889,5753156.1482,,
4488,1389969.889,5753156.1482,1399969.889,5743156.1482,,
4489,1389969.889,5743156.1482,1399969.889,5733156.1482,,
4490,1389969.889,5733156.1482,1399969.889,5723156.1482,,
4491,1389969.889,5723156.1482,1399969.889,5713156.1482,,
4492,1389969.889,5713156.1482,1399969.889,5703156.1482,,
4493,1389969.889,5703156.1482,1399969.889,5693156.1482,,
4494,1389969.889,5693156.1482,1399969.889,5683156.1482,,
4495,1389969.889,5683156.1482,1399969.889,5673156.1482,,
4496,1389969.889,5673156.1482,1399969.889,5663156.1482,,
4497,1389969.889,5663156.1482,1399969.889,5653156.1482,,
4498,1389969.889,5653156.1482,1399969.889,5643156.1482,,
4499,1389969.889,5643156.1482,1399969.889,5633156.1482,,
4500,1389969.889,5633156.1482,1399969.889,5623156.1482,,
4501,1389969.889,5623156.1482,1399969.889,5613156.1482,,
4502,1389969.889,5613156.1482,1399969.889,5603156.1482,,
4503,1389969.889,5603156.1482,1399969.889,5593156.1482,,
4504,1389969.889,5593156.1482,1399969.889,5583156.1482,,
4505,1389969.889,5583156.1482,1399969.889,5573156.1482,,
4506,1389969.889,5573156.1482,1399969.889,5563156.1482,,
4507,1389969.889,5563156.1482,1399969.889,5553156.1482,,
4508,1389969.889,5553156.1482,1399969.889,5543156.1482,,
4509,1389969.889,5543156.1482,1399969.889,5533156.1482,,
4510,1389969.889,5533156.1482,1399969.889,5523156.1482,,
4511,1389969.889,5523156.1482,1399969.889,5513156.1482,,
4512,1389969.889,5513156.1482,1399969.889,5503156.1482,,
4513,1389969.889,5503156.1482,1399969.889,5493156.1482,,
4514,1389969.889,5493156.1482,1399969.889,5483156.1482,,
4515,1389969.889,5483156.1482,1399969.889,5473156.1482,,
4516,1389969.889,5473156.1482,1399969.889,5463156.1482,,
4517,1389969.889,5463156.1482,1399969.889,5453156.1482,,
4518,1389969.889,5453156.1482,1399969.889,5443156.1482,,
4519,1389969.889,5443156.1482,1399969.889,5433156.1482,,
4520,1389969.889,5433156.1482,1399969.889,5423156.1482,,
4521,1389969.889,5423156.1482,1399969.889,5413156.1482,,
4522,1389969.889,5413156.1482,1399969.889,5403156.1482,,
4523,1389969.889,5403156.1482,1399969.889,5393156.1482,,
4524,1389969.889,5393156.1482,1399969.889,5383156.1482,,
4525,1389969.889,5383156.1482,1399969.889,5373156.1482,,
4526,1389969.889,5373156.1482,1399969.889,5363156.1482,,
4527,1389969.889,5363156.1482,1399969.889,5353156.1482,,
4528,1389969.889,5353156.1482,1399969.889,5343156.1482,,
4529,1389969.889,5343156.1482,1399969.889,5333156.1482,,
4530,1389969.889,5333156.1482,1399969.889,5323156.1482,,
4531,1389969.889,5323156.1482,1399969.889,5313156.1482,,
4532,1389969.889,5313156.1482,1399969.889,5303156.1482,,
4533,1389969.889,5303156.1482,1399969.889,5293156.1482,,
4534,1389969.889,5293156.1482,1399969.889,5283156.1482,,
4535,1389969.889,5283156.1482,1399969.889,5273156.1482,,
4536,1389969.889,5273156.1482,1399969.889,5263156.1482,,
4537,1389969.889,5263156.1482,1399969.889,5253156.1482,,
4538,1389969.889,5253156.1482,1399969.889,5243156.1482,,
4539,1389969.889,5243156.1482,1399969.889,5233156.1482,2998444.3001,3286756.252
4540,1389969.889,5233156.1482,1399969.889,5223156.1482,42000323.3396,41442804.398
4541,1389969.889,5223156.1482,1399969.889,5213156.1482,42879177.9399,41651337.604
4542,1389969.889,5213156.1482,1399969.889,5203156.1482,42991852.905,41290272.057
4543,1389969.889,5203156.1482,1399969.889,5193156.1482,43029918.0814,41180351.435
4544,1389969.889,5193156.1482,1399969.889,5183156.1482,80546207.0138,45704700.059
4545,1389969.889,5183156.1482,1399969.889,5173156.1482,158241053.5462,55065723.219
4546,1389969.889,5173156.1482,1399969.889,5163156.1482,160142490.2034,55297047.903
4547,1389969.889,5163156.1482,1399969.889,5153156.1482,160142493.315,55297048.978
4548,1389969.889,5153156.1482,1399969.889,5143156.1482,173901655.4488,58715318.534
4549,1389969.889,5143156.1482,1399969.889,5133156.1482,205272747.1533,66507795.381
4550,1389969.889,5133156.1482,1399969.889,5123156.1482,234620622.2723,73796701.913
4551,1389969.889,5123156.1482,1399969.889,5113156.1482,160142508.7852,55297054.32
4552,1389969.889,5113156.1482,1399969.889,5103156.1482,160142511.3639,55297055.21
4553,1389969.889,5103156.1482,1399969.889,5093156.1482,160142515.3298,55297056.579
4554,1389969.889,5093156.1482,1399969.889,5083156.1482,158688607.7312,57037534.437
4555,1389969.889,5083156.1482,1399969.889,5073156.1482,141974403.1948,76705852.416
4556,1389969.889,5073156.1482,1399969.889,5063156.1482,140177198.5519,78851548.747
4557,1389969.889,5063156.1482,1399969.889,5053156.1482,140177201.8279,78851550.59
4558,1389969.889,5053156.1482,1399969.889,5043156.1482,177805080.9618,68458272.855
4559,1389969.889,5043156.1482,1399969.889,5033156.1482,231100338.1643,120834950.527
4560,1389969.889,5033156.1482,1399969.889,5023156.1482,247147167.4926,161198557.614
4561,1389969.889,5023156.1482,1399969.889,5013156.1482,225565938.165,148489942.634
4562,1389969.889,5013156.1482,1399969.889,5003156.1482,194463500.6772,142270181.901
4563,1389969.889,5003156.1482,1399969.889,4993156.1482,128412070.7383,113510564.922
4564,1389969.889,4993156.1482,1399969.889,4983156.1482,151291508.6628,135756129.566
4565,1389969.889,4983156.1482,1399969.889,4973156.1482,116040780.9814,113508666.475
4566,1389969.889,4973156.1482,1399969.889,4963156.1482,166840997.4325,154723830.073
4567,1389969.889,4963156.1482,1399969.889,4953156.1482,168206413.6703,159397469.011
4568,1389969.889,4953156.1482,1399969.889,4943156.1482,139922734.014,146053413.764
4569,1389969.889,4943156.1482,1399969.889,4933156.1482,64363246.0293,73657654.413
4570,1389969.889,4933156.1482,1399969.889,4923156.1482,373292671.2619,499241702.431
4571,1389969.889,4923156.1482,1399969.889,4913156.1482,10009401392.1831,15199753999.894
4572,1389969.889,4913156.1482,1399969.889,4903156.1482,3245423642.7481,5258978636.172
4573,1389969.889,4903156.1482,1399969.889,4893156.1482,,
4574,1389969.889,4893156.1482,1399969.889,4883156.1482,,
4575,1389969.889,4883156.1482,1399969.889,4873156.1482,,
4576,1389969.889,4873156.1482,1399969.889,4863156.1482,,
4577,1389969.889,4863156.1482,1399969.889,4853156.1482,,
4578,1389969.889,4853156.1482,1399969.889,4843156.1482,,
4579,1389969.889,4843156.1482,1399969.889,4833156.1482,,
4580,1389969.889,4833156.1482,1399969.889,4823156.1482,,
4581,1389969.889,4823156.1482,1399969.889,4813156.1482,,
4582,1389969.889,4813156.1482,1399969.889,4803156.1482,,
4583,1389969.889,4803156.1482,1399969.889,4793156.1482,,
4584,1389969.889,4793156.1482,1399969.889,4783156.1482,,
4585,1389969.889,4783156.1482,1399969.889,4773156.1482,,
4586,1389969.889,4773156.1482,1399969.889,4763156.1482,,
4587,1389969.889,4763156.1482,1399969.889,4753156.1482,,
4588,1389969.889,4753156.1482,1399969.889,4743156.1482,,
4589,1399969.889,6223156.1482,1409969.889,6213156.1482,,
4590,1399969.889,6213156.1482,1409969.889,6203156.1482,,
4591,1399969.889,6203156.1482,1409969.889,6193156.1482,,
4592,1399969.889,6193156.1482,1409969.889,6183156.1482,,
4593,1399969.889,6183156.1482,1409969.889,6173156.1482,,
4594,1399969.889,6173156.1482,1409969.889,6163156.1482,,
4595,1399969.889,6163156.1482,1409969.889,6153156.1482,,
4596,1399969.889,6153156.1482,1409969.889,6143156.1482,,
4597,1399969.889,6143156.1482,1409969.889,6133156.1482,,
4598,1399969.889,6133156.1482,1409969.889,6123156.1482,,
4599,1399969.889,6123156.1482,1409969.889,6113156.1482,,
4600,1399969.889,6113156.1482,1409969.889,6103156.1482,,
4601,1399969.889,6103156.1482,1409969.889,6093156.1482,,
4602,1399969.889,6093156.1482,1409969.889,6083156.1482,,
4603,1399969.889,6083156.1482,1409969.889,6073156.1482,,
4604,1399969.889,6073156.1482,1409969.889,6063156.1482,,
4605,1399969.889,6063156.1482,1409969.889,6053156.1482,,
4606,1399969.889,6053156.1482,1409969.889,6043156.1482,,
4607,1399969.889,6043156.1482,1409969.889,6033156.1482,,
4608,1399969.889,6033156.1482,1409969.889,6023156.1482,,
4609,1399969.889,6023156.1482,1409969.889,6013156.1482,,
4610,1399969.889,6013156.1482,1409969.889,6003156.1482,,
4611,1399969.889,6003156.1482,1409969.889,5993156.1482,,
4612,1399969.889,5993156.1482,1409969.889,5983156.1482,,
4613,1399969.889,5983156.1482,1409969.889,5973156.1482,,
4614,1399969.889,5973156.1482,1409969.889,5963156.1482,,
4615,1399969.889,5963156.1482,1409969.889,5953156.1482,,
4616,1399969.889,5953156.1482,1409969.889,5943156.1482,,
4617,1399969.889,5943156.1482,1409969.889,5933156.1482,,
4618,1399969.889,5933156.1482,1409969.889,5923156.1482,,
4619,1399969.889,5923156.1482,1409969.889,5913156.1482,,
4620,1399969.889,5913156.1482,1409969.889,5903156.1482,,
4621,1399969.889,5903156.1482,1409969.889,5893156.1482,,
4622,1399969.889,5893156.1482,1409969.889,5883156.1482,,
4623,1399969.889,5883156.1482,1409969.889,5873156.1482,,
4624,1399969.889,5873156.1482,1409969.889,5863156.1482,,
4625,1399969.889,5863156.1482,1409969.889,5853156.1482,,
4626,1399969.889,5853156.1482,1409969.889,5843156.1482,,
4627,1399969.889,5843156.1482,1409969.889,5833156.1482,,
4628,1399969.889,5833156.1482,1409969.889,5823156.1482,,
4629,1399969.889,5823156.1482,1409969.889,5813156.1482,,
4630,1399969.889,5813156.1482,1409969.889,5803156.1482,,
4631,1399969.889,5803156.1482,1409969.889,5793156.1482,,
4632,1399969.889,5793156.1482,1409969.889,5783156.1482,,
4633,1399969.889,5783156.1482,1409969.889,5773156.1482,,
4634,1399969.889,5773156.1482,1409969.889,5763156.1482,,
4635,1399969.889,5763156.1482,1409969.889,5753156.1482,,
4636,1399969.889,5753156.1482,1409969.889,5743156.1482,,
4637,1399969.889,5743156.1482,1409969.889,5733156.1482,,
4638,1399969.889,5733156.1482,1409969.889,5723156.1482,,
4639,1399969.889,5723156.1482,1409969.889,5713156.1482,,
4640,1399969.889,5713156.1482,1409969.889,5703156.1482,,
4641,1399969.889,5703156.1482,1409969.889,5693156.1482,,
4642,1399969.889,5693156.1482,1409969.889,5683156.1482,,
4643,1399969.889,5683156.1482,1409969.889,5673156.1482,,
4644,1399969.889,5673156.1482,1409969.889,5663156.1482,,
4645,1399969.889,5663156.1482,1409969.889,5653156.1482,,
4646,1399969.889,5653156.1482,1409969.889,5643156.1482,,
4647,1399969.889,5643156.1482,1409969.889,5633156.1482,,
4648,1399969.889,5633156.1482,1409969.889,5623156.1482,,
4649,1399969.889,5623156.1482,1409969.889,5613156.1482,,
4650,1399969.889,5613156.1482,1409969.889,5603156.1482,,
4651,1399969.889,5603156.1482,1409969.889,5593156.1482,,
4652,1399969.889,5593156.1482,1409969.889,5583156.1482,,
4653,1399969.889,5583156.1482,1409969.889,5573156.1482,,
4654,1399969.889,5573156.1482,1409969.889,5563156.1482,,
4655,1399969.889,5563156.1482,1409969.889,5553156.1482,,
4656,1399969.889,5553156.1482,1409969.889,5543156.1482,,
4657,1399969.889,5543156.1482,1409969.889,5533156.1482,,
4658,1399969.889,5533156.1482,1409969.889,5523156.1482,,
4659,1399969.889,5523156.1482,1409969.889,5513156.1482,,
4660,1399969.889,5513156.1482,1409969.889,5503156.1482,,
4661,1399969.889,5503156.1482,1409969.889,5493156.1482,,
4662,1399969.889,5493156.1482,1409969.889,5483156.1482,,
4663,1399969.889,5483156.1482,1409969.889,5473156.1482,,
4664,1399969.889,5473156.1482,1409969.889,5463156.1482,,
4665,1399969.889,5463156.1482,1409969.889,5453156.1482,,
4666,1399969.889,5453156.1482,1409969.889,5443156.1482,,
4667,1399969.889,5443156.1482,1409969.889,5433156.1482,,
4668,1399969.889,5433156.1482,1409969.889,5423156.1482,,
4669,1399969.889,5423156.1482,1409969.889,5413156.1482,,
4670,1399969.889,5413156.1482,1409969.889,5403156.1482,,
4671,1399969.889,5403156.1482,1409969.889,5393156.1482,,
4672,1399969.889,5393156.1482,1409969.889,5383156.1482,,
4673,1399969.889,5383156.1482,1409969.889,5373156.1482,,
4674,1399969.889,5373156.1482,1409969.889,5363156.1482,,
4675,1399969.889,5363156.1482,1409969.889,5353156.1482,,
4676,1399969.889,5353156.1482,1409969.889,5343156.1482,,
4677,1399969.889,5343156.1482,1409969.889,5333156.1482,,
4678,1399969.889,5333156.1482,1409969.889,5323156.1482,,
4679,1399969.889,5323156.1482,1409969.889,5313156.1482,,
4680,1399969.889,5313156.1482,1409969.889,5303156.1482,,
4681,1399969.889,5303156.1482,1409969.889,5293156.1482,,
4682,1399969.889,5293156.1482,1409969.889,5283156.1482,,
4683,1399969.889,5283156.1482,1409969.889,5273156.1482,,
4684,1399969.889,5273156.1482,1409969.889,5263156.1482,,
4685,1399969.889,5263156.1482,1409969.889,5253156.1482,,
4686,1399969.889,5253156.1482,1409969.889,5243156.1482,,
4687,1399969.889,5243156.1482,1409969.889,5233156.1482,20739949.3236,22734175.22
4688,1399969.889,5233156.1482,1409969.889,5223156.1482,41940432.2179,44547973.363
4689,1399969.889,5223156.1482,1409969.889,5213156.1482,42121000.5465,43963983.101
4690,1399969.889,5213156.1482,1409969.889,5203156.1482,41982107.6767,44411939.468
4691,1399969.889,5203156.1482,1409969.889,5193156.1482,42872101.6392,41100102.999
4692,1399969.889,5193156.1482,1409969.889,5183156.1482,81567387.7389,40564768.796
4693,1399969.889,5183156.1482,1409969.889,5173156.1482,148385975.4015,52467899.814
4694,1399969.889,5173156.1482,1409969.889,5163156.1482,160158251.4403,55302490.243
4695,1399969.889,5163156.1482,1409969.889,5153156.1482,160158255.6752,55302491.706
4696,1399969.889,5153156.1482,1409969.889,5143156.1482,277271993.0961,84394588.425
4697,1399969.889,5143156.1482,1409969.889,5133156.1482,350921770.6225,102687669.514
4698,1399969.889,5133156.1482,1409969.889,5123156.1482,234478649.0127,73761984.567
4699,1399969.889,5123156.1482,1409969.889,5113156.1482,150781326.2056,56921372.044
4700,1399969.889,5113156.1482,1409969.889,5103156.1482,149216193.2809,57183165.074
4701,1399969.889,5103156.1482,1409969.889,5093156.1482,155226943.2263,56148782.802
4702,1399969.889,5093156.1482,1409969.889,5083156.1482,144418175.3622,67941718.272
4703,1399969.889,5083156.1482,1409969.889,5073156.1482,140190989.1094,78859306.12
4704,1399969.889,5073156.1482,1409969.889,5063156.1482,140190993.0857,78859308.357
4705,1399969.889,5063156.1482,1409969.889,5053156.1482,140190995.4973,78859309.713
4706,1399969.889,5053156.1482,1409969.889,5043156.1482,140538797.0984,79125771.452
4707,1399969.889,5043156.1482,1409969.889,5033156.1482,200868607.0326,125453860.26
4708,1399969.889,5033156.1482,1409969.889,5023156.1482,248316353.5455,161888064.435
4709,1399969.889,5023156.1482,1409969.889,5013156.1482,231322548.7612,166185364.058
4710,1399969.889,5013156.1482,1409969.889,5003156.1482,155988951.6575,185082062.949
4711,1399969.889,5003156.1482,1409969.889,4993156.1482,141658844.9374,188488961.207
4712,1399969.889,4993156.1482,1409969.889,4983156.1482,157359035.1445,167438699.965
4713,1399969.889,4983156.1482,1409969.889,4973156.1482,166857408.4422,154739049.2
4714,1399969.889,4973156.1482,1409969.889,4963156.1482,166857411.7761,154739052.292
4715,1399969.889,4963156.1482,1409969.889,4953156.1482,243930501.7835,234882564.753
4716,1399969.889,4953156.1482,1409969.889,4943156.1482,399201876.9191,396339888.373
4717,1399969.889,4943156.1482,1409969.889,4933156.1482,389830544.2262,387332326.456
4718,1399969.889,4933156.1482,1409969.889,4923156.1482,1356543456.929,1800645208.432
4719,1399969.889,4923156.1482,1409969.889,4913156.1482,47018366898.209,61087080720.251
4720,1399969.889,4913156.1482,1409969.889,4903156.1482,3297368790.8263,5068733651.789
4721,1399969.889,4903156.1482,1409969.889,4893156.1482,,
4722,1399969.889,4893156.1482,1409969.889,4883156.1482,,
4723,1399969.889,4883156.1482,1409969.889,4873156.1482,,
4724,1399969.889,4873156.1482,1409969.889,4863156.1482,,
4725,1399969.889,4863156.1482,1409969.889,4853156.1482,,
4726,1399969.889,4853156.1482,1409969.889,4843156.1482,,
4727,1399969.889,4843156.1482,1409969.889,4833156.1482,,
4728,1399969.889,4833156.1482,1409969.889,4823156.1482,,
4729,1399969.889,4823156.1482,1409969.889,4813156.1482,,
4730,1399969.889,4813156.1482,1409969.889,4803156.1482,,
4731,1399969.889,4803156.1482,1409969.889,4793156.1482,,
4732,1399969.889,4793156.1482,1409969.889,4783156.1482,,
4733,1399969.889,4783156.1482,1409969.889,4773156.1482,,
4734,1399969.889,4773156.1482,1409969.889,4763156.1482,,
4735,1399969.889,4763156.1482,1409969.889,4753156.1482,,
4736,1399969.889,4753156.1482,1409969.889,4743156.1482,,
4737,1409969.889,6223156.1482,1419969.889,6213156.1482,,
4738,1409969.889,6213156.1482,1419969.889,6203156.1482,,
4739,1409969.889,6203156.1482,1419969.889,6193156.1482,,
4740,1409969.889,6193156.1482,1419969.889,6183156.1482,,
4741,1409969.889,6183156.1482,1419969.889,6173156.1482,,
4742,1409969.889,6173156.1482,1419969.889,6163156.1482,,
4743,1409969.889,6163156.1482,1419969.889,6153156.1482,,
4744,1409969.889,6153156.1482,1419969.889,6143156.1482,,
4745,1409969.889,6143156.1482,1419969.889,6133156.1482,,
4746,1409969.889,6133156.1482,1419969.889,6123156.1482,,
4747,1409969.889,6123156.1482,1419969.889,6113156.1482,,
4748,1409969.889,6113156.1482,1419969.889,6103156.1482,,
4749,1409969.889,6103156.1482,1419969.889,6093156.1482,,
4750,1409969.889,6093156.1482,1419969.889,6083156.1482,,
4751,1409969.889,6083156.1482,1419969.889,6073156.1482,,
4752,1409969.889,6073156.1482,1419969.889,6063156.1482,,
4753,1409969.889,6063156.1482,1419969.889,6053156.1482,,
4754,1409969.889,6053156.1482,1419969.889,6043156.1482,,
4755,1409969.889,6043156.1482,1419969.889,6033156.1482,,
4756,1409969.889,6033156.1482,1419969.889,6023156.1482,,
4757,1409969.889,6023156.1482,1419969.889,6013156.1482,,
4758,1409969.889,6013156.1482,1419969.889,6003156.1482,,
4759,1409969.889,6003156.1482,1419969.889,5993156.1482,,
4760,1409969.889,5993156.1482,1419969.889,5983156.1482,,
4761,1409969.889,5983156.1482,1419969.889,5973156.1482,,
4762,1409969.889,5973156.1482,1419969.889,5963156.1482,,
4763,1409969.889,5963156.1482,1419969.889,5953156.1482,,
4764,1409969.889,5953156.1482,1419969.889,5943156.1482,,
4765,1409969.889,5943156.1482,1419969.889,5933156.1482,,
4766,1409969.889,5933156.1482,1419969.889,5923156.1482,,
4767,1409969.889,5923156.1482,1419969.889,5913156.1482,,
4768,1409969.889,5913156.1482,1419969.889,5903156.1482,,
4769,1409969.889,5903156.1482,1419969.889,5893156.1482,,
4770,1409969.889,5893156.1482,1419969.889,5883156.1482,,
4771,1409969.889,5883156.1482,1419969.889,5873156.1482,,
4772,1409969.889,5873156.1482,1419969.889,5863156.1482,,
4773,1409969.889,5863156.1482,1419969.889,5853156.1482,,
4774,1409969.889,5853156.1482,1419969.889,5843156.1482,,
4775,1409969.889,5843156.1482,1419969.889,5833156.1482,,
4776,1409969.889,5833156.1482,1419969.889,5823156.1482,,
4777,1409969.889,5823156.1482,1419969.889,5813156.1482,,
4778,1409969.889,5813156.1482,1419969.889,5803156.1482,,
4779,1409969.889,5803156.1482,1419969.889,5793156.1482,,
4780,1409969.889,5793156.1482,1419969.889,5783156.1482,,
4781,1409969.889,5783156.1482,1419969.889,5773156.1482,,
4782,1409969.889,5773156.1482,1419969.889,5763156.1482,,
4783,1409969.889,5763156.1482,1419969.889,5753156.1482,,
4784,1409969.889,5753156.1482,1419969.889,5743156.1482,,
4785,1409969.889,5743156.1482,1419969.889,5733156.1482,,
4786,1409969.889,5733156.1482,1419969.889,5723156.1482,,
4787,1409969.889,5723156.1482,1419969.889,5713156.1482,,
4788,1409969.889,5713156.1482,1419969.889,5703156.1482,,
4789,1409969.889,5703156.1482,1419969.889,5693156.1482,,
4790,1409969.889,5693156.1482,1419969.889,5683156.1482,,
4791,1409969.889,5683156.1482,1419969.889,5673156.1482,,
4792,1409969.889,5673156.1482,1419969.889,5663156.1482,,
4793,1409969.889,5663156.1482,1419969.889,5653156.1482,,
4794,1409969.889,5653156.1482,1419969.889,5643156.1482,,
4795,1409969.889,5643156.1482,1419969.889,5633156.1482,,
4796,1409969.889,5633156.1482,1419969.889,5623156.1482,,
4797,1409969.889,5623156.1482,1419969.889,5613156.1482,,
4798,1409969.889,5613156.1482,1419969.889,5603156.1482,,
4799,1409969.889,5603156.1482,1419969.889,5593156.1482,,
4800,1409969.889,5593156.1482,1419969.889,5583156.1482,,
4801,1409969.889,5583156.1482,1419969.889,5573156.1482,,
4802,1409969.889,5573156.1482,1419969.889,5563156.1482,,
4803,1409969.889,5563156.1482,1419969.889,5553156.1482,,
4804,1409969.889,5553156.1482,1419969.889,5543156.1482,,
4805,1409969.889,5543156.1482,1419969.889,5533156.1482,,
4806,1409969.889,5533156.1482,1419969.889,5523156.1482,,
4807,1409969.889,5523156.1482,1419969.889,5513156.1482,,
4808,1409969.889,5513156.1482,1419969.889,5503156.1482,,
4809,1409969.889,5503156.1482,1419969.889,5493156.1482,,
4810,1409969.889,5493156.1482,1419969.889,5483156.1482,,
4811,1409969.889,5483156.1482,1419969.889,5473156.1482,,
4812,1409969.889,5473156.1482,1419969.889,5463156.1482,,
4813,1409969.889,5463156.1482,1419969.889,5453156.1482,,
4814,1409969.889,5453156.1482,1419969.889,5443156.1482,,
4815,1409969.889,5443156.1482,1419969.889,5433156.1482,,
4816,1409969.889,5433156.1482,1419969.889,5423156.1482,,
4817,1409969.889,5423156.1482,1419969.889,5413156.1482,,
4818,1409969.889,5413156.1482,1419969.889,5403156.1482,,
4819,1409969.889,5403156.1482,1419969.889,5393156.1482,,
4820,1409969.889,5393156.1482,1419969.889,5383156.1482,,
4821,1409969.889,5383156.1482,1419969.889,5373156.1482,,
4822,1409969.889,5373156.1482,1419969.889,5363156.1482,,
4823,1409969.889,5363156.1482,1419969.889,5353156.1482,,
4824,1409969.889,5353156.1482,1419969.889,5343156.1482,,
4825,1409969.889,5343156.1482,1419969.889,5333156.1482,,
4826,1409969.889,5333156.1482,1419969.889,5323156.1482,,
4827,1409969.889,5323156.1482,1419969.889,5313156.1482,,
4828,1409969.889,5313156.1482,1419969.889,5303156.1482,,
4829,1409969.889,5303156.1482,1419969.889,5293156.1482,,
4830,1409969.889,5293156.1482,1419969.889,5283156.1482,,
4831,1409969.889,5283156.1482,1419969.889,5273156.1482,,
4832,1409969.889,5273156.1482,1419969.889,5263156.1482,,
4833,1409969.889,5263156.1482,1419969.889,5253156.1482,,
4834,1409969.889,5253156.1482,1419969.889,5243156.1482,10691075.7519,11719063.805
4835,1409969.889,5243156.1482,1419969.889,5233156.1482,41096238.8633,45047800.292
4836,1409969.889,5233156.1482,1419969.889,5223156.1482,41598236.8308,45598067.295
4837,1409969.889,5223156.1482,1419969.889,5213156.1482,41598237.0734,45598067.561
4838,1409969.889,5213156.1482,1419969.889,5203156.1482,41598238.2223,45598068.821
4839,1409969.889,5203156.1482,1419969.889,5193156.1482,28598325.9217,28612486.629
4840,1409969.889,5193156.1482,1419969.889,5183156.1482,24222310.6954,21602020.085
4841,1409969.889,5183156.1482,1419969.889,5173156.1482,58439654.073,30734144.509
4842,1409969.889,5173156.1482,1419969.889,5163156.1482,117055702.8711,44930707.293
4843,1409969.889,5163156.1482,1419969.889,5153156.1482,91472582.3038,38773577.129
4844,1409969.889,5153156.1482,1419969.889,5143156.1482,117830366.0027,51169099.979
4845,1409969.889,5143156.1482,1419969.889,5133156.1482,104338115.9505,64909484.399
4846,1409969.889,5133156.1482,1419969.889,5123156.1482,89454587.0389,67467239.069
4847,1409969.889,5123156.1482,1419969.889,5113156.1482,85293685.8875,68181413.831
4848,1409969.889,5113156.1482,1419969.889,5103156.1482,83246490.1719,68537110.347
4849,1409969.889,5103156.1482,1419969.889,5093156.1482,83246491.2353,68537111.222
4850,1409969.889,5093156.1482,1419969.889,5083156.1482,87394320.6676,69293526.23
4851,1409969.889,5083156.1482,1419969.889,5073156.1482,139038610.1283,78650977.86
4852,1409969.889,5073156.1482,1419969.889,5063156.1482,140204098.3161,78866680.224
4853,1409969.889,5063156.1482,1419969.889,5053156.1482,140204101.7289,78866682.144
4854,1409969.889,5053156.1482,1419969.889,5043156.1482,140204104.2258,78866683.548
4855,1409969.889,5043156.1482,1419969.889,5033156.1482,142639889.3534,80734663.644
4856,1409969.889,5033156.1482,1419969.889,5023156.1482,232351080.1311,159572954.543
4857,1409969.889,5023156.1482,1419969.889,5013156.1482,157822153.4216,184644071.625
4858,1409969.889,5013156.1482,1419969.889,5003156.1482,141454061.8903,188782075.104
4859,1409969.889,5003156.1482,1419969.889,4993156.1482,141454065.5851,188782080.035
4860,1409969.889,4993156.1482,1419969.889,4983156.1482,465015930.383,492024802.142
4861,1409969.889,4983156.1482,1419969.889,4973156.1482,414762312.9168,407014802.486
4862,1409969.889,4973156.1482,1419969.889,4963156.1482,166873008.8388,154753516.586
4863,1409969.889,4963156.1482,1419969.889,4953156.1482,214316264.9032,216938634.931
4864,1409969.889,4953156.1482,1419969.889,4943156.1482,1078901736.4897,1085890295.92
4865,1409969.889,4943156.1482,1419969.889,4933156.1482,202340205.5951,200896980.163
4866,1409969.889,4933156.1482,1419969.889,4923156.1482,2486551371.7013,2880319440.074
4867,1409969.889,4923156.1482,1419969.889,4913156.1482,2489799559.1639,3359998262.209
4868,1409969.889,4913156.1482,1419969.889,4903156.1482,31151.3136,37138.613
4869,1409969.889,4903156.1482,1419969.889,4893156.1482,,
4870,1409969.889,4893156.1482,1419969.889,4883156.1482,,
4871,1409969.889,4883156.1482,1419969.889,4873156.1482,,
4872,1409969.889,4873156.1482,1419969.889,4863156.1482,,
4873,1409969.889,4863156.1482,1419969.889,4853156.1482,,
4874,1409969.889,4853156.1482,1419969.889,4843156.1482,,
4875,1409969.889,4843156.1482,1419969.889,4833156.1482,,
4876,1409969.889,4833156.1482,1419969.889,4823156.1482,,
4877,1409969.889,4823156.1482,1419969.889,4813156.1482,,
4878,1409969.889,4813156.1482,1419969.889,4803156.1482,,
4879,1409969.889,4803156.1482,1419969.889,4793156.1482,,
4880,1409969.889,4793156.1482,1419969.889,4783156.1482,,
4881,1409969.889,4783156.1482,1419969.889,4773156.1482,,
4882,1409969.889,4773156.1482,1419969.889,4763156.1482,,
4883,1409969.889,4763156.1482,1419969.889,4753156.1482,,
4884,1409969.889,4753156.1482,1419969.889,4743156.1482,,
4885,1419969.889,6223156.1482,1429969.889,6213156.1482,,
4886,1419969.889,6213156.1482,1429969.889,6203156.1482,,
4887,1419969.889,6203156.1482,1429969.889,6193156.1482,,
4888,1419969.889,6193156.1482,1429969.889,6183156.1482,,
4889,1419969.889,6183156.1482,1429969.889,6173156.1482,,
4890,1419969.889,6173156.1482,1429969.889,6163156.1482,,
4891,1419969.889,6163156.1482,1429969.889,6153156.1482,,
4892,1419969.889,6153156.1482,1429969.889,6143156.1482,,
4893,1419969.889,6143156.1482,1429969.889,6133156.1482,,
4894,1419969.889,6133156.1482,1429969.889,6123156.1482,,
4895,1419969.889,6123156.1482,1429969.889,6113156.1482,,
4896,1419969.889,6113156.1482,1429969.889,6103156.1482,,
4897,1419969.889,6103156.1482,1429969.889,6093156.1482,,
4898,1419969.889,6093156.1482,1429969.889,6083156.1482,,
4899,1419969.889,6083156.1482,1429969.889,6073156.1482,,
4900,1419969.889,6073156.1482,1429969.889,6063156.1482,,
4901,1419969.889,6063156.1482,1429969.889,6053156.1482,,
4902,1419969.889,6053156.1482,1429969.889,6043156.1482,,
4903,1419969.889,6043156.1482,1429969.889,6033156.1482,,
4904,1419969.889,6033156.1482,1429969.889,6023156.1482,,
4905,1419969.889,6023156.1482,1429969.889,6013156.1482,,
4906,1419969.889,6013156.1482,1429969.889,6003156.1482,,
4907,1419969.889,6003156.1482,1429969.889,5993156.1482,,
4908,1419969.889,5993156.1482,1429969.889,5983156.1482,,
4909,1419969.889,5983156.1482,1429969.889,5973156.1482,,
4910,1419969.889,5973156.1482,1429969.889,5963156.1482,,
4911,1419969.889,5963156.1482,1429969.889,5953156.1482,,
4912,1419969.889,5953156.1482,1429969.889,5943156.1482,,
4913,1419969.889,5943156.1482,1429969.889,5933156.1482,,
4914,1419969.889,5933156.1482,1429969.889,5923156.1482,,
4915,1419969.889,5923156.1482,1429969.889,5913156.1482,,
4916,1419969.889,5913156.1482,1429969.889,5903156.1482,,
4917,1419969.889,5903156.1482,1429969.889,5893156.1482,,
4918,1419969.889,5893156.1482,1429969.889,5883156.1482,,
4919,1419969.889,5883156.1482,1429969.889,5873156.1482,,
4920,1419969.889,5873156.1482,1429969.889,5863156.1482,,
4921,1419969.889,5863156.1482,1429969.889,5853156.1482,,
4922,1419969.889,5853156.1482,1429969.889,5843156.1482,,
4923,1419969.889,5843156.1482,1429969.889,5833156.1482,,
4924,1419969.889,5833156.1482,1429969.889,5823156.1482,,
4925,1419969.889,5823156.1482,1429969.889,5813156.1482,,
4926,1419969.889,5813156.1482,1429969.889,5803156.1482,,
4927,1419969.889,5803156.1482,1429969.889,5793156.1482,,
4928,1419969.889,5793156.1482,1429969.889,5783156.1482,,
4929,1419969.889,5783156.1482,1429969.889,5773156.1482,,
4930,1419969.889,5773156.1482,1429969.889,5763156.1482,,
4931,1419969.889,5763156.1482,1429969.889,5753156.1482,,
4932,1419969.889,5753156.1482,1429969.889,5743156.1482,,
4933,1419969.889,5743156.1482,1429969.889,5733156.1482,,
4934,1419969.889,5733156.1482,1429969.889,5723156.1482,,
4935,1419969.889,5723156.1482,1429969.889,5713156.1482,,
4936,1419969.889,5713156.1482,1429969.889,5703156.1482,,
4937,1419969.889,5703156.1482,1429969.889,5693156.1482,,
4938,1419969.889,5693156.1482,1429969.889,5683156.1482,,
4939,1419969.889,5683156.1482,1429969.889,5673156.1482,,
4940,1419969.889,5673156.1482,1429969.889,5663156.1482,,
4941,1419969.889,5663156.1482,1429969.889,5653156.1482,,
4942,1419969.889,5653156.1482,1429969.889,5643156.1482,,
4943,1419969.889,5643156.1482,1429969.889,5633156.1482,,
4944,1419969.889,5633156.1482,1429969.889,5623156.1482,,
4945,1419969.889,5623156.1482,1429969.889,5613156.1482,,
4946,1419969.889,5613156.1482,1429969.889,5603156.1482,,
4947,1419969.889,5603156.1482,1429969.889,5593156.1482,,
4948,1419969.889,5593156.1482,1429969.889,5583156.1482,,
4949,1419969.889,5583156.1482,1429969.889,5573156.1482,,
4950,1419969.889,5573156.1482,1429969.889,5563156.1482,,
4951,1419969.889,5563156.1482,1429969.889,5553156.1482,,
4952,1419969.889,5553156.1482,1429969.889,5543156.1482,,
4953,1419969.889,5543156.1482,1429969.889,5533156.1482,,
4954,1419969.889,5533156.1482,1429969.889,5523156.1482,,
4955,1419969.889,5523156.1482,1429969.889,5513156.1482,,
4956,1419969.889,5513156.1482,1429969.889,5503156.1482,,
4957,1419969.889,5503156.1482,1429969.889,5493156.1482,,
4958,1419969.889,5493156.1482,1429969.889,5483156.1482,,
4959,1419969.889,5483156.1482,1429969.889,5473156.1482,,
4960,1419969.889,5473156.1482,1429969.889,5463156.1482,,
4961,1419969.889,5463156.1482,1429969.889,5453156.1482,,
4962,1419969.889,5453156.1482,1429969.889,5443156.1482,,
4963,1419969.889,5443156.1482,1429969.889,5433156.1482,,
4964,1419969.889,5433156.1482,1429969.889,5423156.1482,,
4965,1419969.889,5423156.1482,1429969.889,5413156.1482,,
4966,1419969.889,5413156.1482,1429969.889,5403156.1482,,
4967,1419969.889,5403156.1482,1429969.889,5393156.1482,,
4968,1419969.889,5393156.1482,1429969.889,5383156.1482,,
4969,1419969.889,5383156.1482,1429969.889,5373156.1482,,
4970,1419969.889,5373156.1482,1429969.889,5363156.1482,,
4971,1419969.889,5363156.1482,1429969.889,5353156.1482,,
4972,1419969.889,5353156.1482,1429969.889,5343156.1482,,
4973,1419969.889,5343156.1482,1429969.889,5333156.1482,,
4974,1419969.889,5333156.1482,1429969.889,5323156.1482,,
4975,1419969.889,5323156.1482,1429969.889,5313156.1482,,
4976,1419969.889,5313156.1482,1429969.889,5303156.1482,,
4977,1419969.889,5303156.1482,1429969.889,5293156.1482,,
4978,1419969.889,5293156.1482,1429969.889,5283156.1482,,
4979,1419969.889,5283156.1482,1429969.889,5273156.1482,,
4980,1419969.889,5273156.1482,1429969.889,5263156.1482,6514033.28,7649494.557
4981,1419969.889,5263156.1482,1429969.889,5253156.1482,310891576.4508,364801210.765
4982,1419969.889,5253156.1482,1429969.889,5243156.1482,60830642.1636,68387668.932
4983,1419969.889,5243156.1482,1429969.889,5233156.1482,41601921.556,45602106.321
4984,1419969.889,5233156.1482,1429969.889,5223156.1482,41601921.9611,45602106.765
4985,1419969.889,5223156.1482,1429969.889,5213156.1482,41601922.9969,45602107.901
4986,1419969.889,5213156.1482,1429969.889,5203156.1482,35563333.7508,38035045.592
4987,1419969.889,5203156.1482,1429969.889,5193156.1482,21904709.3021,20921096.461
4988,1419969.889,5193156.1482,1429969.889,5183156.1482,21881012.5306,20890966.717
4989,1419969.889,5183156.1482,1429969.889,5173156.1482,30130651.9345,23396446.196
4990,1419969.889,5173156.1482,1429969.889,5163156.1482,39891847.4016,26361220.795
4991,1419969.889,5163156.1482,1429969.889,5153156.1482,39891847.8646,26361221.101
4992,1419969.889,5153156.1482,1429969.889,5143156.1482,65301398.7818,51079265.598
4993,1419969.889,5143156.1482,1429969.889,5133156.1482,83253859.1811,68543177.277
4994,1419969.889,5133156.1482,1429969.889,5123156.1482,83253861.1788,68543178.921
4995,1419969.889,5123156.1482,1429969.889,5113156.1482,1597094004.594,1034124626.206
4996,1419969.889,5113156.1482,1429969.889,5103156.1482,92064230.5816,81497313.426
4997,1419969.889,5103156.1482,1429969.889,5093156.1482,83356429.5265,68694320.258
4998,1419969.889,5093156.1482,1429969.889,5083156.1482,94304832.087,84233989.082
4999,1419969.889,5083156.1482,1429969.889,5073156.1482,123326852.4037,111699305.841
5000,1419969.889,5073156.1482,1429969.889,5063156.1482,133277000.0297,119718409.693
5001,1419969.889,5063156.1482,1429969.889,5053156.1482,139774003.1574,89710916.751
5002,1419969.889,5053156.1482,1429969.889,5043156.1482,140216521.9158,78873668.665
5003,1419969.889,5043156.1482,1429969.889,5033156.1482,171104381.5,111834623.078
5004,1419969.889,5033156.1482,1429969.889,5023156.1482,304356386.738,270917366.484
5005,1419969.889,5023156.1482,1429969.889,5013156.1482,141466587.0785,188798790.998
5006,1419969.889,5013156.1482,1429969.889,5003156.1482,141466589.9144,188798794.783
5007,1419969.889,5003156.1482,1429969.889,4993156.1482,370976629.1682,409106984.168
5008,1419969.889,4993156.1482,1429969.889,4983156.1482,885489345.6334,896081545.719
5009,1419969.889,4983156.1482,1429969.889,4973156.1482,252757155.4617,242359353.527
5010,1419969.889,4973156.1482,1429969.889,4963156.1482,158778267.6749,147246672.491
5011,1419969.889,4963156.1482,1429969.889,4953156.1482,384380249.5009,458089987.855
5012,1419969.889,4953156.1482,1429969.889,4943156.1482,143960180.2289,144384927.044
5013,1419969.889,4943156.1482,1429969.889,4933156.1482,,
5014,1419969.889,4933156.1482,1429969.889,4923156.1482,276512292.082,344499782.873
5015,1419969.889,4923156.1482,1429969.889,4913156.1482,305375822.9646,364069226.264
5016,1419969.889,4913156.1482,1429969.889,4903156.1482,,
5017,1419969.889,4903156.1482,1429969.889,4893156.1482,,
5018,1419969.889,4893156.1482,1429969.889,4883156.1482,,
5019,1419969.889,4883156.1482,1429969.889,4873156.1482,,
5020,1419969.889,4873156.1482,1429969.889,4863156.1482,,
5021,1419969.889,4863156.1482,1429969.889,4853156.1482,,
5022,1419969.889,4853156.1482,1429969.889,4843156.1482,,
5023,1419969.889,4843156.1482,1429969.889,4833156.1482,,
5024,1419969.889,4833156.1482,1429969.889,4823156.1482,,
5025,1419969.889,4823156.1482,1429969.889,4813156.1482,,
5026,1419969.889,4813156.1482,1429969.889,4803156.1482,,
5027,1419969.889,4803156.1482,1429969.889,4793156.1482,,
5028,1419969.889,4793156.1482,1429969.889,4783156.1482,,
5029,1419969.889,4783156.1482,1429969.889,4773156.1482,,
5030,1419969.889,4773156.1482,1429969.889,4763156.1482,,
5031,1419969.889,4763156.1482,1429969.889,4753156.1482,,
5032,1419969.889,4753156.1482,1429969.889,4743156.1482,,
5033,1429969.889,6223156.1482,1439969.889,6213156.1482,,
5034,1429969.889,6213156.1482,1439969.889,6203156.1482,,
5035,1429969.889,6203156.1482,1439969.889,6193156.1482,,
5036,1429969.889,6193156.1482,1439969.889,6183156.1482,,
5037,1429969.889,6183156.1482,1439969.889,6173156.1482,,
5038,1429969.889,6173156.1482,1439969.889,6163156.1482,,
5039,1429969.889,6163156.1482,1439969.889,6153156.1482,,
5040,1429969.889,6153156.1482,1439969.889,6143156.1482,,
5041,1429969.889,6143156.1482,1439969.889,6133156.1482,,
5042,1429969.889,6133156.1482,1439969.889,6123156.1482,,
5043,1429969.889,6123156.1482,1439969.889,6113156.1482,,
5044,1429969.889,6113156.1482,1439969.889,6103156.1482,,
5045,1429969.889,6103156.1482,1439969.889,6093156.1482,,
5046,1429969.889,6093156.1482,1439969.889,6083156.1482,,
5047,1429969.889,6083156.1482,1439969.889,6073156.1482,,
5048,1429969.889,6073156.1482,1439969.889,6063156.1482,,
5049,1429969.889,6063156.1482,1439969.889,6053156.1482,,
5050,1429969.889,6053156.1482,1439969.889,6043156.1482,,
5051,1429969.889,6043156.1482,1439969.889,6033156.1482,,
5052,1429969.889,6033156.1482,1439969.889,6023156.1482,,
5053,1429969.889,6023156.1482,1439969.889,6013156.1482,,
5054,1429969.889,6013156.1482,1439969.889,6003156.1482,,
5055,1429969.889,6003156.1482,1439969.889,5993156.1482,,
5056,1429969.889,5993156.1482,1439969.889,5983156.1482,,
5057,1429969.889,5983156.1482,1439969.889,5973156.1482,,
5058,1429969.889,5973156.1482,1439969.889,5963156.1482,,
5059,1429969.889,5963156.1482,1439969.889,5953156.1482,,
5060,1429969.889,5953156.1482,1439969.889,5943156.1482,,
5061,1429969.889,5943156.1482,1439969.889,5933156.1482,,
5062,1429969.889,5933156.1482,1439969.889,5923156.1482,,
5063,1429969.889,5923156.1482,1439969.889,5913156.1482,,
5064,1429969.889,5913156.1482,1439969.889,5903156.1482,,
5065,1429969.889,5903156.1482,1439969.889,5893156.1482,,
5066,1429969.889,5893156.1482,1439969.889,5883156.1482,,
5067,1429969.889,5883156.1482,1439969.889,5873156.1482,,
5068,1429969.889,5873156.1482,1439969.889,5863156.1482,,
5069,1429969.889,5863156.1482,1439969.889,5853156.1482,,
5070,1429969.889,5853156.1482,1439969.889,5843156.1482,,
5071,1429969.889,5843156.1482,1439969.889,5833156.1482,,
5072,1429969.889,5833156.1482,1439969.889,5823156.1482,,
5073,1429969.889,5823156.1482,1439969.889,5813156.1482,,
5074,1429969.889,5813156.1482,1439969.889,5803156.1482,,
5075,1429969.889,5803156.1482,1439969.889,5793156.1482,,
5076,1429969.889,5793156.1482,1439969.889,5783156.1482,,
5077,1429969.889,5783156.1482,1439969.889,5773156.1482,,
5078,1429969.889,5773156.1482,1439969.889,5763156.1482,,
5079,1429969.889,5763156.1482,1439969.889,5753156.1482,,
5080,1429969.889,5753156.1482,1439969.889,5743156.1482,,
5081,1429969.889,5743156.1482,1439969.889,5733156.1482,,
5082,1429969.889,5733156.1482,1439969.889,5723156.1482,,
5083,1429969.889,5723156.1482,1439969.889,5713156.1482,,
5084,1429969.889,5713156.1482,1439969.889,5703156.1482,,
5085,1429969.889,5703156.1482,1439969.889,5693156.1482,,
5086,1429969.889,5693156.1482,1439969.889,5683156.1482,,
5087,1429969.889,5683156.1482,1439969.889,5673156.1482,,
5088,1429969.889,5673156.1482,1439969.889,5663156.1482,,
5089,1429969.889,5663156.1482,1439969.889,5653156.1482,,
5090,1429969.889,5653156.1482,1439969.889,5643156.1482,,
5091,1429969.889,5643156.1482,1439969.889,5633156.1482,,
5092,1429969.889,5633156.1482,1439969.889,5623156.1482,,
5093,1429969.889,5623156.1482,1439969.889,5613156.1482,,
5094,1429969.889,5613156.1482,1439969.889,5603156.1482,,
5095,1429969.889,5603156.1482,1439969.889,5593156.1482,,
5096,1429969.889,5593156.1482,1439969.889,5583156.1482,,
5097,1429969.889,5583156.1482,1439969.889,5573156.1482,,
5098,1429969.889,5573156.1482,1439969.889,5563156.1482,,
5099,1429969.889,5563156.1482,1439969.889,5553156.1482,,
5100,1429969.889,5553156.1482,1439969.889,5543156.1482,,
5101,1429969.889,5543156.1482,1439969.889,5533156.1482,,
5102,1429969.889,5533156.1482,1439969.889,5523156.1482,,
5103,1429969.889,5523156.1482,1439969.889,5513156.1482,,
5104,1429969.889,5513156.1482,1439969.889,5503156.1482,,
5105,1429969.889,5503156.1482,1439969.889,5493156.1482,,
5106,1429969.889,5493156.1482,1439969.889,5483156.1482,,
5107,1429969.889,5483156.1482,1439969.889,5473156.1482,,
5108,1429969.889,5473156.1482,1439969.889,5463156.1482,,
5109,1429969.889,5463156.1482,1439969.889,5453156.1482,,
5110,1429969.889,5453156.1482,1439969.889,5443156.1482,,
5111,1429969.889,5443156.1482,1439969.889,5433156.1482,,
5112,1429969.889,5433156.1482,1439969.889,5423156.1482,,
5113,1429969.889,5423156.1482,1439969.889,5413156.1482,,
5114,1429969.889,5413156.1482,1439969.889,5403156.1482,,
5115,1429969.889,5403156.1482,1439969.889,5393156.1482,,
5116,1429969.889,5393156.1482,1439969.889,5383156.1482,,
5117,1429969.889,5383156.1482,1439969.889,5373156.1482,,
5118,1429969.889,5373156.1482,1439969.889,5363156.1482,,
5119,1429969.889,5363156.1482,1439969.889,5353156.1482,,
5120,1429969.889,5353156.1482,1439969.889,5343156.1482,,
5121,1429969.889,5343156.1482,1439969.889,5333156.1482,,
5122,1429969.889,5333156.1482,1439969.889,5323156.1482,,
5123,1429969.889,5323156.1482,1439969.889,5313156.1482,,
5124,1429969.889,5313156.1482,1439969.889,5303156.1482,,
5125,1429969.889,5303156.1482,1439969.889,5293156.1482,,
5126,1429969.889,5293156.1482,1439969.889,5283156.1482,,
5127,1429969.889,5283156.1482,1439969.889,5273156.1482,22858647.4271,22967648.381
5128,1429969.889,5273156.1482,1439969.889,5263156.1482,2635126054.7069,3026597860.899
5129,1429969.889,5263156.1482,1439969.889,5253156.1482,776457052.4947,910073044.548
5130,1429969.889,5253156.1482,1439969.889,5243156.1482,45342618.0362,48356164.865
5131,1429969.889,5243156.1482,1439969.889,5233156.1482,39973079.3562,43050596.306
5132,1429969.889,5233156.1482,1439969.889,5223156.1482,40700343.8687,44187040.059
5133,1429969.889,5223156.1482,1439969.889,5213156.1482,37143131.1143,39347129.727
5134,1429969.889,5213156.1482,1439969.889,5203156.1482,22523989.8195,21679251.321
5135,1429969.889,5203156.1482,1439969.889,5193156.1482,21882843.0295,20892714.392
5136,1429969.889,5193156.1482,1439969.889,5183156.1482,21882843.3921,20892714.738
5137,1429969.889,5183156.1482,1439969.889,5173156.1482,21882857.3648,20892722.447
5138,1429969.889,5173156.1482,1439969.889,5163156.1482,27192268.6891,22506565.845
5139,1429969.889,5163156.1482,1439969.889,5153156.1482,39315036.4565,26485701.699
5140,1429969.889,5153156.1482,1439969.889,5143156.1482,72038849.947,57633028.342
5141,1429969.889,5143156.1482,1439969.889,5133156.1482,86375766.9638,71797445.195
5142,1429969.889,5133156.1482,1439969.889,5123156.1482,120878011.0319,107791114.905
5143,1429969.889,5123156.1482,1439969.889,5113156.1482,108105048.7518,94467546.991
5144,1429969.889,5113156.1482,1439969.889,5103156.1482,212887096.4593,256613521.468
5145,1429969.889,5103156.1482,1439969.889,5093156.1482,274314141.9882,349469608.505
5146,1429969.889,5093156.1482,1439969.889,5083156.1482,161555040.7988,182771617.398
5147,1429969.889,5083156.1482,1439969.889,5073156.1482,130566987.3245,135737660.051
5148,1429969.889,5073156.1482,1439969.889,5063156.1482,130566989.1708,135737661.971
5149,1429969.889,5063156.1482,1439969.889,5053156.1482,216455859.1355,231576449.391
5150,1429969.889,5053156.1482,1439969.889,5043156.1482,245123455.0324,221452374.982
5151,1429969.889,5043156.1482,1439969.889,5033156.1482,315147888.0013,265581412.271
5152,1429969.889,5033156.1482,1439969.889,5023156.1482,427617207.8174,416231346.24
5153,1429969.889,5023156.1482,1439969.889,5013156.1482,205806741.2646,295783843.334
5154,1429969.889,5013156.1482,1439969.889,5003156.1482,3021873060.061,4150283701.611
5155,1429969.889,5003156.1482,1439969.889,4993156.1482,1741858200.0536,2044241966.825
5156,1429969.889,4993156.1482,1439969.889,4983156.1482,263630888.606,264060722.302
5157,1429969.889,4983156.1482,1439969.889,4973156.1482,10050421.8531,9320489.489
5158,1429969.889,4973156.1482,1439969.889,4963156.1482,12790547.7888,11861608.196
5159,1429969.889,4963156.1482,1439969.889,4953156.1482,711409.5182,659741.953
5160,1429969.889,4953156.1482,1439969.889,4943156.1482,,
5161,1429969.889,4943156.1482,1439969.889,4933156.1482,,
5162,1429969.889,4933156.1482,1439969.889,4923156.1482,,
5163,1429969.889,4923156.1482,1439969.889,4913156.1482,,
5164,1429969.889,4913156.1482,1439969.889,4903156.1482,,
5165,1429969.889,4903156.1482,1439969.889,4893156.1482,,
5166,1429969.889,4893156.1482,1439969.889,4883156.1482,,
5167,1429969.889,4883156.1482,1439969.889,4873156.1482,,
5168,1429969.889,4873156.1482,1439969.889,4863156.1482,,
5169,1429969.889,4863156.1482,1439969.889,4853156.1482,,
5170,1429969.889,4853156.1482,1439969.889,4843156.1482,,
5171,1429969.889,4843156.1482,1439969.889,4833156.1482,,
5172,1429969.889,4833156.1482,1439969.889,4823156.1482,,
5173,1429969.889,4823156.1482,1439969.889,4813156.1482,,
5174,1429969.889,4813156.1482,1439969.889,4803156.1482,,
5175,1429969.889,4803156.1482,1439969.889,4793156.1482,,
5176,1429969.889,4793156.1482,1439969.889,4783156.1482,,
5177,1429969.889,4783156.1482,1439969.889,4773156.1482,,
5178,1429969.889,4773156.1482,1439969.889,4763156.1482,,
5179,1429969.889,4763156.1482,1439969.889,4753156.1482,,
5180,1429969.889,4753156.1482,1439969.889,4743156.1482,,
5181,1439969.889,6223156.1482,1449969.889,6213156.1482,,
5182,1439969.889,6213156.1482,1449969.889,6203156.1482,,
5183,1439969.889,6203156.1482,1449969.889,6193156.1482,,
5184,1439969.889,6193156.1482,1449969.889,6183156.1482,,
5185,1439969.889,6183156.1482,1449969.889,6173156.1482,,
5186,1439969.889,6173156.1482,1449969.889,6163156.1482,,
5187,1439969.889,6163156.1482,1449969.889,6153156.1482,,
5188,1439969.889,6153156.1482,1449969.889,6143156.1482,,
5189,1439969.889,6143156.1482,1449969.889,6133156.1482,,
5190,1439969.889,6133156.1482,1449969.889,6123156.1482,,
5191,1439969.889,6123156.1482,1449969.889,6113156.1482,,
5192,1439969.889,6113156.1482,1449969.889,6103156.1482,,
5193,1439969.889,6103156.1482,1449969.889,6093156.1482,,
5194,1439969.889,6093156.1482,1449969.889,6083156.1482,,
5195,1439969.889,6083156.1482,1449969.889,6073156.1482,,
5196,1439969.889,6073156.1482,1449969.889,6063156.1482,,
5197,1439969.889,6063156.1482,1449969.889,6053156.1482,,
5198,1439969.889,6053156.1482,1449969.889,6043156.1482,,
5199,1439969.889,6043156.1482,1449969.889,6033156.1482,,
5200,1439969.889,6033156.1482,1449969.889,6023156.1482,,
5201,1439969.889,6023156.1482,1449969.889,6013156.1482,,
5202,1439969.889,6013156.1482,1449969.889,6003156.1482,,
5203,1439969.889,6003156.1482,1449969.889,5993156.1482,,
5204,1439969.889,5993156.1482,1449969.889,5983156.1482,,
5205,1439969.889,5983156.1482,1449969.889,5973156.1482,,
5206,1439969.889,5973156.1482,1449969.889,5963156.1482,,
5207,1439969.889,5963156.1482,1449969.889,5953156.1482,,
5208,1439969.889,5953156.1482,1449969.889,5943156.1482,,
5209,1439969.889,5943156.1482,1449969.889,5933156.1482,,
5210,1439969.889,5933156.1482,1449969.889,5923156.1482,,
5211,1439969.889,5923156.1482,1449969.889,5913156.1482,,
5212,1439969.889,5913156.1482,1449969.889,5903156.1482,,
5213,1439969.889,5903156.1482,1449969.889,5893156.1482,,
5214,1439969.889,5893156.1482,1449969.889,5883156.1482,,
5215,1439969.889,5883156.1482,1449969.889,5873156.1482,,
5216,1439969.889,5873156.1482,1449969.889,5863156.1482,,
5217,1439969.889,5863156.1482,1449969.889,5853156.1482,,
5218,1439969.889,5853156.1482,1449969.889,5843156.1482,,
5219,1439969.889,5843156.1482,1449969.889,5833156.1482,,
5220,1439969.889,5833156.1482,1449969.889,5823156.1482,,
5221,1439969.889,5823156.1482,1449969.889,5813156.1482,,
5222,1439969.889,5813156.1482,1449969.889,5803156.1482,,
5223,1439969.889,5803156.1482,1449969.889,5793156.1482,,
5224,1439969.889,5793156.1482,1449969.889,5783156.1482,,
5225,1439969.889,5783156.1482,1449969.889,5773156.1482,,
5226,1439969.889,5773156.1482,1449969.889,5763156.1482,,
5227,1439969.889,5763156.1482,1449969.889,5753156.1482,,
5228,1439969.889,5753156.1482,1449969.889,5743156.1482,,
5229,1439969.889,5743156.1482,1449969.889,5733156.1482,,
5230,1439969.889,5733156.1482,1449969.889,5723156.1482,,
5231,1439969.889,5723156.1482,1449969.889,5713156.1482,,
5232,1439969.889,5713156.1482,1449969.889,5703156.1482,,
5233,1439969.889,5703156.1482,1449969.889,5693156.1482,,
5234,1439969.889,5693156.1482,1449969.889,5683156.1482,,
5235,1439969.889,5683156.1482,1449969.889,5673156.1482,,
5236,1439969.889,5673156.1482,1449969.889,5663156.1482,,
5237,1439969.889,5663156.1482,1449969.889,5653156.1482,,
5238,1439969.889,5653156.1482,1449969.889,5643156.1482,,
5239,1439969.889,5643156.1482,1449969.889,5633156.1482,,
5240,1439969.889,5633156.1482,1449969.889,5623156.1482,,
5241,1439969.889,5623156.1482,1449969.889,5613156.1482,,
5242,1439969.889,5613156.1482,1449969.889,5603156.1482,,
5243,1439969.889,5603156.1482,1449969.889,5593156.1482,,
5244,1439969.889,5593156.1482,1449969.889,5583156.1482,,
5245,1439969.889,5583156.1482,1449969.889,5573156.1482,,
5246,1439969.889,5573156.1482,1449969.889,5563156.1482,,
5247,1439969.889,5563156.1482,1449969.889,5553156.1482,,
5248,1439969.889,5553156.1482,1449969.889,5543156.1482,,
5249,1439969.889,5543156.1482,1449969.889,5533156.1482,,
5250,1439969.889,5533156.1482,1449969.889,5523156.1482,,
5251,1439969.889,5523156.1482,1449969.889,5513156.1482,,
5252,1439969.889,5513156.1482,1449969.889,5503156.1482,,
5253,1439969.889,5503156.1482,1449969.889,5493156.1482,,
5254,1439969.889,5493156.1482,1449969.889,5483156.1482,,
5255,1439969.889,5483156.1482,1449969.889,5473156.1482,,
5256,1439969.889,5473156.1482,1449969.889,5463156.1482,,
5257,1439969.889,5463156.1482,1449969.889,5453156.1482,,
5258,1439969.889,5453156.1482,1449969.889,5443156.1482,,
5259,1439969.889,5443156.1482,1449969.889,5433156.1482,,
5260,1439969.889,5433156.1482,1449969.889,5423156.1482,,
5261,1439969.889,5423156.1482,1449969.889,5413156.1482,,
5262,1439969.889,5413156.1482,1449969.889,5403156.1482,,
5263,1439969.889,5403156.1482,1449969.889,5393156.1482,,
5264,1439969.889,5393156.1482,1449969.889,5383156.1482,,
5265,1439969.889,5383156.1482,1449969.889,5373156.1482,,
5266,1439969.889,5373156.1482,1449969.889,5363156.1482,,
5267,1439969.889,5363156.1482,1449969.889,5353156.1482,,
5268,1439969.889,5353156.1482,1449969.889,5343156.1482,,
5269,1439969.889,5343156.1482,1449969.889,5333156.1482,,
5270,1439969.889,5333156.1482,1449969.889,5323156.1482,,
5271,1439969.889,5323156.1482,1449969.889,5313156.1482,,
5272,1439969.889,5313156.1482,1449969.889,5303156.1482,,
5273,1439969.889,5303156.1482,1449969.889,5293156.1482,3948918.5579,5597499.334
5274,1439969.889,5293156.1482,1449969.889,5283156.1482,487522691.1199,661111738.959
5275,1439969.889,5283156.1482,1449969.889,5273156.1482,390469015.6541,392709651.608
5276,1439969.889,5273156.1482,1449969.889,5263156.1482,314273764.2027,315785256.528
5277,1439969.889,5263156.1482,1449969.889,5253156.1482,33887068.3013,33516991.109
5278,1439969.889,5253156.1482,1449969.889,5243156.1482,33887068.7063,33516991.51
5279,1439969.889,5243156.1482,1449969.889,5233156.1482,33912346.5406,33556317.327
5280,1439969.889,5233156.1482,1449969.889,5223156.1482,31476760.167,29783680.746
5281,1439969.889,5223156.1482,1449969.889,5213156.1482,23158691.5024,21057509.377
5282,1439969.889,5213156.1482,1449969.889,5203156.1482,21884566.1149,20894359.513
5283,1439969.889,5203156.1482,1449969.889,5193156.1482,21884566.5052,20894359.885
5284,1439969.889,5193156.1482,1449969.889,5183156.1482,21884566.6995,20894360.071
5285,1439969.889,5183156.1482,1449969.889,5173156.1482,21884567.1397,20894360.491
5286,1439969.889,5173156.1482,1449969.889,5163156.1482,21884567.3061,20894360.65
5287,1439969.889,5163156.1482,1449969.889,5153156.1482,33148017.2043,25356097.026
5288,1439969.889,5153156.1482,1449969.889,5143156.1482,80043807.0044,65419794.309
5289,1439969.889,5143156.1482,1449969.889,5133156.1482,87132426.9279,72584711.827
5290,1439969.889,5133156.1482,1449969.889,5123156.1482,207400449.8196,198053006.638
5291,1439969.889,5123156.1482,1449969.889,5113156.1482,225157005.5213,216575213.92
5292,1439969.889,5113156.1482,1449969.889,5103156.1482,501111182.741,535879435.988
5293,1439969.889,5103156.1482,1449969.889,5093156.1482,427592821.2121,534833244.606
5294,1439969.889,5093156.1482,1449969.889,5083156.1482,784796504.737,1034427168.329
5295,1439969.889,5083156.1482,1449969.889,5073156.1482,675164963.8443,829362650.099
5296,1439969.889,5073156.1482,1449969.889,5063156.1482,370323654.8381,432784117.444
5297,1439969.889,5063156.1482,1449969.889,5053156.1482,279446855.045,304248671.552
5298,1439969.889,5053156.1482,1449969.889,5043156.1482,4005827669.021,4467465865.276
5299,1439969.889,5043156.1482,1449969.889,5033156.1482,414061271.1474,387975583.093
5300,1439969.889,5033156.1482,1449969.889,5023156.1482,530930153.862,509909130.425
5301,1439969.889,5023156.1482,1449969.889,5013156.1482,736646736.8637,1177380734.054
5302,1439969.889,5013156.1482,1449969.889,5003156.1482,4425537330.8431,5818279440.42
5303,1439969.889,5003156.1482,1449969.889,4993156.1482,671646156.5653,708129759.576
5304,1439969.889,4993156.1482,1449969.889,4983156.1482,,
5305,1439969.889,4983156.1482,1449969.889,4973156.1482,,
5306,1439969.889,4973156.1482,1449969.889,4963156.1482,,
5307,1439969.889,4963156.1482,1449969.889,4953156.1482,,
5308,1439969.889,4953156.1482,1449969.889,4943156.1482,,
5309,1439969.889,4943156.1482,1449969.889,4933156.1482,,
5310,1439969.889,4933156.1482,1449969.889,4923156.1482,,
5311,1439969.889,4923156.1482,1449969.889,4913156.1482,,
5312,1439969.889,4913156.1482,1449969.889,4903156.1482,,
5313,1439969.889,4903156.1482,1449969.889,4893156.1482,,
5314,1439969.889,4893156.1482,1449969.889,4883156.1482,,
5315,1439969.889,4883156.1482,1449969.889,4873156.1482,,
5316,1439969.889,4873156.1482,1449969.889,4863156.1482,,
5317,1439969.889,4863156.1482,1449969.889,4853156.1482,,
5318,1439969.889,4853156.1482,1449969.889,4843156.1482,,
5319,1439969.889,4843156.1482,1449969.889,4833156.1482,,
5320,1439969.889,4833156.1482,1449969.889,4823156.1482,,
5321,1439969.889,4823156.1482,1449969.889,4813156.1482,,
5322,1439969.889,4813156.1482,1449969.889,4803156.1482,,
5323,1439969.889,4803156.1482,1449969.889,4793156.1482,,
5324,1439969.889,4793156.1482,1449969.889,4783156.1482,,
5325,1439969.889,4783156.1482,1449969.889,4773156.1482,,
5326,1439969.889,4773156.1482,1449969.889,4763156.1482,,
5327,1439969.889,4763156.1482,1449969.889,4753156.1482,,
5328,1439969.889,4753156.1482,1449969.889,4743156.1482,,
5329,1449969.889,6223156.1482,1459969.889,6213156.1482,,
5330,1449969.889,6213156.1482,1459969.889,6203156.1482,,
5331,1449969.889,6203156.1482,1459969.889,6193156.1482,,
5332,1449969.889,6193156.1482,1459969.889,6183156.1482,,
5333,1449969.889,6183156.1482,1459969.889,6173156.1482,,
5334,1449969.889,6173156.1482,1459969.889,6163156.1482,,
5335,1449969.889,6163156.1482,1459969.889,6153156.1482,,
5336,1449969.889,6153156.1482,1459969.889,6143156.1482,,
5337,1449969.889,6143156.1482,1459969.889,6133156.1482,,
5338,1449969.889,6133156.1482,1459969.889,6123156.1482,,
5339,1449969.889,6123156.1482,1459969.889,6113156.1482,,
5340,1449969.889,6113156.1482,1459969.889,6103156.1482,,
5341,1449969.889,6103156.1482,1459969.889,6093156.1482,,
5342,1449969.889,6093156.1482,1459969.889,6083156.1482,,
5343,1449969.889,6083156.1482,1459969.889,6073156.1482,,
5344,1449969.889,6073156.1482,1459969.889,6063156.1482,,
5345,1449969.889,6063156.1482,1459969.889,6053156.1482,,
5346,1449969.889,6053156.1482,1459969.889,6043156.1482,,
5347,1449969.889,6043156.1482,1459969.889,6033156.1482,,
5348,1449969.889,6033156.1482,1459969.889,6023156.1482,,
5349,1449969.889,6023156.1482,1459969.889,6013156.1482,,
5350,1449969.889,6013156.1482,1459969.889,6003156.1482,,
5351,1449969.889,6003156.1482,1459969.889,5993156.1482,,
5352,1449969.889,5993156.1482,1459969.889,5983156.1482,,
5353,1449969.889,5983156.1482,1459969.889,5973156.1482,,
5354,1449969.889,5973156.1482,1459969.889,5963156.1482,,
5355,1449969.889,5963156.1482,1459969.889,5953156.1482,,
5356,1449969.889,5953156.1482,1459969.889,5943156.1482,,
5357,1449969.889,5943156.1482,1459969.889,5933156.1482,,
5358,1449969.889,5933156.1482,1459969.889,5923156.1482,,
5359,1449969.889,5923156.1482,1459969.889,5913156.1482,,
5360,1449969.889,5913156.1482,1459969.889,5903156.1482,,
5361,1449969.889,5903156.1482,1459969.889,5893156.1482,,
5362,1449969.889,5893156.1482,1459969.889,5883156.1482,,
5363,1449969.889,5883156.1482,1459969.889,5873156.1482,,
5364,1449969.889,5873156.1482,1459969.889,5863156.1482,,
5365,1449969.889,5863156.1482,1459969.889,5853156.1482,,
5366,1449969.889,5853156.1482,1459969.889,5843156.1482,,
5367,1449969.889,5843156.1482,1459969.889,5833156.1482,,
5368,1449969.889,5833156.1482,1459969.889,5823156.1482,,
5369,1449969.889,5823156.1482,1459969.889,5813156.1482,,
5370,1449969.889,5813156.1482,1459969.889,5803156.1482,,
5371,1449969.889,5803156.1482,1459969.889,5793156.1482,,
5372,1449969.889,5793156.1482,1459969.889,5783156.1482,,
5373,1449969.889,5783156.1482,1459969.889,5773156.1482,,
5374,1449969.889,5773156.1482,1459969.889,5763156.1482,,
5375,1449969.889,5763156.1482,1459969.889,5753156.1482,,
5376,1449969.889,5753156.1482,1459969.889,5743156.1482,,
5377,1449969.889,5743156.1482,1459969.889,5733156.1482,,
5378,1449969.889,5733156.1482,1459969.889,5723156.1482,,
5379,1449969.889,5723156.1482,1459969.889,5713156.1482,,
5380,1449969.889,5713156.1482,1459969.889,5703156.1482,,
5381,1449969.889,5703156.1482,1459969.889,5693156.1482,,
5382,1449969.889,5693156.1482,1459969.889,5683156.1482,,
5383,1449969.889,5683156.1482,1459969.889,5673156.1482,,
5384,1449969.889,5673156.1482,1459969.889,5663156.1482,,
5385,1449969.889,5663156.1482,1459969.889,5653156.1482,,
5386,1449969.889,5653156.1482,1459969.889,5643156.1482,,
5387,1449969.889,5643156.1482,1459969.889,5633156.1482,,
5388,1449969.889,5633156.1482,1459969.889,5623156.1482,,
5389,1449969.889,5623156.1482,1459969.889,5613156.1482,,
5390,1449969.889,5613156.1482,1459969.889,5603156.1482,,
5391,1449969.889,5603156.1482,1459969.889,5593156.1482,,
5392,1449969.889,5593156.1482,1459969.889,5583156.1482,,
5393,1449969.889,5583156.1482,1459969.889,5573156.1482,,
5394,1449969.889,5573156.1482,1459969.889,5563156.1482,,
5395,1449969.889,5563156.1482,1459969.889,5553156.1482,,
5396,1449969.889,5553156.1482,1459969.889,5543156.1482,,
5397,1449969.889,5543156.1482,1459969.889,5533156.1482,,
5398,1449969.889,5533156.1482,1459969.889,5523156.1482,,
5399,1449969.889,5523156.1482,1459969.889,5513156.1482,,
5400,1449969.889,5513156.1482,1459969.889,5503156.1482,,
5401,1449969.889,5503156.1482,1459969.889,5493156.1482,,
5402,1449969.889,5493156.1482,1459969.889,5483156.1482,,
5403,1449969.889,5483156.1482,1459969.889,5473156.1482,,
5404,1449969.889,5473156.1482,1459969.889,5463156.1482,,
5405,1449969.889,5463156.1482,1459969.889,5453156.1482,,
5406,1449969.889,5453156.1482,1459969.889,5443156.1482,,
5407,1449969.889,5443156.1482,1459969.889,5433156.1482,,
5408,1449969.889,5433156.1482,1459969.889,5423156.1482,,
5409,1449969.889,5423156.1482,1459969.889,5413156.1482,,
5410,1449969.889,5413156.1482,1459969.889,5403156.1482,,
5411,1449969.889,5403156.1482,1459969.889,5393156.1482,,
5412,1449969.889,5393156.1482,1459969.889,5383156.1482,,
5413,1449969.889,5383156.1482,1459969.889,5373156.1482,,
5414,1449969.889,5373156.1482,1459969.889,5363156.1482,,
5415,1449969.889,5363156.1482,1459969.889,5353156.1482,,
5416,1449969.889,5353156.1482,1459969.889,5343156.1482,,
5417,1449969.889,5343156.1482,1459969.889,5333156.1482,,
5418,1449969.889,5333156.1482,1459969.889,5323156.1482,,
5419,1449969.889,5323156.1482,1459969.889,5313156.1482,18502872.0935,20776953.87
5420,1449969.889,5313156.1482,1459969.889,5303156.1482,292339590.8497,337978991.265
5421,1449969.889,5303156.1482,1459969.889,5293156.1482,4920402911.5106,5809221680.047
5422,1449969.889,5293156.1482,1459969.889,5283156.1482,570379297.0713,700354601.287
5423,1449969.889,5283156.1482,1459969.889,5273156.1482,354850359.355,348494112.379
5424,1449969.889,5273156.1482,1459969.889,5263156.1482,292889313.9292,275994790.428
5425,1449969.889,5263156.1482,1459969.889,5253156.1482,64949812.5721,64765035.994
5426,1449969.889,5253156.1482,1459969.889,5243156.1482,33889570.8126,33519466.291
5427,1449969.889,5243156.1482,1459969.889,5233156.1482,33268323.3158,29699927.441
5428,1449969.889,5233156.1482,1459969.889,5223156.1482,31387592.0247,18219841.769
5429,1449969.889,5223156.1482,1459969.889,5213156.1482,30824849.6929,14920498.121
5430,1449969.889,5213156.1482,1459969.889,5203156.1482,24415563.348,19204708.006
5431,1449969.889,5203156.1482,1459969.889,5193156.1482,21886182.4142,20895902.68
5432,1449969.889,5193156.1482,1459969.889,5183156.1482,21886182.6869,20895902.94
5433,1449969.889,5183156.1482,1459969.889,5173156.1482,21886182.8494,20895903.095
5434,1449969.889,5173156.1482,1459969.889,5163156.1482,21886183.2377,20895903.466
5435,1449969.889,5163156.1482,1459969.889,5153156.1482,38510111.5548,36559252.821
5436,1449969.889,5153156.1482,1459969.889,5143156.1482,72431713.6052,60558391.716
5437,1449969.889,5143156.1482,1459969.889,5133156.1482,93033587.3494,79796630.653
5438,1449969.889,5133156.1482,1459969.889,5123156.1482,225173626.094,216591201.005
5439,1449969.889,5123156.1482,1459969.889,5113156.1482,2940413104.066,2781555761.39
5440,1449969.889,5113156.1482,1459969.889,5103156.1482,709837840.2167,763436456.243
5441,1449969.889,5103156.1482,1459969.889,5093156.1482,2053227683.0125,2232392196.782
5442,1449969.889,5093156.1482,1459969.889,5083156.1482,13304988282.5738,15799752984.976
5443,1449969.889,5083156.1482,1459969.889,5073156.1482,9232844454.1532,9892150194.343
5444,1449969.889,5073156.1482,1459969.889,5063156.1482,563308905.8589,685409511.435
5445,1449969.889,5063156.1482,1459969.889,5053156.1482,102262433.9495,110582733.494
5446,1449969.889,5053156.1482,1459969.889,5043156.1482,212499690.67,234683138.444
5447,1449969.889,5043156.1482,1459969.889,5033156.1482,276654557.3456,276060471.624
5448,1449969.889,5033156.1482,1459969.889,5023156.1482,274337253.386,257093917.978
5449,1449969.889,5023156.1482,1459969.889,5013156.1482,163687499.0722,255808728.143
5450,1449969.889,5013156.1482,1459969.889,5003156.1482,,
5451,1449969.889,5003156.1482,1459969.889,4993156.1482,,
5452,1449969.889,4993156.1482,1459969.889,4983156.1482,,
5453,1449969.889,4983156.1482,1459969.889,4973156.1482,,
5454,1449969.889,4973156.1482,1459969.889,4963156.1482,,
5455,1449969.889,4963156.1482,1459969.889,4953156.1482,,
5456,1449969.889,4953156.1482,1459969.889,4943156.1482,,
5457,1449969.889,4943156.1482,1459969.889,4933156.1482,,
5458,1449969.889,4933156.1482,1459969.889,4923156.1482,,
5459,1449969.889,4923156.1482,1459969.889,4913156.1482,,
5460,1449969.889,4913156.1482,1459969.889,4903156.1482,,
5461,1449969.889,4903156.1482,1459969.889,4893156.1482,,
5462,1449969.889,4893156.1482,1459969.889,4883156.1482,,
5463,1449969.889,4883156.1482,1459969.889,4873156.1482,,
5464,1449969.889,4873156.1482,1459969.889,4863156.1482,,
5465,1449969.889,4863156.1482,1459969.889,4853156.1482,,
5466,1449969.889,4853156.1482,1459969.889,4843156.1482,,
5467,1449969.889,4843156.1482,1459969.889,4833156.1482,,
5468,1449969.889,4833156.1482,1459969.889,4823156.1482,,
5469,1449969.889,4823156.1482,1459969.889,4813156.1482,,
5470,1449969.889,4813156.1482,1459969.889,4803156.1482,,
5471,1449969.889,4803156.1482,1459969.889,4793156.1482,,
5472,1449969.889,4793156.1482,1459969.889,4783156.1482,,
5473,1449969.889,4783156.1482,1459969.889,4773156.1482,,
5474,1449969.889,4773156.1482,1459969.889,4763156.1482,,
5475,1449969.889,4763156.1482,1459969.889,4753156.1482,,
5476,1449969.889,4753156.1482,1459969.889,4743156.1482,,
5477,1459969.889,6223156.1482,1469969.889,6213156.1482,,
5478,1459969.889,6213156.1482,1469969.889,6203156.1482,,
5479,1459969.889,6203156.1482,1469969.889,6193156.1482,,
5480,1459969.889,6193156.1482,1469969.889,6183156.1482,,
5481,1459969.889,6183156.1482,1469969.889,6173156.1482,,
5482,1459969.889,6173156.1482,1469969.889,6163156.1482,,
5483,1459969.889,6163156.1482,1469969.889,6153156.1482,,
5484,1459969.889,6153156.1482,1469969.889,6143156.1482,,
5485,1459969.889,6143156.1482,1469969.889,6133156.1482,,
5486,1459969.889,6133156.1482,1469969.889,6123156.1482,,
5487,1459969.889,6123156.1482,1469969.889,6113156.1482,,
5488,1459969.889,6113156.1482,1469969.889,6103156.1482,,
5489,1459969.889,6103156.1482,1469969.889,6093156.1482,,
5490,1459969.889,6093156.1482,1469969.889,6083156.1482,,
5491,1459969.889,6083156.1482,1469969.889,6073156.1482,,
5492,1459969.889,6073156.1482,1469969.889,6063156.1482,,
5493,1459969.889,6063156.1482,1469969.889,6053156.1482,,
5494,1459969.889,6053156.1482,1469969.889,6043156.1482,,
5495,1459969.889,6043156.1482,1469969.889,6033156.1482,,
5496,1459969.889,6033156.1482,1469969.889,6023156.1482,,
5497,1459969.889,6023156.1482,1469969.889,6013156.1482,,
5498,1459969.889,6013156.1482,1469969.889,6003156.1482,,
5499,1459969.889,6003156.1482,1469969.889,5993156.1482,,
5500,1459969.889,5993156.1482,1469969.889,5983156.1482,,
5501,1459969.889,5983156.1482,1469969.889,5973156.1482,,
5502,1459969.889,5973156.1482,1469969.889,5963156.1482,,
5503,1459969.889,5963156.1482,1469969.889,5953156.1482,,
5504,1459969.889,5953156.1482,1469969.889,5943156.1482,,
5505,1459969.889,5943156.1482,1469969.889,5933156.1482,,
5506,1459969.889,5933156.1482,1469969.889,5923156.1482,,
5507,1459969.889,5923156.1482,1469969.889,5913156.1482,,
5508,1459969.889,5913156.1482,1469969.889,5903156.1482,,
5509,1459969.889,5903156.1482,1469969.889,5893156.1482,,
5510,1459969.889,5893156.1482,1469969.889,5883156.1482,,
5511,1459969.889,5883156.1482,1469969.889,5873156.1482,,
5512,1459969.889,5873156.1482,1469969.889,5863156.1482,,
5513,1459969.889,5863156.1482,1469969.889,5853156.1482,,
5514,1459969.889,5853156.1482,1469969.889,5843156.1482,,
5515,1459969.889,5843156.1482,1469969.889,5833156.1482,,
5516,1459969.889,5833156.1482,1469969.889,5823156.1482,,
5517,1459969.889,5823156.1482,1469969.889,5813156.1482,,
5518,1459969.889,5813156.1482,1469969.889,5803156.1482,,
5519,1459969.889,5803156.1482,1469969.889,5793156.1482,,
5520,1459969.889,5793156.1482,1469969.889,5783156.1482,,
5521,1459969.889,5783156.1482,1469969.889,5773156.1482,,
5522,1459969.889,5773156.1482,1469969.889,5763156.1482,,
5523,1459969.889,5763156.1482,1469969.889,5753156.1482,,
5524,1459969.889,5753156.1482,1469969.889,5743156.1482,,
5525,1459969.889,5743156.1482,1469969.889,5733156.1482,,
5526,1459969.889,5733156.1482,1469969.889,5723156.1482,,
5527,1459969.889,5723156.1482,1469969.889,5713156.1482,,
5528,1459969.889,5713156.1482,1469969.889,5703156.1482,,
5529,1459969.889,5703156.1482,1469969.889,5693156.1482,,
5530,1459969.889,5693156.1482,1469969.889,5683156.1482,,
5531,1459969.889,5683156.1482,1469969.889,5673156.1482,,
5532,1459969.889,5673156.1482,1469969.889,5663156.1482,,
5533,1459969.889,5663156.1482,1469969.889,5653156.1482,,
5534,1459969.889,5653156.1482,1469969.889,5643156.1482,,
5535,1459969.889,5643156.1482,1469969.889,5633156.1482,,
5536,1459969.889,5633156.1482,1469969.889,5623156.1482,,
5537,1459969.889,5623156.1482,1469969.889,5613156.1482,,
5538,1459969.889,5613156.1482,1469969.889,5603156.1482,,
5539,1459969.889,5603156.1482,1469969.889,5593156.1482,,
5540,1459969.889,5593156.1482,1469969.889,5583156.1482,,
5541,1459969.889,5583156.1482,1469969.889,5573156.1482,,
5542,1459969.889,5573156.1482,1469969.889,5563156.1482,,
5543,1459969.889,5563156.1482,1469969.889,5553156.1482,,
5544,1459969.889,5553156.1482,1469969.889,5543156.1482,,
5545,1459969.889,5543156.1482,1469969.889,5533156.1482,,
5546,1459969.889,5533156.1482,1469969.889,5523156.1482,,
5547,1459969.889,5523156.1482,1469969.889,5513156.1482,,
5548,1459969.889,5513156.1482,1469969.889,5503156.1482,,
5549,1459969.889,5503156.1482,1469969.889,5493156.1482,,
5550,1459969.889,5493156.1482,1469969.889,5483156.1482,,
5551,1459969.889,5483156.1482,1469969.889,5473156.1482,,
5552,1459969.889,5473156.1482,1469969.889,5463156.1482,,
5553,1459969.889,5463156.1482,1469969.889,5453156.1482,,
5554,1459969.889,5453156.1482,1469969.889,5443156.1482,,
5555,1459969.889,5443156.1482,1469969.889,5433156.1482,,
5556,1459969.889,5433156.1482,1469969.889,5423156.1482,,
5557,1459969.889,5423156.1482,1469969.889,5413156.1482,,
5558,1459969.889,5413156.1482,1469969.889,5403156.1482,,
5559,1459969.889,5403156.1482,1469969.889,5393156.1482,,
5560,1459969.889,5393156.1482,1469969.889,5383156.1482,,
5561,1459969.889,5383156.1482,1469969.889,5373156.1482,,
5562,1459969.889,5373156.1482,1469969.889,5363156.1482,,
5563,1459969.889,5363156.1482,1469969.889,5353156.1482,7162437.097,5769904.899
5564,1459969.889,5353156.1482,1469969.889,5343156.1482,26964762.2525,21722231.096
5565,1459969.889,5343156.1482,1469969.889,5333156.1482,68252473.8834,58785862.627
5566,1459969.889,5333156.1482,1469969.889,5323156.1482,212843154.0513,232757633.929
5567,1459969.889,5323156.1482,1469969.889,5313156.1482,285462763.016,320547352.267
5568,1459969.889,5313156.1482,1469969.889,5303156.1482,283265088.2236,317925454.275
5569,1459969.889,5303156.1482,1469969.889,5293156.1482,438034331.7482,517355510.094
5570,1459969.889,5293156.1482,1469969.889,5283156.1482,446778185.9984,522607174.596
5571,1459969.889,5283156.1482,1469969.889,5273156.1482,302628260.3937,288877250.713
5572,1459969.889,5273156.1482,1469969.889,5263156.1482,117327513.6493,39683377.769
5573,1459969.889,5263156.1482,1469969.889,5253156.1482,33891906.4319,33521776.403
5574,1459969.889,5253156.1482,1469969.889,5243156.1482,33702567.7499,32348830.161
5575,1459969.889,5243156.1482,1469969.889,5233156.1482,30968979.3509,15643062.056
5576,1459969.889,5233156.1482,1469969.889,5223156.1482,30850839.1471,14905236.812
5577,1459969.889,5223156.1482,1469969.889,5213156.1482,30850839.4939,14905236.98
5578,1459969.889,5213156.1482,1469969.889,5203156.1482,27919235.0678,16864919.088
5579,1459969.889,5203156.1482,1469969.889,5193156.1482,21887690.6838,20897342.705
5580,1459969.889,5193156.1482,1469969.889,5183156.1482,21887690.955,20897342.964
5581,1459969.889,5183156.1482,1469969.889,5173156.1482,21887691.1666,20897343.166
5582,1459969.889,5173156.1482,1469969.889,5163156.1482,77631745.7552,79474789.299
5583,1459969.889,5163156.1482,1469969.889,5153156.1482,338198850.0977,353287403.652
5584,1459969.889,5153156.1482,1469969.889,5143156.1482,423472735.4314,442790418.567
5585,1459969.889,5143156.1482,1469969.889,5133156.1482,387844201.1462,403420277.428
5586,1459969.889,5133156.1482,1469969.889,5123156.1482,349058217.515,355891813.271
5587,1459969.889,5123156.1482,1469969.889,5113156.1482,1419009338.3099,1509881076.128
5588,1459969.889,5113156.1482,1469969.889,5103156.1482,1235019142.4591,1361299150.125
5589,1459969.889,5103156.1482,1469969.889,5093156.1482,5433070183.0176,5631034073.469
5590,1459969.889,5093156.1482,1469969.889,5083156.1482,3219064874.0917,2988710483.266
5591,1459969.889,5083156.1482,1469969.889,5073156.1482,10331138059.8745,7235700289.953
5592,1459969.889,5073156.1482,1469969.889,5063156.1482,,
5593,1459969.889,5063156.1482,1469969.889,5053156.1482,,
5594,1459969.889,5053156.1482,1469969.889,5043156.1482,,
5595,1459969.889,5043156.1482,1469969.889,5033156.1482,,
5596,1459969.889,5033156.1482,1469969.889,5023156.1482,,
5597,1459969.889,5023156.1482,1469969.889,5013156.1482,,
5598,1459969.889,5013156.1482,1469969.889,5003156.1482,,
5599,1459969.889,5003156.1482,1469969.889,4993156.1482,,
5600,1459969.889,4993156.1482,1469969.889,4983156.1482,,
5601,1459969.889,4983156.1482,1469969.889,4973156.1482,,
5602,1459969.889,4973156.1482,1469969.889,4963156.1482,,
5603,1459969.889,4963156.1482,1469969.889,4953156.1482,,
5604,1459969.889,4953156.1482,1469969.889,4943156.1482,,
5605,1459969.889,4943156.1482,1469969.889,4933156.1482,,
5606,1459969.889,4933156.1482,1469969.889,4923156.1482,,
5607,1459969.889,4923156.1482,1469969.889,4913156.1482,,
5608,1459969.889,4913156.1482,1469969.889,4903156.1482,,
5609,1459969.889,4903156.1482,1469969.889,4893156.1482,,
5610,1459969.889,4893156.1482,1469969.889,4883156.1482,,
5611,1459969.889,4883156.1482,1469969.889,4873156.1482,,
5612,1459969.889,4873156.1482,1469969.889,4863156.1482,,
5613,1459969.889,4863156.1482,1469969.889,4853156.1482,,
5614,1459969.889,4853156.1482,1469969.889,4843156.1482,,
5615,1459969.889,4843156.1482,1469969.889,4833156.1482,,
5616,1459969.889,4833156.1482,1469969.889,4823156.1482,,
5617,1459969.889,4823156.1482,1469969.889,4813156.1482,,
5618,1459969.889,4813156.1482,1469969.889,4803156.1482,,
5619,1459969.889,4803156.1482,1469969.889,4793156.1482,,
5620,1459969.889,4793156.1482,1469969.889,4783156.1482,,
5621,1459969.889,4783156.1482,1469969.889,4773156.1482,,
5622,1459969.889,4773156.1482,1469969.889,4763156.1482,,
5623,1459969.889,4763156.1482,1469969.889,4753156.1482,,
5624,1459969.889,4753156.1482,1469969.889,4743156.1482,,
5625,1469969.889,6223156.1482,1479969.889,6213156.1482,,
5626,1469969.889,6213156.1482,1479969.889,6203156.1482,,
5627,1469969.889,6203156.1482,1479969.889,6193156.1482,,
5628,1469969.889,6193156.1482,1479969.889,6183156.1482,,
5629,1469969.889,6183156.1482,1479969.889,6173156.1482,,
5630,1469969.889,6173156.1482,1479969.889,6163156.1482,,
5631,1469969.889,6163156.1482,1479969.889,6153156.1482,,
5632,1469969.889,6153156.1482,1479969.889,6143156.1482,,
5633,1469969.889,6143156.1482,1479969.889,6133156.1482,,
5634,1469969.889,6133156.1482,1479969.889,6123156.1482,,
5635,1469969.889,6123156.1482,1479969.889,6113156.1482,,
5636,1469969.889,6113156.1482,1479969.889,6103156.1482,,
5637,1469969.889,6103156.1482,1479969.889,6093156.1482,,
5638,1469969.889,6093156.1482,1479969.889,6083156.1482,,
5639,1469969.889,6083156.1482,1479969.889,6073156.1482,,
5640,1469969.889,6073156.1482,1479969.889,6063156.1482,,
5641,1469969.889,6063156.1482,1479969.889,6053156.1482,,
5642,1469969.889,6053156.1482,1479969.889,6043156.1482,,
5643,1469969.889,6043156.1482,1479969.889,6033156.1482,,
5644,1469969.889,6033156.1482,1479969.889,6023156.1482,,
5645,1469969.889,6023156.1482,1479969.889,6013156.1482,,
5646,1469969.889,6013156.1482,1479969.889,6003156.1482,,
5647,1469969.889,6003156.1482,1479969.889,5993156.1482,,
5648,1469969.889,5993156.1482,1479969.889,5983156.1482,,
5649,1469969.889,5983156.1482,1479969.889,5973156.1482,,
5650,1469969.889,5973156.1482,1479969.889,5963156.1482,,
5651,1469969.889,5963156.1482,1479969.889,5953156.1482,,
5652,1469969.889,5953156.1482,1479969.889,5943156.1482,,
5653,1469969.889,5943156.1482,1479969.889,5933156.1482,,
5654,1469969.889,5933156.1482,1479969.889,5923156.1482,,
5655,1469969.889,5923156.1482,1479969.889,5913156.1482,,
5656,1469969.889,5913156.1482,1479969.889,5903156.1482,,
5657,1469969.889,5903156.1482,1479969.889,5893156.1482,,
5658,1469969.889,5893156.1482,1479969.889,5883156.1482,,
5659,1469969.889,5883156.1482,1479969.889,5873156.1482,,
5660,1469969.889,5873156.1482,1479969.889,5863156.1482,,
5661,1469969.889,5863156.1482,1479969.889,5853156.1482,,
5662,1469969.889,5853156.1482,1479969.889,5843156.1482,,
5663,1469969.889,5843156.1482,1479969.889,5833156.1482,,
5664,1469969.889,5833156.1482,1479969.889,5823156.1482,,
5665,1469969.889,5823156.1482,1479969.889,5813156.1482,,
5666,1469969.889,5813156.1482,1479969.889,5803156.1482,,
5667,1469969.889,5803156.1482,1479969.889,5793156.1482,,
5668,1469969.889,5793156.1482,1479969.889,5783156.1482,,
5669,1469969.889,5783156.1482,1479969.889,5773156.1482,,
5670,1469969.889,5773156.1482,1479969.889,5763156.1482,,
5671,1469969.889,5763156.1482,1479969.889,5753156.1482,,
5672,1469969.889,5753156.1482,1479969.889,5743156.1482,,
5673,1469969.889,5743156.1482,1479969.889,5733156.1482,,
5674,1469969.889,5733156.1482,1479969.889,5723156.1482,,
5675,1469969.889,5723156.1482,1479969.889,5713156.1482,,
5676,1469969.889,5713156.1482,1479969.889,5703156.1482,,
5677,1469969.889,5703156.1482,1479969.889,5693156.1482,,
5678,1469969.889,5693156.1482,1479969.889,5683156.1482,,
5679,1469969.889,5683156.1482,1479969.889,5673156.1482,,
5680,1469969.889,5673156.1482,1479969.889,5663156.1482,,
5681,1469969.889,5663156.1482,1479969.889,5653156.1482,,
5682,1469969.889,5653156.1482,1479969.889,5643156.1482,,
5683,1469969.889,5643156.1482,1479969.889,5633156.1482,,
5684,1469969.889,5633156.1482,1479969.889,5623156.1482,,
5685,1469969.889,5623156.1482,1479969.889,5613156.1482,,
5686,1469969.889,5613156.1482,1479969.889,5603156.1482,,
5687,1469969.889,5603156.1482,1479969.889,5593156.1482,,
5688,1469969.889,5593156.1482,1479969.889,5583156.1482,,
5689,1469969.889,5583156.1482,1479969.889,5573156.1482,,
5690,1469969.889,5573156.1482,1479969.889,5563156.1482,,
5691,1469969.889,5563156.1482,1479969.889,5553156.1482,,
5692,1469969.889,5553156.1482,1479969.889,5543156.1482,,
5693,1469969.889,5543156.1482,1479969.889,5533156.1482,,
5694,1469969.889,5533156.1482,1479969.889,5523156.1482,,
5695,1469969.889,5523156.1482,1479969.889,5513156.1482,,
5696,1469969.889,5513156.1482,1479969.889,5503156.1482,,
5697,1469969.889,5503156.1482,1479969.889,5493156.1482,,
5698,1469969.889,5493156.1482,1479969.889,5483156.1482,,
5699,1469969.889,5483156.1482,1479969.889,5473156.1482,,
5700,1469969.889,5473156.1482,1479969.889,5463156.1482,,
5701,1469969.889,5463156.1482,1479969.889,5453156.1482,,
5702,1469969.889,5453156.1482,1479969.889,5443156.1482,,
5703,1469969.889,5443156.1482,1479969.889,5433156.1482,,
5704,1469969.889,5433156.1482,1479969.889,5423156.1482,,
5705,1469969.889,5423156.1482,1479969.889,5413156.1482,,
5706,1469969.889,5413156.1482,1479969.889,5403156.1482,,
5707,1469969.889,5403156.1482,1479969.889,5393156.1482,,
5708,1469969.889,5393156.1482,1479969.889,5383156.1482,,
5709,1469969.889,5383156.1482,1479969.889,5373156.1482,38813457.6484,33816450.548
5710,1469969.889,5373156.1482,1479969.889,5363156.1482,67380935.5717,54280628.926
5711,1469969.889,5363156.1482,1479969.889,5353156.1482,81054034.9724,65295383.004
5712,1469969.889,5353156.1482,1479969.889,5343156.1482,85005294.6148,68478432.581
5713,1469969.889,5343156.1482,1479969.889,5333156.1482,103516708.1433,91690939.147
5714,1469969.889,5333156.1482,1479969.889,5323156.1482,210696747.8785,226110680.919
5715,1469969.889,5323156.1482,1479969.889,5313156.1482,289293196.8745,324680012.437
5716,1469969.889,5313156.1482,1479969.889,5303156.1482,146552806.3548,161534793.146
5717,1469969.889,5303156.1482,1479969.889,5293156.1482,252352534.6135,296440540.743
5718,1469969.889,5293156.1482,1479969.889,5283156.1482,281602182.7776,261034246.574
5719,1469969.889,5283156.1482,1479969.889,5273156.1482,155742379.558,47938635.591
5720,1469969.889,5273156.1482,1479969.889,5263156.1482,102008746.2886,38554082.994
5721,1469969.889,5263156.1482,1479969.889,5253156.1482,33894075.7493,33523922.03
5722,1469969.889,5253156.1482,1479969.889,5243156.1482,32624964.7132,25753930.881
5723,1469969.889,5243156.1482,1479969.889,5233156.1482,30852813.379,14906190.64
5724,1469969.889,5233156.1482,1479969.889,5223156.1482,30852813.7343,14906190.812
5725,1469969.889,5223156.1482,1479969.889,5213156.1482,30852813.8598,14906190.873
5726,1469969.889,5213156.1482,1479969.889,5203156.1482,30845587.0749,14911518.071
5727,1469969.889,5203156.1482,1479969.889,5193156.1482,24869683.9057,18905719.473
5728,1469969.889,5193156.1482,1479969.889,5183156.1482,21889091.5689,20898680.204
5729,1469969.889,5183156.1482,1479969.889,5173156.1482,22797575.1226,21904070.269
5730,1469969.889,5173156.1482,1479969.889,5163156.1482,279821653.8229,292079544.199
5731,1469969.889,5163156.1482,1479969.889,5153156.1482,426527172.0132,446105304.431
5732,1469969.889,5153156.1482,1479969.889,5143156.1482,426527176.2701,446105308.883
5733,1469969.889,5143156.1482,1479969.889,5133156.1482,449723200.9951,471888101.194
5734,1469969.889,5133156.1482,1479969.889,5123156.1482,504388968.0963,529053421.024
5735,1469969.889,5123156.1482,1479969.889,5113156.1482,1035192118.1234,1138756477.034
5736,1469969.889,5113156.1482,1479969.889,5103156.1482,979193336.9886,1066438165.734
5737,1469969.889,5103156.1482,1479969.889,5093156.1482,178143304.412,192317564.616
5738,1469969.889,5093156.1482,1479969.889,5083156.1482,,
5739,1469969.889,5083156.1482,1479969.889,5073156.1482,,
5740,1469969.889,5073156.1482,1479969.889,5063156.1482,,
5741,1469969.889,5063156.1482,1479969.889,5053156.1482,,
5742,1469969.889,5053156.1482,1479969.889,5043156.1482,,
5743,1469969.889,5043156.1482,1479969.889,5033156.1482,,
5744,1469969.889,5033156.1482,1479969.889,5023156.1482,,
5745,1469969.889,5023156.1482,1479969.889,5013156.1482,,
5746,1469969.889,5013156.1482,1479969.889,5003156.1482,,
5747,1469969.889,5003156.1482,1479969.889,4993156.1482,,
5748,1469969.889,4993156.1482,1479969.889,4983156.1482,,
5749,1469969.889,4983156.1482,1479969.889,4973156.1482,,
5750,1469969.889,4973156.1482,1479969.889,4963156.1482,,
5751,1469969.889,4963156.1482,1479969.889,4953156.1482,,
5752,1469969.889,4953156.1482,1479969.889,4943156.1482,,
5753,1469969.889,4943156.1482,1479969.889,4933156.1482,,
5754,1469969.889,4933156.1482,1479969.889,4923156.1482,,
5755,1469969.889,4923156.1482,1479969.889,4913156.1482,,
5756,1469969.889,4913156.1482,1479969.889,4903156.1482,,
5757,1469969.889,4903156.1482,1479969.889,4893156.1482,,
5758,1469969.889,4893156.1482,1479969.889,4883156.1482,,
5759,1469969.889,4883156.1482,1479969.889,4873156.1482,,
5760,1469969.889,4873156.1482,1479969.889,4863156.1482,,
5761,1469969.889,4863156.1482,1479969.889,4853156.1482,,
5762,1469969.889,4853156.1482,1479969.889,4843156.1482,,
5763,1469969.889,4843156.1482,1479969.889,4833156.1482,,
5764,1469969.889,4833156.1482,1479969.889,4823156.1482,,
5765,1469969.889,4823156.1482,1479969.889,4813156.1482,,
5766,1469969.889,4813156.1482,1479969.889,4803156.1482,,
5767,1469969.889,4803156.1482,1479969.889,4793156.1482,,
5768,1469969.889,4793156.1482,1479969.889,4783156.1482,,
5769,1469969.889,4783156.1482,1479969.889,4773156.1482,,
5770,1469969.889,4773156.1482,1479969.889,4763156.1482,,
5771,1469969.889,4763156.1482,1479969.889,4753156.1482,,
5772,1469969.889,4753156.1482,1479969.889,4743156.1482,,
5773,1479969.889,6223156.1482,1489969.889,6213156.1482,,
5774,1479969.889,6213156.1482,1489969.889,6203156.1482,,
5775,1479969.889,6203156.1482,1489969.889,6193156.1482,,
5776,1479969.889,6193156.1482,1489969.889,6183156.1482,,
5777,1479969.889,6183156.1482,1489969.889,6173156.1482,,
5778,1479969.889,6173156.1482,1489969.889,6163156.1482,,
5779,1479969.889,6163156.1482,1489969.889,6153156.1482,,
5780,1479969.889,6153156.1482,1489969.889,6143156.1482,,
5781,1479969.889,6143156.1482,1489969.889,6133156.1482,,
5782,1479969.889,6133156.1482,1489969.889,6123156.1482,,
5783,1479969.889,6123156.1482,1489969.889,6113156.1482,,
5784,1479969.889,6113156.1482,1489969.889,6103156.1482,,
5785,1479969.889,6103156.1482,1489969.889,6093156.1482,,
5786,1479969.889,6093156.1482,1489969.889,6083156.1482,,
5787,1479969.889,6083156.1482,1489969.889,6073156.1482,,
5788,1479969.889,6073156.1482,1489969.889,6063156.1482,,
5789,1479969.889,6063156.1482,1489969.889,6053156.1482,,
5790,1479969.889,6053156.1482,1489969.889,6043156.1482,,
5791,1479969.889,6043156.1482,1489969.889,6033156.1482,,
5792,1479969.889,6033156.1482,1489969.889,6023156.1482,,
5793,1479969.889,6023156.1482,1489969.889,6013156.1482,,
5794,1479969.889,6013156.1482,1489969.889,6003156.1482,,
5795,1479969.889,6003156.1482,1489969.889,5993156.1482,,
5796,1479969.889,5993156.1482,1489969.889,5983156.1482,,
5797,1479969.889,5983156.1482,1489969.889,5973156.1482,,
5798,1479969.889,5973156.1482,1489969.889,5963156.1482,,
5799,1479969.889,5963156.1482,1489969.889,5953156.1482,,
5800,1479969.889,5953156.1482,1489969.889,5943156.1482,,
5801,1479969.889,5943156.1482,1489969.889,5933156.1482,,
5802,1479969.889,5933156.1482,1489969.889,5923156.1482,,
5803,1479969.889,5923156.1482,1489969.889,5913156.1482,,
5804,1479969.889,5913156.1482,1489969.889,5903156.1482,,
5805,1479969.889,5903156.1482,1489969.889,5893156.1482,,
5806,1479969.889,5893156.1482,1489969.889,5883156.1482,,
5807,1479969.889,5883156.1482,1489969.889,5873156.1482,,
5808,1479969.889,5873156.1482,1489969.889,5863156.1482,,
5809,1479969.889,5863156.1482,1489969.889,5853156.1482,,
5810,1479969.889,5853156.1482,1489969.889,5843156.1482,,
5811,1479969.889,5843156.1482,1489969.889,5833156.1482,,
5812,1479969.889,5833156.1482,1489969.889,5823156.1482,,
5813,1479969.889,5823156.1482,1489969.889,5813156.1482,,
5814,1479969.889,5813156.1482,1489969.889,5803156.1482,,
5815,1479969.889,5803156.1482,1489969.889,5793156.1482,,
5816,1479969.889,5793156.1482,1489969.889,5783156.1482,,
5817,1479969.889,5783156.1482,1489969.889,5773156.1482,,
5818,1479969.889,5773156.1482,1489969.889,5763156.1482,,
5819,1479969.889,5763156.1482,1489969.889,5753156.1482,,
5820,1479969.889,5753156.1482,1489969.889,5743156.1482,,
5821,1479969.889,5743156.1482,1489969.889,5733156.1482,,
5822,1479969.889,5733156.1482,1489969.889,5723156.1482,,
5823,1479969.889,5723156.1482,1489969.889,5713156.1482,,
5824,1479969.889,5713156.1482,1489969.889,5703156.1482,,
5825,1479969.889,5703156.1482,1489969.889,5693156.1482,,
5826,1479969.889,5693156.1482,1489969.889,5683156.1482,,
5827,1479969.889,5683156.1482,1489969.889,5673156.1482,,
5828,1479969.889,5673156.1482,1489969.889,5663156.1482,,
5829,1479969.889,5663156.1482,1489969.889,5653156.1482,,
5830,1479969.889,5653156.1482,1489969.889,5643156.1482,,
5831,1479969.889,5643156.1482,1489969.889,5633156.1482,,
5832,1479969.889,5633156.1482,1489969.889,5623156.1482,,
5833,1479969.889,5623156.1482,1489969.889,5613156.1482,,
5834,1479969.889,5613156.1482,1489969.889,5603156.1482,,
5835,1479969.889,5603156.1482,1489969.889,5593156.1482,,
5836,1479969.889,5593156.1482,1489969.889,5583156.1482,,
5837,1479969.889,5583156.1482,1489969.889,5573156.1482,,
5838,1479969.889,5573156.1482,1489969.889,5563156.1482,,
5839,1479969.889,5563156.1482,1489969.889,5553156.1482,,
5840,1479969.889,5553156.1482,1489969.889,5543156.1482,,
5841,1479969.889,5543156.1482,1489969.889,5533156.1482,,
5842,1479969.889,5533156.1482,1489969.889,5523156.1482,,
5843,1479969.889,5523156.1482,1489969.889,5513156.1482,,
5844,1479969.889,5513156.1482,1489969.889,5503156.1482,,
5845,1479969.889,5503156.1482,1489969.889,5493156.1482,,
5846,1479969.889,5493156.1482,1489969.889,5483156.1482,,
5847,1479969.889,5483156.1482,1489969.889,5473156.1482,,
5848,1479969.889,5473156.1482,1489969.889,5463156.1482,,
5849,1479969.889,5463156.1482,1489969.889,5453156.1482,,
5850,1479969.889,5453156.1482,1489969.889,5443156.1482,,
5851,1479969.889,5443156.1482,1489969.889,5433156.1482,,
5852,1479969.889,5433156.1482,1489969.889,5423156.1482,,
5853,1479969.889,5423156.1482,1489969.889,5413156.1482,,
5854,1479969.889,5413156.1482,1489969.889,5403156.1482,,
5855,1479969.889,5403156.1482,1489969.889,5393156.1482,,
5856,1479969.889,5393156.1482,1489969.889,5383156.1482,,
5857,1479969.889,5383156.1482,1489969.889,5373156.1482,3464176231.1197,3853778502.6
5858,1479969.889,5373156.1482,1489969.889,5363156.1482,390119714.9233,377955380.972
5859,1479969.889,5363156.1482,1489969.889,5353156.1482,85010317.2268,68482478.689
5860,1479969.889,5353156.1482,1489969.889,5343156.1482,73681161.7066,59543754.624
5861,1479969.889,5343156.1482,1489969.889,5333156.1482,131818904.8219,142937772.263
5862,1479969.889,5333156.1482,1489969.889,5323156.1482,187751564.8577,208023862.592
5863,1479969.889,5323156.1482,1489969.889,5313156.1482,205155086.3843,228487217.044
5864,1479969.889,5313156.1482,1489969.889,5303156.1482,61105789.0599,63788160.576
5865,1479969.889,5303156.1482,1489969.889,5293156.1482,61028946.9872,63700214.011
5866,1479969.889,5293156.1482,1489969.889,5283156.1482,121196643.0507,49573525.523
5867,1479969.889,5283156.1482,1489969.889,5273156.1482,152302240.3994,42270049.641
5868,1479969.889,5273156.1482,1489969.889,5263156.1482,125311317.0119,40276754.06
5869,1479969.889,5263156.1482,1489969.889,5253156.1482,33896078.2561,33525902.667
5870,1479969.889,5253156.1482,1489969.889,5243156.1482,32082469.1697,22423656.541
5871,1479969.889,5243156.1482,1489969.889,5233156.1482,30854636.1749,14907071.304
5872,1479969.889,5233156.1482,1489969.889,5223156.1482,30854636.1091,14907071.272
5873,1479969.889,5223156.1482,1489969.889,5213156.1482,30854636.7818,14907071.597
5874,1479969.889,5213156.1482,1489969.889,5203156.1482,30854637.0694,14907071.736
5875,1479969.889,5203156.1482,1489969.889,5193156.1482,95349133.1941,84100666.356
5876,1479969.889,5193156.1482,1489969.889,5183156.1482,195350821.6712,205224456.994
5877,1479969.889,5183156.1482,1489969.889,5173156.1482,343057235.7348,376163547.322
5878,1479969.889,5173156.1482,1489969.889,5163156.1482,945621324.8014,1080148649.199
5879,1479969.889,5163156.1482,1489969.889,5153156.1482,473261428.7532,506455628.628
5880,1479969.889,5153156.1482,1489969.889,5143156.1482,472442787.582,499883388.04
5881,1479969.889,5143156.1482,1489969.889,5133156.1482,1103985666.6187,1236983411.128
5882,1479969.889,5133156.1482,1489969.889,5123156.1482,815949054.1565,896173909.632
5883,1479969.889,5123156.1482,1489969.889,5113156.1482,506914186.0571,531980995.219
5884,1479969.889,5113156.1482,1489969.889,5103156.1482,193363831.2531,203014152.771
5885,1479969.889,5103156.1482,1489969.889,5093156.1482,,
5886,1479969.889,5093156.1482,1489969.889,5083156.1482,,
5887,1479969.889,5083156.1482,1489969.889,5073156.1482,,
5888,1479969.889,5073156.1482,1489969.889,5063156.1482,,
5889,1479969.889,5063156.1482,1489969.889,5053156.1482,,
5890,1479969.889,5053156.1482,1489969.889,5043156.1482,,
5891,1479969.889,5043156.1482,1489969.889,5033156.1482,,
5892,1479969.889,5033156.1482,1489969.889,5023156.1482,,
5893,1479969.889,5023156.1482,1489969.889,5013156.1482,,
5894,1479969.889,5013156.1482,1489969.889,5003156.1482,,
5895,1479969.889,5003156.1482,1489969.889,4993156.1482,,
5896,1479969.889,4993156.1482,1489969.889,4983156.1482,,
5897,1479969.889,4983156.1482,1489969.889,4973156.1482,,
5898,1479969.889,4973156.1482,1489969.889,4963156.1482,,
5899,1479969.889,4963156.1482,1489969.889,4953156.1482,,
5900,1479969.889,4953156.1482,1489969.889,4943156.1482,,
5901,1479969.889,4943156.1482,1489969.889,4933156.1482,,
5902,1479969.889,4933156.1482,1489969.889,4923156.1482,,
5903,1479969.889,4923156.1482,1489969.889,4913156.1482,,
5904,1479969.889,4913156.1482,1489969.889,4903156.1482,,
5905,1479969.889,4903156.1482,1489969.889,4893156.1482,,
5906,1479969.889,4893156.1482,1489969.889,4883156.1482,,
5907,1479969.889,4883156.1482,1489969.889,4873156.1482,,
5908,1479969.889,4873156.1482,1489969.889,4863156.1482,,
5909,1479969.889,4863156.1482,1489969.889,4853156.1482,,
5910,1479969.889,4853156.1482,1489969.889,4843156.1482,,
5911,1479969.889,4843156.1482,1489969.889,4833156.1482,,
5912,1479969.889,4833156.1482,1489969.889,4823156.1482,,
5913,1479969.889,4823156.1482,1489969.889,4813156.1482,,
5914,1479969.889,4813156.1482,1489969.889,4803156.1482,,
5915,1479969.889,4803156.1482,1489969.889,4793156.1482,,
5916,1479969.889,4793156.1482,1489969.889,4783156.1482,,
5917,1479969.889,4783156.1482,1489969.889,4773156.1482,,
5918,1479969.889,4773156.1482,1489969.889,4763156.1482,,
5919,1479969.889,4763156.1482,1489969.889,4753156.1482,,
5920,1479969.889,4753156.1482,1489969.889,4743156.1482,,
5921,1489969.889,6223156.1482,1499969.889,6213156.1482,,
5922,1489969.889,6213156.1482,1499969.889,6203156.1482,,
5923,1489969.889,6203156.1482,1499969.889,6193156.1482,,
5924,1489969.889,6193156.1482,1499969.889,6183156.1482,,
5925,1489969.889,6183156.1482,1499969.889,6173156.1482,,
5926,1489969.889,6173156.1482,1499969.889,6163156.1482,,
5927,1489969.889,6163156.1482,1499969.889,6153156.1482,,
5928,1489969.889,6153156.1482,1499969.889,6143156.1482,,
5929,1489969.889,6143156.1482,1499969.889,6133156.1482,,
5930,1489969.889,6133156.1482,1499969.889,6123156.1482,,
5931,1489969.889,6123156.1482,1499969.889,6113156.1482,,
5932,1489969.889,6113156.1482,1499969.889,6103156.1482,,
5933,1489969.889,6103156.1482,1499969.889,6093156.1482,,
5934,1489969.889,6093156.1482,1499969.889,6083156.1482,,
5935,1489969.889,6083156.1482,1499969.889,6073156.1482,,
5936,1489969.889,6073156.1482,1499969.889,6063156.1482,,
5937,1489969.889,6063156.1482,1499969.889,6053156.1482,,
5938,1489969.889,6053156.1482,1499969.889,6043156.1482,,
5939,1489969.889,6043156.1482,1499969.889,6033156.1482,,
5940,1489969.889,6033156.1482,1499969.889,6023156.1482,,
5941,1489969.889,6023156.1482,1499969.889,6013156.1482,,
5942,1489969.889,6013156.1482,1499969.889,6003156.1482,,
5943,1489969.889,6003156.1482,1499969.889,5993156.1482,,
5944,1489969.889,5993156.1482,1499969.889,5983156.1482,,
5945,1489969.889,5983156.1482,1499969.889,5973156.1482,,
5946,1489969.889,5973156.1482,1499969.889,5963156.1482,,
5947,1489969.889,5963156.1482,1499969.889,5953156.1482,,
5948,1489969.889,5953156.1482,1499969.889,5943156.1482,,
5949,1489969.889,5943156.1482,1499969.889,5933156.1482,,
5950,1489969.889,5933156.1482,1499969.889,5923156.1482,,
5951,1489969.889,5923156.1482,1499969.889,5913156.1482,,
5952,1489969.889,5913156.1482,1499969.889,5903156.1482,,
5953,1489969.889,5903156.1482,1499969.889,5893156.1482,,
5954,1489969.889,5893156.1482,1499969.889,5883156.1482,,
5955,1489969.889,5883156.1482,1499969.889,5873156.1482,,
5956,1489969.889,5873156.1482,1499969.889,5863156.1482,,
5957,1489969.889,5863156.1482,1499969.889,5853156.1482,,
5958,1489969.889,5853156.1482,1499969.889,5843156.1482,,
5959,1489969.889,5843156.1482,1499969.889,5833156.1482,,
5960,1489969.889,5833156.1482,1499969.889,5823156.1482,,
5961,1489969.889,5823156.1482,1499969.889,5813156.1482,,
5962,1489969.889,5813156.1482,1499969.889,5803156.1482,,
5963,1489969.889,5803156.1482,1499969.889,5793156.1482,,
5964,1489969.889,5793156.1482,1499969.889,5783156.1482,,
5965,1489969.889,5783156.1482,1499969.889,5773156.1482,,
5966,1489969.889,5773156.1482,1499969.889,5763156.1482,,
5967,1489969.889,5763156.1482,1499969.889,5753156.1482,,
5968,1489969.889,5753156.1482,1499969.889,5743156.1482,,
5969,1489969.889,5743156.1482,1499969.889,5733156.1482,,
5970,1489969.889,5733156.1482,1499969.889,5723156.1482,,
5971,1489969.889,5723156.1482,1499969.889,5713156.1482,,
5972,1489969.889,5713156.1482,1499969.889,5703156.1482,,
5973,1489969.889,5703156.1482,1499969.889,5693156.1482,,
5974,1489969.889,5693156.1482,1499969.889,5683156.1482,,
5975,1489969.889,5683156.1482,1499969.889,5673156.1482,,
5976,1489969.889,5673156.1482,1499969.889,5663156.1482,,
5977,1489969.889,5663156.1482,1499969.889,5653156.1482,,
5978,1489969.889,5653156.1482,1499969.889,5643156.1482,,
5979,1489969.889,5643156.1482,1499969.889,5633156.1482,,
5980,1489969.889,5633156.1482,1499969.889,5623156.1482,,
5981,1489969.889,5623156.1482,1499969.889,5613156.1482,,
5982,1489969.889,5613156.1482,1499969.889,5603156.1482,,
5983,1489969.889,5603156.1482,1499969.889,5593156.1482,,
5984,1489969.889,5593156.1482,1499969.889,5583156.1482,,
5985,1489969.889,5583156.1482,1499969.889,5573156.1482,,
5986,1489969.889,5573156.1482,1499969.889,5563156.1482,,
5987,1489969.889,5563156.1482,1499969.889,5553156.1482,,
5988,1489969.889,5553156.1482,1499969.889,5543156.1482,,
5989,1489969.889,5543156.1482,1499969.889,5533156.1482,,
5990,1489969.889,5533156.1482,1499969.889,5523156.1482,,
5991,1489969.889,5523156.1482,1499969.889,5513156.1482,,
5992,1489969.889,5513156.1482,1499969.889,5503156.1482,,
5993,1489969.889,5503156.1482,1499969.889,5493156.1482,,
5994,1489969.889,5493156.1482,1499969.889,5483156.1482,,
5995,1489969.889,5483156.1482,1499969.889,5473156.1482,,
5996,1489969.889,5473156.1482,1499969.889,5463156.1482,,
5997,1489969.889,5463156.1482,1499969.889,5453156.1482,,
5998,1489969.889,5453156.1482,1499969.889,5443156.1482,,
5999,1489969.889,5443156.1482,1499969.889,5433156.1482,,
6000,1489969.889,5433156.1482,1499969.889,5423156.1482,,
6001,1489969.889,5423156.1482,1499969.889,5413156.1482,,
6002,1489969.889,5413156.1482,1499969.889,5403156.1482,,
6003,1489969.889,5403156.1482,1499969.889,5393156.1482,,
6004,1489969.889,5393156.1482,1499969.889,5383156.1482,10043573.4741,10447027.528
6005,1489969.889,5383156.1482,1499969.889,5373156.1482,249483191.5505,252944281.963
6006,1489969.889,5373156.1482,1499969.889,5363156.1482,244105450.7592,241165490.651
6007,1489969.889,5363156.1482,1499969.889,5353156.1482,84777045.0262,68298534.1
6008,1489969.889,5353156.1482,1499969.889,5343156.1482,38409157.0057,31713689.348
6009,1489969.889,5343156.1482,1499969.889,5333156.1482,25833651.0674,21791515.114
6010,1489969.889,5333156.1482,1499969.889,5323156.1482,25833651.1301,21791515.167
6011,1489969.889,5323156.1482,1499969.889,5313156.1482,31316500.1149,28319482.209
6012,1489969.889,5313156.1482,1499969.889,5303156.1482,59530179.019,61915743.253
6013,1489969.889,5303156.1482,1499969.889,5293156.1482,61032251.9652,63703663.65
6014,1489969.889,5293156.1482,1499969.889,5283156.1482,94512551.9585,55842744.282
6015,1489969.889,5283156.1482,1499969.889,5273156.1482,152310490.5549,42272339.394
6016,1489969.889,5273156.1482,1499969.889,5263156.1482,129058202.5021,40555196.074
6017,1489969.889,5263156.1482,1499969.889,5253156.1482,33411862.0292,30538639.488
6018,1489969.889,5253156.1482,1499969.889,5243156.1482,31528203.2094,19035020.635
6019,1489969.889,5243156.1482,1499969.889,5233156.1482,30856307.2202,14907878.65
6020,1489969.889,5233156.1482,1499969.889,5223156.1482,30856307.7069,14907878.886
6021,1489969.889,5223156.1482,1499969.889,5213156.1482,30856307.5706,14907878.82
6022,1489969.889,5213156.1482,1499969.889,5203156.1482,49146221.5474,34380924.996
6023,1489969.889,5203156.1482,1499969.889,5193156.1482,233448161.4996,228925262.695
6024,1489969.889,5193156.1482,1499969.889,5183156.1482,240367041.5406,235714582.57
6025,1489969.889,5183156.1482,1499969.889,5173156.1482,388016977.0062,412030539.345
6026,1489969.889,5173156.1482,1499969.889,5163156.1482,1721561818.0559,2019166982.261
6027,1489969.889,5163156.1482,1499969.889,5153156.1482,561171536.7283,618633575.373
6028,1489969.889,5153156.1482,1499969.889,5143156.1482,1065154662.9958,1204830965.097
6029,1489969.889,5143156.1482,1499969.889,5133156.1482,13855410311.3279,16454404587.039
6030,1489969.889,5133156.1482,1499969.889,5123156.1482,1282718004.0003,1446244438.881
6031,1489969.889,5123156.1482,1499969.889,5113156.1482,820744289.3798,920756921.581
6032,1489969.889,5113156.1482,1499969.889,5103156.1482,34840.0653,36544.161
6033,1489969.889,5103156.1482,1499969.889,5093156.1482,,
6034,1489969.889,5093156.1482,1499969.889,5083156.1482,,
6035,1489969.889,5083156.1482,1499969.889,5073156.1482,,
6036,1489969.889,5073156.1482,1499969.889,5063156.1482,,
6037,1489969.889,5063156.1482,1499969.889,5053156.1482,,
6038,1489969.889,5053156.1482,1499969.889,5043156.1482,,
6039,1489969.889,5043156.1482,1499969.889,5033156.1482,,
6040,1489969.889,5033156.1482,1499969.889,5023156.1482,,
6041,1489969.889,5023156.1482,1499969.889,5013156.1482,,
6042,1489969.889,5013156.1482,1499969.889,5003156.1482,,
6043,1489969.889,5003156.1482,1499969.889,4993156.1482,,
6044,1489969.889,4993156.1482,1499969.889,4983156.1482,,
6045,1489969.889,4983156.1482,1499969.889,4973156.1482,,
6046,1489969.889,4973156.1482,1499969.889,4963156.1482,,
6047,1489969.889,4963156.1482,1499969.889,4953156.1482,,
6048,1489969.889,4953156.1482,1499969.889,4943156.1482,,
6049,1489969.889,4943156.1482,1499969.889,4933156.1482,,
6050,1489969.889,4933156.1482,1499969.889,4923156.1482,,
6051,1489969.889,4923156.1482,1499969.889,4913156.1482,,
6052,1489969.889,4913156.1482,1499969.889,4903156.1482,,
6053,1489969.889,4903156.1482,1499969.889,4893156.1482,,
6054,1489969.889,4893156.1482,1499969.889,4883156.1482,,
6055,1489969.889,4883156.1482,1499969.889,4873156.1482,,
6056,1489969.889,4873156.1482,1499969.889,4863156.1482,,
6057,1489969.889,4863156.1482,1499969.889,4853156.1482,,
6058,1489969.889,4853156.1482,1499969.889,4843156.1482,,
6059,1489969.889,4843156.1482,1499969.889,4833156.1482,,
6060,1489969.889,4833156.1482,1499969.889,4823156.1482,,
6061,1489969.889,4823156.1482,1499969.889,4813156.1482,,
6062,1489969.889,4813156.1482,1499969.889,4803156.1482,,
6063,1489969.889,4803156.1482,1499969.889,4793156.1482,,
6064,1489969.889,4793156.1482,1499969.889,4783156.1482,,
6065,1489969.889,4783156.1482,1499969.889,4773156.1482,,
6066,1489969.889,4773156.1482,1499969.889,4763156.1482,,
6067,1489969.889,4763156.1482,1499969.889,4753156.1482,,
6068,1489969.889,4753156.1482,1499969.889,4743156.1482,,
6069,1499969.889,6223156.1482,1509969.889,6213156.1482,,
6070,1499969.889,6213156.1482,1509969.889,6203156.1482,,
6071,1499969.889,6203156.1482,1509969.889,6193156.1482,,
6072,1499969.889,6193156.1482,1509969.889,6183156.1482,,
6073,1499969.889,6183156.1482,1509969.889,6173156.1482,,
6074,1499969.889,6173156.1482,1509969.889,6163156.1482,,
6075,1499969.889,6163156.1482,1509969.889,6153156.1482,,
6076,1499969.889,6153156.1482,1509969.889,6143156.1482,,
6077,1499969.889,6143156.1482,1509969.889,6133156.1482,,
6078,1499969.889,6133156.1482,1509969.889,6123156.1482,,
6079,1499969.889,6123156.1482,1509969.889,6113156.1482,,
6080,1499969.889,6113156.1482,1509969.889,6103156.1482,,
6081,1499969.889,6103156.1482,1509969.889,6093156.1482,,
6082,1499969.889,6093156.1482,1509969.889,6083156.1482,,
6083,1499969.889,6083156.1482,1509969.889,6073156.1482,,
6084,1499969.889,6073156.1482,1509969.889,6063156.1482,,
6085,1499969.889,6063156.1482,1509969.889,6053156.1482,,
6086,1499969.889,6053156.1482,1509969.889,6043156.1482,,
6087,1499969.889,6043156.1482,1509969.889,6033156.1482,,
6088,1499969.889,6033156.1482,1509969.889,6023156.1482,,
6089,1499969.889,6023156.1482,1509969.889,6013156.1482,,
6090,1499969.889,6013156.1482,1509969.889,6003156.1482,,
6091,1499969.889,6003156.1482,1509969.889,5993156.1482,,
6092,1499969.889,5993156.1482,1509969.889,5983156.1482,,
6093,1499969.889,5983156.1482,1509969.889,5973156.1482,,
6094,1499969.889,5973156.1482,1509969.889,5963156.1482,,
6095,1499969.889,5963156.1482,1509969.889,5953156.1482,,
6096,1499969.889,5953156.1482,1509969.889,5943156.1482,,
6097,1499969.889,5943156.1482,1509969.889,5933156.1482,,
6098,1499969.889,5933156.1482,1509969.889,5923156.1482,,
6099,1499969.889,5923156.1482,1509969.889,5913156.1482,,
6100,1499969.889,5913156.1482,1509969.889,5903156.1482,,
6101,1499969.889,5903156.1482,1509969.889,5893156.1482,,
6102,1499969.889,5893156.1482,1509969.889,5883156.1482,,
6103,1499969.889,5883156.1482,1509969.889,5873156.1482,,
6104,1499969.889,5873156.1482,1509969.889,5863156.1482,,
6105,1499969.889,5863156.1482,1509969.889,5853156.1482,,
6106,1499969.889,5853156.1482,1509969.889,5843156.1482,,
6107,1499969.889,5843156.1482,1509969.889,5833156.1482,,
6108,1499969.889,5833156.1482,1509969.889,5823156.1482,,
6109,1499969.889,5823156.1482,1509969.889,5813156.1482,,
6110,1499969.889,5813156.1482,1509969.889,5803156.1482,,
6111,1499969.889,5803156.1482,1509969.889,5793156.1482,,
6112,1499969.889,5793156.1482,1509969.889,5783156.1482,,
6113,1499969.889,5783156.1482,1509969.889,5773156.1482,,
6114,1499969.889,5773156.1482,1509969.889,5763156.1482,,
6115,1499969.889,5763156.1482,1509969.889,5753156.1482,,
6116,1499969.889,5753156.1482,1509969.889,5743156.1482,,
6117,1499969.889,5743156.1482,1509969.889,5733156.1482,,
6118,1499969.889,5733156.1482,1509969.889,5723156.1482,,
6119,1499969.889,5723156.1482,1509969.889,5713156.1482,,
6120,1499969.889,5713156.1482,1509969.889,5703156.1482,,
6121,1499969.889,5703156.1482,1509969.889,5693156.1482,,
6122,1499969.889,5693156.1482,1509969.889,5683156.1482,,
6123,1499969.889,5683156.1482,1509969.889,5673156.1482,,
6124,1499969.889,5673156.1482,1509969.889,5663156.1482,,
6125,1499969.889,5663156.1482,1509969.889,5653156.1482,,
6126,1499969.889,5653156.1482,1509969.889,5643156.1482,,
6127,1499969.889,5643156.1482,1509969.889,5633156.1482,,
6128,1499969.889,5633156.1482,1509969.889,5623156.1482,,
6129,1499969.889,5623156.1482,1509969.889,5613156.1482,,
6130,1499969.889,5613156.1482,1509969.889,5603156.1482,,
6131,1499969.889,5603156.1482,1509969.889,5593156.1482,,
6132,1499969.889,5593156.1482,1509969.889,5583156.1482,,
6133,1499969.889,5583156.1482,1509969.889,5573156.1482,,
6134,1499969.889,5573156.1482,1509969.889,5563156.1482,,
6135,1499969.889,5563156.1482,1509969.889,5553156.1482,,
6136,1499969.889,5553156.1482,1509969.889,5543156.1482,,
6137,1499969.889,5543156.1482,1509969.889,5533156.1482,,
6138,1499969.889,5533156.1482,1509969.889,5523156.1482,,
6139,1499969.889,5523156.1482,1509969.889,5513156.1482,,
6140,1499969.889,5513156.1482,1509969.889,5503156.1482,,
6141,1499969.889,5503156.1482,1509969.889,5493156.1482,,
6142,1499969.889,5493156.1482,1509969.889,5483156.1482,,
6143,1499969.889,5483156.1482,1509969.889,5473156.1482,,
6144,1499969.889,5473156.1482,1509969.889,5463156.1482,,
6145,1499969.889,5463156.1482,1509969.889,5453156.1482,,
6146,1499969.889,5453156.1482,1509969.889,5443156.1482,,
6147,1499969.889,5443156.1482,1509969.889,5433156.1482,,
6148,1499969.889,5433156.1482,1509969.889,5423156.1482,,
6149,1499969.889,5423156.1482,1509969.889,5413156.1482,,
6150,1499969.889,5413156.1482,1509969.889,5403156.1482,,
6151,1499969.889,5403156.1482,1509969.889,5393156.1482,5014559.9613,3353917.489
6152,1499969.889,5393156.1482,1509969.889,5383156.1482,93159109.0168,96881012.551
6153,1499969.889,5383156.1482,1509969.889,5373156.1482,119809204.6309,124621984.606
6154,1499969.889,5373156.1482,1509969.889,5363156.1482,63398378.929,61271499.971
6155,1499969.889,5363156.1482,1509969.889,5353156.1482,41580318.0996,34215774.838
6156,1499969.889,5353156.1482,1509969.889,5343156.1482,25834923.0993,21792588.114
6157,1499969.889,5343156.1482,1509969.889,5333156.1482,991809108.6121,795743327.233
6158,1499969.889,5333156.1482,1509969.889,5323156.1482,25834923.8135,21792588.716
6159,1499969.889,5323156.1482,1509969.889,5313156.1482,25834923.1707,21792588.174
6160,1499969.889,5313156.1482,1509969.889,5303156.1482,49291923.363,49723624.119
6161,1499969.889,5303156.1482,1509969.889,5293156.1482,61035258.1093,63706801.374
6162,1499969.889,5293156.1482,1509969.889,5283156.1482,126469916.569,48343110.325
6163,1499969.889,5283156.1482,1509969.889,5273156.1482,152317990.3434,42274420.889
6164,1499969.889,5273156.1482,1509969.889,5263156.1482,99236628.3891,35499492.23
6165,1499969.889,5263156.1482,1509969.889,5253156.1482,30964488.226,15577284.606
6166,1499969.889,5253156.1482,1509969.889,5243156.1482,30857826.5709,14908612.708
6167,1499969.889,5243156.1482,1509969.889,5233156.1482,30857826.365,14908612.608
6168,1499969.889,5233156.1482,1509969.889,5223156.1482,30857826.8349,14908612.835
6169,1499969.889,5223156.1482,1509969.889,5213156.1482,30857827.0373,14908612.933
6170,1499969.889,5213156.1482,1509969.889,5203156.1482,183393464.4883,177328084.057
6171,1499969.889,5203156.1482,1509969.889,5193156.1482,274488924.7084,274166014.462
6172,1499969.889,5193156.1482,1509969.889,5183156.1482,242146881.5705,237722727.212
6173,1499969.889,5183156.1482,1509969.889,5173156.1482,241449508.4077,237003284.111
6174,1499969.889,5173156.1482,1509969.889,5163156.1482,504242497.4021,565046306.07
6175,1499969.889,5163156.1482,1509969.889,5153156.1482,525546785.3446,586085612.982
6176,1499969.889,5153156.1482,1509969.889,5143156.1482,1068969737.6227,1222967254.135
6177,1499969.889,5143156.1482,1509969.889,5133156.1482,8366543306.7296,9642286072.876
6178,1499969.889,5133156.1482,1509969.889,5123156.1482,1380895916.707,1579631500.157
6179,1499969.889,5123156.1482,1509969.889,5113156.1482,196732528.4715,222762914.7
6180,1499969.889,5113156.1482,1509969.889,5103156.1482,,
6181,1499969.889,5103156.1482,1509969.889,5093156.1482,,
6182,1499969.889,5093156.1482,1509969.889,5083156.1482,,
6183,1499969.889,5083156.1482,1509969.889,5073156.1482,,
6184,1499969.889,5073156.1482,1509969.889,5063156.1482,,
6185,1499969.889,5063156.1482,1509969.889,5053156.1482,,
6186,1499969.889,5053156.1482,1509969.889,5043156.1482,,
6187,1499969.889,5043156.1482,1509969.889,5033156.1482,,
6188,1499969.889,5033156.1482,1509969.889,5023156.1482,,
6189,1499969.889,5023156.1482,1509969.889,5013156.1482,,
6190,1499969.889,5013156.1482,1509969.889,5003156.1482,,
6191,1499969.889,5003156.1482,1509969.889,4993156.1482,,
6192,1499969.889,4993156.1482,1509969.889,4983156.1482,,
6193,1499969.889,4983156.1482,1509969.889,4973156.1482,,
6194,1499969.889,4973156.1482,1509969.889,4963156.1482,,
6195,1499969.889,4963156.1482,1509969.889,4953156.1482,,
6196,1499969.889,4953156.1482,1509969.889,4943156.1482,,
6197,1499969.889,4943156.1482,1509969.889,4933156.1482,,
6198,1499969.889,4933156.1482,1509969.889,4923156.1482,,
6199,1499969.889,4923156.1482,1509969.889,4913156.1482,,
6200,1499969.889,4913156.1482,1509969.889,4903156.1482,,
6201,1499969.889,4903156.1482,1509969.889,4893156.1482,,
6202,1499969.889,4893156.1482,1509969.889,4883156.1482,,
6203,1499969.889,4883156.1482,1509969.889,4873156.1482,,
6204,1499969.889,4873156.1482,1509969.889,4863156.1482,,
6205,1499969.889,4863156.1482,1509969.889,4853156.1482,,
6206,1499969.889,4853156.1482,1509969.889,4843156.1482,,
6207,1499969.889,4843156.1482,1509969.889,4833156.1482,,
6208,1499969.889,4833156.1482,1509969.889,4823156.1482,,
6209,1499969.889,4823156.1482,1509969.889,4813156.1482,,
6210,1499969.889,4813156.1482,1509969.889,4803156.1482,,
6211,1499969.889,4803156.1482,1509969.889,4793156.1482,,
6212,1499969.889,4793156.1482,1509969.889,4783156.1482,,
6213,1499969.889,4783156.1482,1509969.889,4773156.1482,,
6214,1499969.889,4773156.1482,1509969.889,4763156.1482,,
6215,1499969.889,4763156.1482,1509969.889,4753156.1482,,
6216,1499969.889,4753156.1482,1509969.889,4743156.1482,,
6217,1509969.889,6223156.1482,1519969.889,6213156.1482,,
6218,1509969.889,6213156.1482,1519969.889,6203156.1482,,
6219,1509969.889,6203156.1482,1519969.889,6193156.1482,,
6220,1509969.889,6193156.1482,1519969.889,6183156.1482,,
6221,1509969.889,6183156.1482,1519969.889,6173156.1482,,
6222,1509969.889,6173156.1482,1519969.889,6163156.1482,,
6223,1509969.889,6163156.1482,1519969.889,6153156.1482,,
6224,1509969.889,6153156.1482,1519969.889,6143156.1482,,
6225,1509969.889,6143156.1482,1519969.889,6133156.1482,,
6226,1509969.889,6133156.1482,1519969.889,6123156.1482,,
6227,1509969.889,6123156.1482,1519969.889,6113156.1482,,
6228,1509969.889,6113156.1482,1519969.889,6103156.1482,,
6229,1509969.889,6103156.1482,1519969.889,6093156.1482,,
6230,1509969.889,6093156.1482,1519969.889,6083156.1482,,
6231,1509969.889,6083156.1482,1519969.889,6073156.1482,,
6232,1509969.889,6073156.1482,1519969.889,6063156.1482,,
6233,1509969.889,6063156.1482,1519969.889,6053156.1482,,
6234,1509969.889,6053156.1482,1519969.889,6043156.1482,,
6235,1509969.889,6043156.1482,1519969.889,6033156.1482,,
6236,1509969.889,6033156.1482,1519969.889,6023156.1482,,
6237,1509969.889,6023156.1482,1519969.889,6013156.1482,,
6238,1509969.889,6013156.1482,1519969.889,6003156.1482,,
6239,1509969.889,6003156.1482,1519969.889,5993156.1482,,
6240,1509969.889,5993156.1482,1519969.889,5983156.1482,,
6241,1509969.889,5983156.1482,1519969.889,5973156.1482,,
6242,1509969.889,5973156.1482,1519969.889,5963156.1482,,
6243,1509969.889,5963156.1482,1519969.889,5953156.1482,,
6244,1509969.889,5953156.1482,1519969.889,5943156.1482,,
6245,1509969.889,5943156.1482,1519969.889,5933156.1482,,
6246,1509969.889,5933156.1482,1519969.889,5923156.1482,,
6247,1509969.889,5923156.1482,1519969.889,5913156.1482,,
6248,1509969.889,5913156.1482,1519969.889,5903156.1482,,
6249,1509969.889,5903156.1482,1519969.889,5893156.1482,,
6250,1509969.889,5893156.1482,1519969.889,5883156.1482,,
6251,1509969.889,5883156.1482,1519969.889,5873156.1482,,
6252,1509969.889,5873156.1482,1519969.889,5863156.1482,,
6253,1509969.889,5863156.1482,1519969.889,5853156.1482,,
6254,1509969.889,5853156.1482,1519969.889,5843156.1482,,
6255,1509969.889,5843156.1482,1519969.889,5833156.1482,,
6256,1509969.889,5833156.1482,1519969.889,5823156.1482,,
6257,1509969.889,5823156.1482,1519969.889,5813156.1482,,
6258,1509969.889,5813156.1482,1519969.889,5803156.1482,,
6259,1509969.889,5803156.1482,1519969.889,5793156.1482,,
6260,1509969.889,5793156.1482,1519969.889,5783156.1482,,
6261,1509969.889,5783156.1482,1519969.889,5773156.1482,,
6262,1509969.889,5773156.1482,1519969.889,5763156.1482,,
6263,1509969.889,5763156.1482,1519969.889,5753156.1482,,
6264,1509969.889,5753156.1482,1519969.889,5743156.1482,,
6265,1509969.889,5743156.1482,1519969.889,5733156.1482,,
6266,1509969.889,5733156.1482,1519969.889,5723156.1482,,
6267,1509969.889,5723156.1482,1519969.889,5713156.1482,,
6268,1509969.889,5713156.1482,1519969.889,5703156.1482,,
6269,1509969.889,5703156.1482,1519969.889,5693156.1482,,
6270,1509969.889,5693156.1482,1519969.889,5683156.1482,,
6271,1509969.889,5683156.1482,1519969.889,5673156.1482,,
6272,1509969.889,5673156.1482,1519969.889,5663156.1482,,
6273,1509969.889,5663156.1482,1519969.889,5653156.1482,,
6274,1509969.889,5653156.1482,1519969.889,5643156.1482,,
6275,1509969.889,5643156.1482,1519969.889,5633156.1482,,
6276,1509969.889,5633156.1482,1519969.889,5623156.1482,,
6277,1509969.889,5623156.1482,1519969.889,5613156.1482,,
6278,1509969.889,5613156.1482,1519969.889,5603156.1482,,
6279,1509969.889,5603156.1482,1519969.889,5593156.1482,,
6280,1509969.889,5593156.1482,1519969.889,5583156.1482,,
6281,1509969.889,5583156.1482,1519969.889,5573156.1482,,
6282,1509969.889,5573156.1482,1519969.889,5563156.1482,,
6283,1509969.889,5563156.1482,1519969.889,5553156.1482,,
6284,1509969.889,5553156.1482,1519969.889,5543156.1482,,
6285,1509969.889,5543156.1482,1519969.889,5533156.1482,,
6286,1509969.889,5533156.1482,1519969.889,5523156.1482,,
6287,1509969.889,5523156.1482,1519969.889,5513156.1482,,
6288,1509969.889,5513156.1482,1519969.889,5503156.1482,,
6289,1509969.889,5503156.1482,1519969.889,5493156.1482,,
6290,1509969.889,5493156.1482,1519969.889,5483156.1482,,
6291,1509969.889,5483156.1482,1519969.889,5473156.1482,,
6292,1509969.889,5473156.1482,1519969.889,5463156.1482,,
6293,1509969.889,5463156.1482,1519969.889,5453156.1482,,
6294,1509969.889,5453156.1482,1519969.889,5443156.1482,,
6295,1509969.889,5443156.1482,1519969.889,5433156.1482,,
6296,1509969.889,5433156.1482,1519969.889,5423156.1482,,
6297,1509969.889,5423156.1482,1519969.889,5413156.1482,1315484.4964,599135.596
6298,1509969.889,5413156.1482,1519969.889,5403156.1482,18774317.1128,8550736.791
6299,1509969.889,5403156.1482,1519969.889,5393156.1482,31504295.6623,14377691.897
6300,1509969.889,5393156.1482,1519969.889,5383156.1482,89728936.3566,86860187.742
6301,1509969.889,5383156.1482,1519969.889,5373156.1482,83515262.9621,84907683.643
6302,1509969.889,5373156.1482,1519969.889,5363156.1482,25884376.4669,21846521.301
6303,1509969.889,5363156.1482,1519969.889,5353156.1482,25836068.4151,21793554.225
6304,1509969.889,5353156.1482,1519969.889,5343156.1482,25836068.4709,21793554.272
6305,1509969.889,5343156.1482,1519969.889,5333156.1482,25836068.4228,21793554.231
6306,1509969.889,5333156.1482,1519969.889,5323156.1482,25836068.3778,21793554.193
6307,1509969.889,5323156.1482,1519969.889,5313156.1482,25836068.9223,21793554.652
6308,1509969.889,5313156.1482,1519969.889,5303156.1482,29005138.2772,25566314.028
6309,1509969.889,5303156.1482,1519969.889,5293156.1482,38073130.2873,32842916.045
6310,1509969.889,5293156.1482,1519969.889,5283156.1482,150824724.2005,42390463.578
6311,1509969.889,5283156.1482,1519969.889,5273156.1482,116988300.7326,37342229.397
6312,1509969.889,5273156.1482,1519969.889,5263156.1482,58773049.9908,27959887.797
6313,1509969.889,5263156.1482,1519969.889,5253156.1482,31387606.6163,15166519.313
6314,1509969.889,5253156.1482,1519969.889,5243156.1482,30859193.7859,14909273.262
6315,1509969.889,5243156.1482,1519969.889,5233156.1482,30859194.2079,14909273.466
6316,1509969.889,5233156.1482,1519969.889,5223156.1482,30859194.1638,14909273.445
6317,1509969.889,5223156.1482,1519969.889,5213156.1482,151190250.6172,128318015.839
6318,1509969.889,5213156.1482,1519969.889,5203156.1482,317504970.4833,300643252.368
6319,1509969.889,5203156.1482,1519969.889,5193156.1482,280958661.2015,279314847.453
6320,1509969.889,5193156.1482,1519969.889,5183156.1482,837274894.211,674994088.754
6321,1509969.889,5183156.1482,1519969.889,5173156.1482,286687255.9984,275118273.091
6322,1509969.889,5173156.1482,1519969.889,5163156.1482,623137084.2675,747680707.904
6323,1509969.889,5163156.1482,1519969.889,5153156.1482,1152114402.5738,1253933757.527
6324,1509969.889,5153156.1482,1519969.889,5143156.1482,537702699.1926,603751111.598
6325,1509969.889,5143156.1482,1519969.889,5133156.1482,765458509.528,869078750.386
6326,1509969.889,5133156.1482,1519969.889,5123156.1482,648105710.3233,743489189.33
6327,1509969.889,5123156.1482,1519969.889,5113156.1482,,
6328,1509969.889,5113156.1482,1519969.889,5103156.1482,,
6329,1509969.889,5103156.1482,1519969.889,5093156.1482,,
6330,1509969.889,5093156.1482,1519969.889,5083156.1482,,
6331,1509969.889,5083156.1482,1519969.889,5073156.1482,,
6332,1509969.889,5073156.1482,1519969.889,5063156.1482,,
6333,1509969.889,5063156.1482,1519969.889,5053156.1482,,
6334,1509969.889,5053156.1482,1519969.889,5043156.1482,,
6335,1509969.889,5043156.1482,1519969.889,5033156.1482,,
6336,1509969.889,5033156.1482,1519969.889,5023156.1482,,
6337,1509969.889,5023156.1482,1519969.889,5013156.1482,,
6338,1509969.889,5013156.1482,1519969.889,5003156.1482,,
6339,1509969.889,5003156.1482,1519969.889,4993156.1482,,
6340,1509969.889,4993156.1482,1519969.889,4983156.1482,,
6341,1509969.889,4983156.1482,1519969.889,4973156.1482,,
6342,1509969.889,4973156.1482,1519969.889,4963156.1482,,
6343,1509969.889,4963156.1482,1519969.889,4953156.1482,,
6344,1509969.889,4953156.1482,1519969.889,4943156.1482,,
6345,1509969.889,4943156.1482,1519969.889,4933156.1482,,
6346,1509969.889,4933156.1482,1519969.889,4923156.1482,,
6347,1509969.889,4923156.1482,1519969.889,4913156.1482,,
6348,1509969.889,4913156.1482,1519969.889,4903156.1482,,
6349,1509969.889,4903156.1482,1519969.889,4893156.1482,,
6350,1509969.889,4893156.1482,1519969.889,4883156.1482,,
6351,1509969.889,4883156.1482,1519969.889,4873156.1482,,
6352,1509969.889,4873156.1482,1519969.889,4863156.1482,,
6353,1509969.889,4863156.1482,1519969.889,4853156.1482,,
6354,1509969.889,4853156.1482,1519969.889,4843156.1482,,
6355,1509969.889,4843156.1482,1519969.889,4833156.1482,,
6356,1509969.889,4833156.1482,1519969.889,4823156.1482,,
6357,1509969.889,4823156.1482,1519969.889,4813156.1482,,
6358,1509969.889,4813156.1482,1519969.889,4803156.1482,,
6359,1509969.889,4803156.1482,1519969.889,4793156.1482,,
6360,1509969.889,4793156.1482,1519969.889,4783156.1482,,
6361,1509969.889,4783156.1482,1519969.889,4773156.1482,,
6362,1509969.889,4773156.1482,1519969.889,4763156.1482,,
6363,1509969.889,4763156.1482,1519969.889,4753156.1482,,
6364,1509969.889,4753156.1482,1519969.889,4743156.1482,,
6365,1519969.889,6223156.1482,1529969.889,6213156.1482,,
6366,1519969.889,6213156.1482,1529969.889,6203156.1482,,
6367,1519969.889,6203156.1482,1529969.889,6193156.1482,,
6368,1519969.889,6193156.1482,1529969.889,6183156.1482,,
6369,1519969.889,6183156.1482,1529969.889,6173156.1482,,
6370,1519969.889,6173156.1482,1529969.889,6163156.1482,,
6371,1519969.889,6163156.1482,1529969.889,6153156.1482,,
6372,1519969.889,6153156.1482,1529969.889,6143156.1482,,
6373,1519969.889,6143156.1482,1529969.889,6133156.1482,,
6374,1519969.889,6133156.1482,1529969.889,6123156.1482,,
6375,1519969.889,6123156.1482,1529969.889,6113156.1482,,
6376,1519969.889,6113156.1482,1529969.889,6103156.1482,,
6377,1519969.889,6103156.1482,1529969.889,6093156.1482,,
6378,1519969.889,6093156.1482,1529969.889,6083156.1482,,
6379,1519969.889,6083156.1482,1529969.889,6073156.1482,,
6380,1519969.889,6073156.1482,1529969.889,6063156.1482,,
6381,1519969.889,6063156.1482,1529969.889,6053156.1482,,
6382,1519969.889,6053156.1482,1529969.889,6043156.1482,,
6383,1519969.889,6043156.1482,1529969.889,6033156.1482,,
6384,1519969.889,6033156.1482,1529969.889,6023156.1482,,
6385,1519969.889,6023156.1482,1529969.889,6013156.1482,,
6386,1519969.889,6013156.1482,1529969.889,6003156.1482,,
6387,1519969.889,6003156.1482,1529969.889,5993156.1482,,
6388,1519969.889,5993156.1482,1529969.889,5983156.1482,,
6389,1519969.889,5983156.1482,1529969.889,5973156.1482,,
6390,1519969.889,5973156.1482,1529969.889,5963156.1482,,
6391,1519969.889,5963156.1482,1529969.889,5953156.1482,,
6392,1519969.889,5953156.1482,1529969.889,5943156.1482,,
6393,1519969.889,5943156.1482,1529969.889,5933156.1482,,
6394,1519969.889,5933156.1482,1529969.889,5923156.1482,,
6395,1519969.889,5923156.1482,1529969.889,5913156.1482,,
6396,1519969.889,5913156.1482,1529969.889,5903156.1482,,
6397,1519969.889,5903156.1482,1529969.889,5893156.1482,,
6398,1519969.889,5893156.1482,1529969.889,5883156.1482,,
6399,1519969.889,5883156.1482,1529969.889,5873156.1482,,
6400,1519969.889,5873156.1482,1529969.889,5863156.1482,,
6401,1519969.889,5863156.1482,1529969.889,5853156.1482,,
6402,1519969.889,5853156.1482,1529969.889,5843156.1482,,
6403,1519969.889,5843156.1482,1529969.889,5833156.1482,,
6404,1519969.889,5833156.1482,1529969.889,5823156.1482,,
6405,1519969.889,5823156.1482,1529969.889,5813156.1482,,
6406,1519969.889,5813156.1482,1529969.889,5803156.1482,,
6407,1519969.889,5803156.1482,1529969.889,5793156.1482,,
6408,1519969.889,5793156.1482,1529969.889,5783156.1482,,
6409,1519969.889,5783156.1482,1529969.889,5773156.1482,,
6410,1519969.889,5773156.1482,1529969.889,5763156.1482,,
6411,1519969.889,5763156.1482,1529969.889,5753156.1482,,
6412,1519969.889,5753156.1482,1529969.889,5743156.1482,,
6413,1519969.889,5743156.1482,1529969.889,5733156.1482,,
6414,1519969.889,5733156.1482,1529969.889,5723156.1482,,
6415,1519969.889,5723156.1482,1529969.889,5713156.1482,,
6416,1519969.889,5713156.1482,1529969.889,5703156.1482,,
6417,1519969.889,5703156.1482,1529969.889,5693156.1482,,
6418,1519969.889,5693156.1482,1529969.889,5683156.1482,,
6419,1519969.889,5683156.1482,1529969.889,5673156.1482,,
6420,1519969.889,5673156.1482,1529969.889,5663156.1482,,
6421,1519969.889,5663156.1482,1529969.889,5653156.1482,,
6422,1519969.889,5653156.1482,1529969.889,5643156.1482,,
6423,1519969.889,5643156.1482,1529969.889,5633156.1482,,
6424,1519969.889,5633156.1482,1529969.889,5623156.1482,,
6425,1519969.889,5623156.1482,1529969.889,5613156.1482,,
6426,1519969.889,5613156.1482,1529969.889,5603156.1482,,
6427,1519969.889,5603156.1482,1529969.889,5593156.1482,,
6428,1519969.889,5593156.1482,1529969.889,5583156.1482,,
6429,1519969.889,5583156.1482,1529969.889,5573156.1482,,
6430,1519969.889,5573156.1482,1529969.889,5563156.1482,,
6431,1519969.889,5563156.1482,1529969.889,5553156.1482,,
6432,1519969.889,5553156.1482,1529969.889,5543156.1482,,
6433,1519969.889,5543156.1482,1529969.889,5533156.1482,,
6434,1519969.889,5533156.1482,1529969.889,5523156.1482,,
6435,1519969.889,5523156.1482,1529969.889,5513156.1482,,
6436,1519969.889,5513156.1482,1529969.889,5503156.1482,,
6437,1519969.889,5503156.1482,1529969.889,5493156.1482,,
6438,1519969.889,5493156.1482,1529969.889,5483156.1482,,
6439,1519969.889,5483156.1482,1529969.889,5473156.1482,6623026.5249,3016448.281
6440,1519969.889,5473156.1482,1529969.889,5463156.1482,18655309.6083,8496534.988
6441,1519969.889,5463156.1482,1529969.889,5453156.1482,15975779.9043,7276146.886
6442,1519969.889,5453156.1482,1529969.889,5443156.1482,16899847.0902,7697012.009
6443,1519969.889,5443156.1482,1529969.889,5433156.1482,16871162.7921,7683947.785
6444,1519969.889,5433156.1482,1529969.889,5423156.1482,19079834.4995,8689884.263
6445,1519969.889,5423156.1482,1529969.889,5413156.1482,27845381.5237,12682140.545
6446,1519969.889,5413156.1482,1529969.889,5403156.1482,32231314.3763,14679707.603
6447,1519969.889,5403156.1482,1529969.889,5393156.1482,32231314.21,14679707.527
6448,1519969.889,5393156.1482,1529969.889,5383156.1482,37380641.168,21141655.264
6449,1519969.889,5383156.1482,1529969.889,5373156.1482,52006606.4241,42924631.502
6450,1519969.889,5373156.1482,1529969.889,5363156.1482,35420709.1942,26900014.922
6451,1519969.889,5363156.1482,1529969.889,5353156.1482,44980803.8873,31992817.185
6452,1519969.889,5353156.1482,1529969.889,5343156.1482,38930898.097,28770002.554
6453,1519969.889,5343156.1482,1529969.889,5333156.1482,28762354.428,23352182.515
6454,1519969.889,5333156.1482,1529969.889,5323156.1482,25837086.6971,21794413.178
6455,1519969.889,5323156.1482,1529969.889,5313156.1482,25837087,21794413.434
6456,1519969.889,5313156.1482,1529969.889,5303156.1482,25837086.7621,21794413.233
6457,1519969.889,5303156.1482,1529969.889,5293156.1482,28573246.8837,22239039.839
6458,1519969.889,5293156.1482,1529969.889,5283156.1482,132038648.6812,39281386.497
6459,1519969.889,5283156.1482,1529969.889,5273156.1482,77836436.946,31872663.204
6460,1519969.889,5273156.1482,1529969.889,5263156.1482,60830230.4037,29499509.661
6461,1519969.889,5263156.1482,1529969.889,5253156.1482,50458429.3198,24450389.715
6462,1519969.889,5253156.1482,1529969.889,5243156.1482,30900080.8262,14929182.568
6463,1519969.889,5243156.1482,1529969.889,5233156.1482,49440901.0577,32496162.776
6464,1519969.889,5233156.1482,1529969.889,5223156.1482,108646448.8378,88541468.81
6465,1519969.889,5223156.1482,1529969.889,5213156.1482,168413313.9441,144449031.776
6466,1519969.889,5213156.1482,1529969.889,5203156.1482,367332943.5253,329878172.008
6467,1519969.889,5203156.1482,1529969.889,5193156.1482,334256514.1642,310523954.64
6468,1519969.889,5193156.1482,1529969.889,5183156.1482,2465433332.4735,2538860753.975
6469,1519969.889,5183156.1482,1529969.889,5173156.1482,1533351142.7082,1552554448.505
6470,1519969.889,5173156.1482,1529969.889,5163156.1482,686949220.3051,813882314.706
6471,1519969.889,5163156.1482,1529969.889,5153156.1482,1505249772.6631,1658845067.551
6472,1519969.889,5153156.1482,1529969.889,5143156.1482,625213565.8419,702413880.693
6473,1519969.889,5143156.1482,1529969.889,5133156.1482,455771163.6668,510553474.913
6474,1519969.889,5133156.1482,1529969.889,5123156.1482,18706659.4522,20955143.17
6475,1519969.889,5123156.1482,1529969.889,5113156.1482,,
6476,1519969.889,5113156.1482,1529969.889,5103156.1482,,
6477,1519969.889,5103156.1482,1529969.889,5093156.1482,,
6478,1519969.889,5093156.1482,1529969.889,5083156.1482,,
6479,1519969.889,5083156.1482,1529969.889,5073156.1482,,
6480,1519969.889,5073156.1482,1529969.889,5063156.1482,,
6481,1519969.889,5063156.1482,1529969.889,5053156.1482,,
6482,1519969.889,5053156.1482,1529969.889,5043156.1482,,
6483,1519969.889,5043156.1482,1529969.889,5033156.1482,,
6484,1519969.889,5033156.1482,1529969.889,5023156.1482,,
6485,1519969.889,5023156.1482,1529969.889,5013156.1482,,
6486,1519969.889,5013156.1482,1529969.889,5003156.1482,,
6487,1519969.889,5003156.1482,1529969.889,4993156.1482,,
6488,1519969.889,4993156.1482,1529969.889,4983156.1482,,
6489,1519969.889,4983156.1482,1529969.889,4973156.1482,,
6490,1519969.889,4973156.1482,1529969.889,4963156.1482,,
6491,1519969.889,4963156.1482,1529969.889,4953156.1482,,
6492,1519969.889,4953156.1482,1529969.889,4943156.1482,,
6493,1519969.889,4943156.1482,1529969.889,4933156.1482,,
6494,1519969.889,4933156.1482,1529969.889,4923156.1482,,
6495,1519969.889,4923156.1482,1529969.889,4913156.1482,,
6496,1519969.889,4913156.1482,1529969.889,4903156.1482,,
6497,1519969.889,4903156.1482,1529969.889,4893156.1482,,
6498,1519969.889,4893156.1482,1529969.889,4883156.1482,,
6499,1519969.889,4883156.1482,1529969.889,4873156.1482,,
6500,1519969.889,4873156.1482,1529969.889,4863156.1482,,
6501,1519969.889,4863156.1482,1529969.889,4853156.1482,,
6502,1519969.889,4853156.1482,1529969.889,4843156.1482,,
6503,1519969.889,4843156.1482,1529969.889,4833156.1482,,
6504,1519969.889,4833156.1482,1529969.889,4823156.1482,,
6505,1519969.889,4823156.1482,1529969.889,4813156.1482,,
6506,1519969.889,4813156.1482,1529969.889,4803156.1482,,
6507,1519969.889,4803156.1482,1529969.889,4793156.1482,,
6508,1519969.889,4793156.1482,1529969.889,4783156.1482,,
6509,1519969.889,4783156.1482,1529969.889,4773156.1482,,
6510,1519969.889,4773156.1482,1529969.889,4763156.1482,,
6511,1519969.889,4763156.1482,1529969.889,4753156.1482,,
6512,1519969.889,4753156.1482,1529969.889,4743156.1482,,
6513,1529969.889,6223156.1482,1539969.889,6213156.1482,,
6514,1529969.889,6213156.1482,1539969.889,6203156.1482,,
6515,1529969.889,6203156.1482,1539969.889,6193156.1482,,
6516,1529969.889,6193156.1482,1539969.889,6183156.1482,,
6517,1529969.889,6183156.1482,1539969.889,6173156.1482,,
6518,1529969.889,6173156.1482,1539969.889,6163156.1482,,
6519,1529969.889,6163156.1482,1539969.889,6153156.1482,,
6520,1529969.889,6153156.1482,1539969.889,6143156.1482,,
6521,1529969.889,6143156.1482,1539969.889,6133156.1482,,
6522,1529969.889,6133156.1482,1539969.889,6123156.1482,,
6523,1529969.889,6123156.1482,1539969.889,6113156.1482,,
6524,1529969.889,6113156.1482,1539969.889,6103156.1482,,
6525,1529969.889,6103156.1482,1539969.889,6093156.1482,,
6526,1529969.889,6093156.1482,1539969.889,6083156.1482,,
6527,1529969.889,6083156.1482,1539969.889,6073156.1482,,
6528,1529969.889,6073156.1482,1539969.889,6063156.1482,,
6529,1529969.889,6063156.1482,1539969.889,6053156.1482,,
6530,1529969.889,6053156.1482,1539969.889,6043156.1482,,
6531,1529969.889,6043156.1482,1539969.889,6033156.1482,,
6532,1529969.889,6033156.1482,1539969.889,6023156.1482,,
6533,1529969.889,6023156.1482,1539969.889,6013156.1482,,
6534,1529969.889,6013156.1482,1539969.889,6003156.1482,,
6535,1529969.889,6003156.1482,1539969.889,5993156.1482,,
6536,1529969.889,5993156.1482,1539969.889,5983156.1482,,
6537,1529969.889,5983156.1482,1539969.889,5973156.1482,,
6538,1529969.889,5973156.1482,1539969.889,5963156.1482,,
6539,1529969.889,5963156.1482,1539969.889,5953156.1482,,
6540,1529969.889,5953156.1482,1539969.889,5943156.1482,,
6541,1529969.889,5943156.1482,1539969.889,5933156.1482,,
6542,1529969.889,5933156.1482,1539969.889,5923156.1482,,
6543,1529969.889,5923156.1482,1539969.889,5913156.1482,,
6544,1529969.889,5913156.1482,1539969.889,5903156.1482,,
6545,1529969.889,5903156.1482,1539969.889,5893156.1482,,
6546,1529969.889,5893156.1482,1539969.889,5883156.1482,,
6547,1529969.889,5883156.1482,1539969.889,5873156.1482,,
6548,1529969.889,5873156.1482,1539969.889,5863156.1482,,
6549,1529969.889,5863156.1482,1539969.889,5853156.1482,,
6550,1529969.889,5853156.1482,1539969.889,5843156.1482,,
6551,1529969.889,5843156.1482,1539969.889,5833156.1482,,
6552,1529969.889,5833156.1482,1539969.889,5823156.1482,,
6553,1529969.889,5823156.1482,1539969.889,5813156.1482,,
6554,1529969.889,5813156.1482,1539969.889,5803156.1482,,
6555,1529969.889,5803156.1482,1539969.889,5793156.1482,,
6556,1529969.889,5793156.1482,1539969.889,5783156.1482,,
6557,1529969.889,5783156.1482,1539969.889,5773156.1482,,
6558,1529969.889,5773156.1482,1539969.889,5763156.1482,,
6559,1529969.889,5763156.1482,1539969.889,5753156.1482,,
6560,1529969.889,5753156.1482,1539969.889,5743156.1482,,
6561,1529969.889,5743156.1482,1539969.889,5733156.1482,,
6562,1529969.889,5733156.1482,1539969.889,5723156.1482,,
6563,1529969.889,5723156.1482,1539969.889,5713156.1482,,
6564,1529969.889,5713156.1482,1539969.889,5703156.1482,,
6565,1529969.889,5703156.1482,1539969.889,5693156.1482,,
6566,1529969.889,5693156.1482,1539969.889,5683156.1482,,
6567,1529969.889,5683156.1482,1539969.889,5673156.1482,,
6568,1529969.889,5673156.1482,1539969.889,5663156.1482,,
6569,1529969.889,5663156.1482,1539969.889,5653156.1482,,
6570,1529969.889,5653156.1482,1539969.889,5643156.1482,,
6571,1529969.889,5643156.1482,1539969.889,5633156.1482,,
6572,1529969.889,5633156.1482,1539969.889,5623156.1482,,
6573,1529969.889,5623156.1482,1539969.889,5613156.1482,,
6574,1529969.889,5613156.1482,1539969.889,5603156.1482,,
6575,1529969.889,5603156.1482,1539969.889,5593156.1482,,
6576,1529969.889,5593156.1482,1539969.889,5583156.1482,,
6577,1529969.889,5583156.1482,1539969.889,5573156.1482,,
6578,1529969.889,5573156.1482,1539969.889,5563156.1482,,
6579,1529969.889,5563156.1482,1539969.889,5553156.1482,,
6580,1529969.889,5553156.1482,1539969.889,5543156.1482,,
6581,1529969.889,5543156.1482,1539969.889,5533156.1482,,
6582,1529969.889,5533156.1482,1539969.889,5523156.1482,,
6583,1529969.889,5523156.1482,1539969.889,5513156.1482,,
6584,1529969.889,5513156.1482,1539969.889,5503156.1482,,
6585,1529969.889,5503156.1482,1539969.889,5493156.1482,,
6586,1529969.889,5493156.1482,1539969.889,5483156.1482,48928391.4938,30308654.706
6587,1529969.889,5483156.1482,1539969.889,5473156.1482,90938760.4163,53147488.243
6588,1529969.889,5473156.1482,1539969.889,5463156.1482,33026307.0889,15199071.571
6589,1529969.889,5463156.1482,1539969.889,5453156.1482,32232424.8343,14680213.36
6590,1529969.889,5453156.1482,1539969.889,5443156.1482,32232425.6224,14680213.719
6591,1529969.889,5443156.1482,1539969.889,5433156.1482,32232425.1699,14680213.513
6592,1529969.889,5433156.1482,1539969.889,5423156.1482,32232425.5878,14680213.703
6593,1529969.889,5423156.1482,1539969.889,5413156.1482,32232426.0969,14680213.935
6594,1529969.889,5413156.1482,1539969.889,5403156.1482,32232425.6081,14680213.712
6595,1529969.889,5403156.1482,1539969.889,5393156.1482,32232425.7712,14680213.787
6596,1529969.889,5393156.1482,1539969.889,5383156.1482,37090803.9653,19777965.385
6597,1529969.889,5383156.1482,1539969.889,5373156.1482,52481090.4101,35936181.946
6598,1529969.889,5373156.1482,1539969.889,5363156.1482,52586587.6192,36045078.707
6599,1529969.889,5363156.1482,1539969.889,5353156.1482,52586588.2224,36045079.12
6600,1529969.889,5353156.1482,1539969.889,5343156.1482,52586587.8517,36045078.866
6601,1529969.889,5343156.1482,1539969.889,5333156.1482,43517670.2961,31213731.359
6602,1529969.889,5333156.1482,1539969.889,5323156.1482,25837977.4359,21795164.545
6603,1529969.889,5323156.1482,1539969.889,5313156.1482,25837977.5006,21795164.6
6604,1529969.889,5313156.1482,1539969.889,5303156.1482,25837977.7059,21795164.773
6605,1529969.889,5303156.1482,1539969.889,5293156.1482,43044150.4527,25160950.356
6606,1529969.889,5293156.1482,1539969.889,5283156.1482,70706186.9489,30877845.63
6607,1529969.889,5283156.1482,1539969.889,5273156.1482,60832327.4855,29500526.637
6608,1529969.889,5273156.1482,1539969.889,5263156.1482,60832326.181,29500526.005
6609,1529969.889,5263156.1482,1539969.889,5253156.1482,59696724.6637,28947690.059
6610,1529969.889,5253156.1482,1539969.889,5243156.1482,50690229.0255,33738193.383
6611,1529969.889,5243156.1482,1539969.889,5233156.1482,125444343.855,106163536.654
6612,1529969.889,5233156.1482,1539969.889,5223156.1482,122645336.7123,101790826.129
6613,1529969.889,5223156.1482,1539969.889,5213156.1482,142166509.5751,120093625.985
6614,1529969.889,5213156.1482,1539969.889,5203156.1482,2899652320.5241,3038027736.062
6615,1529969.889,5203156.1482,1539969.889,5193156.1482,664459038.1666,623941025.434
6616,1529969.889,5193156.1482,1539969.889,5183156.1482,1280248156.7111,1444849128.391
6617,1529969.889,5183156.1482,1539969.889,5173156.1482,1449024016.2518,1580206955.751
6618,1529969.889,5173156.1482,1539969.889,5163156.1482,1227639955.6317,1374380151.873
6619,1529969.889,5163156.1482,1539969.889,5153156.1482,998180920.4333,1128041275.232
6620,1529969.889,5153156.1482,1539969.889,5143156.1482,1024603520.8293,1156678492.837
6621,1529969.889,5143156.1482,1539969.889,5133156.1482,375985086.1334,423455901.219
6622,1529969.889,5133156.1482,1539969.889,5123156.1482,,
6623,1529969.889,5123156.1482,1539969.889,5113156.1482,,
6624,1529969.889,5113156.1482,1539969.889,5103156.1482,,
6625,1529969.889,5103156.1482,1539969.889,5093156.1482,,
6626,1529969.889,5093156.1482,1539969.889,5083156.1482,,
6627,1529969.889,5083156.1482,1539969.889,5073156.1482,,
6628,1529969.889,5073156.1482,1539969.889,5063156.1482,,
6629,1529969.889,5063156.1482,1539969.889,5053156.1482,,
6630,1529969.889,5053156.1482,1539969.889,5043156.1482,,
6631,1529969.889,5043156.1482,1539969.889,5033156.1482,,
6632,1529969.889,5033156.1482,1539969.889,5023156.1482,,
6633,1529969.889,5023156.1482,1539969.889,5013156.1482,,
6634,1529969.889,5013156.1482,1539969.889,5003156.1482,,
6635,1529969.889,5003156.1482,1539969.889,4993156.1482,,
6636,1529969.889,4993156.1482,1539969.889,4983156.1482,,
6637,1529969.889,4983156.1482,1539969.889,4973156.1482,,
6638,1529969.889,4973156.1482,1539969.889,4963156.1482,,
6639,1529969.889,4963156.1482,1539969.889,4953156.1482,,
6640,1529969.889,4953156.1482,1539969.889,4943156.1482,,
6641,1529969.889,4943156.1482,1539969.889,4933156.1482,,
6642,1529969.889,4933156.1482,1539969.889,4923156.1482,,
6643,1529969.889,4923156.1482,1539969.889,4913156.1482,,
6644,1529969.889,4913156.1482,1539969.889,4903156.1482,,
6645,1529969.889,4903156.1482,1539969.889,4893156.1482,,
6646,1529969.889,4893156.1482,1539969.889,4883156.1482,,
6647,1529969.889,4883156.1482,1539969.889,4873156.1482,,
6648,1529969.889,4873156.1482,1539969.889,4863156.1482,,
6649,1529969.889,4863156.1482,1539969.889,4853156.1482,,
6650,1529969.889,4853156.1482,1539969.889,4843156.1482,,
6651,1529969.889,4843156.1482,1539969.889,4833156.1482,,
6652,1529969.889,4833156.1482,1539969.889,4823156.1482,,
6653,1529969.889,4823156.1482,1539969.889,4813156.1482,,
6654,1529969.889,4813156.1482,1539969.889,4803156.1482,,
6655,1529969.889,4803156.1482,1539969.889,4793156.1482,,
6656,1529969.889,4793156.1482,1539969.889,4783156.1482,,
6657,1529969.889,4783156.1482,1539969.889,4773156.1482,,
6658,1529969.889,4773156.1482,1539969.889,4763156.1482,,
6659,1529969.889,4763156.1482,1539969.889,4753156.1482,,
6660,1529969.889,4753156.1482,1539969.889,4743156.1482,,
6661,1539969.889,6223156.1482,1549969.889,6213156.1482,,
6662,1539969.889,6213156.1482,1549969.889,6203156.1482,,
6663,1539969.889,6203156.1482,1549969.889,6193156.1482,,
6664,1539969.889,6193156.1482,1549969.889,6183156.1482,,
6665,1539969.889,6183156.1482,1549969.889,6173156.1482,,
6666,1539969.889,6173156.1482,1549969.889,6163156.1482,,
6667,1539969.889,6163156.1482,1549969.889,6153156.1482,,
6668,1539969.889,6153156.1482,1549969.889,6143156.1482,,
6669,1539969.889,6143156.1482,1549969.889,6133156.1482,,
6670,1539969.889,6133156.1482,1549969.889,6123156.1482,,
6671,1539969.889,6123156.1482,1549969.889,6113156.1482,,
6672,1539969.889,6113156.1482,1549969.889,6103156.1482,,
6673,1539969.889,6103156.1482,1549969.889,6093156.1482,,
6674,1539969.889,6093156.1482,1549969.889,6083156.1482,,
6675,1539969.889,6083156.1482,1549969.889,6073156.1482,,
6676,1539969.889,6073156.1482,1549969.889,6063156.1482,,
6677,1539969.889,6063156.1482,1549969.889,6053156.1482,,
6678,1539969.889,6053156.1482,1549969.889,6043156.1482,,
6679,1539969.889,6043156.1482,1549969.889,6033156.1482,,
6680,1539969.889,6033156.1482,1549969.889,6023156.1482,,
6681,1539969.889,6023156.1482,1549969.889,6013156.1482,,
6682,1539969.889,6013156.1482,1549969.889,6003156.1482,,
6683,1539969.889,6003156.1482,1549969.889,5993156.1482,,
6684,1539969.889,5993156.1482,1549969.889,5983156.1482,,
6685,1539969.889,5983156.1482,1549969.889,5973156.1482,,
6686,1539969.889,5973156.1482,1549969.889,5963156.1482,,
6687,1539969.889,5963156.1482,1549969.889,5953156.1482,,
6688,1539969.889,5953156.1482,1549969.889,5943156.1482,,
6689,1539969.889,5943156.1482,1549969.889,5933156.1482,,
6690,1539969.889,5933156.1482,1549969.889,5923156.1482,,
6691,1539969.889,5923156.1482,1549969.889,5913156.1482,,
6692,1539969.889,5913156.1482,1549969.889,5903156.1482,,
6693,1539969.889,5903156.1482,1549969.889,5893156.1482,,
6694,1539969.889,5893156.1482,1549969.889,5883156.1482,,
6695,1539969.889,5883156.1482,1549969.889,5873156.1482,,
6696,1539969.889,5873156.1482,1549969.889,5863156.1482,,
6697,1539969.889,5863156.1482,1549969.889,5853156.1482,,
6698,1539969.889,5853156.1482,1549969.889,5843156.1482,,
6699,1539969.889,5843156.1482,1549969.889,5833156.1482,,
6700,1539969.889,5833156.1482,1549969.889,5823156.1482,,
6701,1539969.889,5823156.1482,1549969.889,5813156.1482,,
6702,1539969.889,5813156.1482,1549969.889,5803156.1482,,
6703,1539969.889,5803156.1482,1549969.889,5793156.1482,,
6704,1539969.889,5793156.1482,1549969.889,5783156.1482,,
6705,1539969.889,5783156.1482,1549969.889,5773156.1482,,
6706,1539969.889,5773156.1482,1549969.889,5763156.1482,,
6707,1539969.889,5763156.1482,1549969.889,5753156.1482,,
6708,1539969.889,5753156.1482,1549969.889,5743156.1482,,
6709,1539969.889,5743156.1482,1549969.889,5733156.1482,,
6710,1539969.889,5733156.1482,1549969.889,5723156.1482,,
6711,1539969.889,5723156.1482,1549969.889,5713156.1482,,
6712,1539969.889,5713156.1482,1549969.889,5703156.1482,,
6713,1539969.889,5703156.1482,1549969.889,5693156.1482,,
6714,1539969.889,5693156.1482,1549969.889,5683156.1482,,
6715,1539969.889,5683156.1482,1549969.889,5673156.1482,,
6716,1539969.889,5673156.1482,1549969.889,5663156.1482,,
6717,1539969.889,5663156.1482,1549969.889,5653156.1482,,
6718,1539969.889,5653156.1482,1549969.889,5643156.1482,,
6719,1539969.889,5643156.1482,1549969.889,5633156.1482,,
6720,1539969.889,5633156.1482,1549969.889,5623156.1482,,
6721,1539969.889,5623156.1482,1549969.889,5613156.1482,,
6722,1539969.889,5613156.1482,1549969.889,5603156.1482,,
6723,1539969.889,5603156.1482,1549969.889,5593156.1482,,
6724,1539969.889,5593156.1482,1549969.889,5583156.1482,,
6725,1539969.889,5583156.1482,1549969.889,5573156.1482,,
6726,1539969.889,5573156.1482,1549969.889,5563156.1482,,
6727,1539969.889,5563156.1482,1549969.889,5553156.1482,,
6728,1539969.889,5553156.1482,1549969.889,5543156.1482,,
6729,1539969.889,5543156.1482,1549969.889,5533156.1482,,
6730,1539969.889,5533156.1482,1549969.889,5523156.1482,,
6731,1539969.889,5523156.1482,1549969.889,5513156.1482,,
6732,1539969.889,5513156.1482,1549969.889,5503156.1482,,
6733,1539969.889,5503156.1482,1549969.889,5493156.1482,29903950.4792,18685425.911
6734,1539969.889,5493156.1482,1549969.889,5483156.1482,201797122.3428,126092543.562
6735,1539969.889,5483156.1482,1549969.889,5473156.1482,221708562.2141,138516863.871
6736,1539969.889,5473156.1482,1549969.889,5463156.1482,139620468.262,84865620.646
6737,1539969.889,5463156.1482,1549969.889,5453156.1482,119682149.8777,71835481.274
6738,1539969.889,5453156.1482,1549969.889,5443156.1482,32233377.7443,14680647.361
6739,1539969.889,5443156.1482,1549969.889,5433156.1482,32233378.7968,14680647.841
6740,1539969.889,5433156.1482,1549969.889,5423156.1482,32233378.1467,14680647.545
6741,1539969.889,5423156.1482,1549969.889,5413156.1482,32233378.4381,14680647.677
6742,1539969.889,5413156.1482,1549969.889,5403156.1482,35776081.7148,18500361.264
6743,1539969.889,5403156.1482,1549969.889,5393156.1482,43107662.6824,26095092.741
6744,1539969.889,5393156.1482,1549969.889,5383156.1482,51715853.0343,35132041.209
6745,1539969.889,5383156.1482,1549969.889,5373156.1482,52588141.9425,36046144.106
6746,1539969.889,5373156.1482,1549969.889,5363156.1482,52588142.1706,36046144.262
6747,1539969.889,5363156.1482,1549969.889,5353156.1482,52588142.4023,36046144.421
6748,1539969.889,5353156.1482,1549969.889,5343156.1482,52588142.3187,36046144.364
6749,1539969.889,5343156.1482,1549969.889,5333156.1482,52152573.0603,35814810.183
6750,1539969.889,5333156.1482,1549969.889,5323156.1482,37497207.0874,28006680.747
6751,1539969.889,5323156.1482,1549969.889,5313156.1482,30267623.2078,24154531.014
6752,1539969.889,5313156.1482,1549969.889,5303156.1482,32563088.706,23277525.299
6753,1539969.889,5303156.1482,1549969.889,5293156.1482,58667239.9061,29023180.542
6754,1539969.889,5293156.1482,1549969.889,5283156.1482,60834125.2982,29501398.483
6755,1539969.889,5283156.1482,1549969.889,5273156.1482,60834123.6822,29501397.699
6756,1539969.889,5273156.1482,1549969.889,5263156.1482,60834125.0234,29501398.35
6757,1539969.889,5263156.1482,1549969.889,5253156.1482,69060899.6759,38916199.555
6758,1539969.889,5253156.1482,1549969.889,5243156.1482,207907697.9228,197871623.892
6759,1539969.889,5243156.1482,1549969.889,5233156.1482,207195803.5924,197420472.88
6760,1539969.889,5233156.1482,1549969.889,5223156.1482,122648964.0385,101793836.668
6761,1539969.889,5223156.1482,1549969.889,5213156.1482,122648962.3276,101793835.248
6762,1539969.889,5213156.1482,1549969.889,5203156.1482,1414039519.983,1527791650.408
6763,1539969.889,5203156.1482,1549969.889,5193156.1482,1053173516.4091,1053468214.759
6764,1539969.889,5193156.1482,1549969.889,5183156.1482,1481800014.9531,1523121562.957
6765,1539969.889,5183156.1482,1549969.889,5173156.1482,4912704095.107,5601078840.232
6766,1539969.889,5173156.1482,1549969.889,5163156.1482,9193172573.15,10154272022.144
6767,1539969.889,5163156.1482,1549969.889,5153156.1482,2891755966.9941,2711353727.348
6768,1539969.889,5153156.1482,1549969.889,5143156.1482,1151097951.3511,1211363639.633
6769,1539969.889,5143156.1482,1549969.889,5133156.1482,86299723.1184,97432321.562
6770,1539969.889,5133156.1482,1549969.889,5123156.1482,,
6771,1539969.889,5123156.1482,1549969.889,5113156.1482,,
6772,1539969.889,5113156.1482,1549969.889,5103156.1482,,
6773,1539969.889,5103156.1482,1549969.889,5093156.1482,,
6774,1539969.889,5093156.1482,1549969.889,5083156.1482,,
6775,1539969.889,5083156.1482,1549969.889,5073156.1482,,
6776,1539969.889,5073156.1482,1549969.889,5063156.1482,,
6777,1539969.889,5063156.1482,1549969.889,5053156.1482,,
6778,1539969.889,5053156.1482,1549969.889,5043156.1482,,
6779,1539969.889,5043156.1482,1549969.889,5033156.1482,,
6780,1539969.889,5033156.1482,1549969.889,5023156.1482,,
6781,1539969.889,5023156.1482,1549969.889,5013156.1482,,
6782,1539969.889,5013156.1482,1549969.889,5003156.1482,,
6783,1539969.889,5003156.1482,1549969.889,4993156.1482,,
6784,1539969.889,4993156.1482,1549969.889,4983156.1482,,
6785,1539969.889,4983156.1482,1549969.889,4973156.1482,,
6786,1539969.889,4973156.1482,1549969.889,4963156.1482,,
6787,1539969.889,4963156.1482,1549969.889,4953156.1482,,
6788,1539969.889,4953156.1482,1549969.889,4943156.1482,,
6789,1539969.889,4943156.1482,1549969.889,4933156.1482,,
6790,1539969.889,4933156.1482,1549969.889,4923156.1482,,
6791,1539969.889,4923156.1482,1549969.889,4913156.1482,,
6792,1539969.889,4913156.1482,1549969.889,4903156.1482,,
6793,1539969.889,4903156.1482,1549969.889,4893156.1482,,
6794,1539969.889,4893156.1482,1549969.889,4883156.1482,,
6795,1539969.889,4883156.1482,1549969.889,4873156.1482,,
6796,1539969.889,4873156.1482,1549969.889,4863156.1482,,
6797,1539969.889,4863156.1482,1549969.889,4853156.1482,,
6798,1539969.889,4853156.1482,1549969.889,4843156.1482,,
6799,1539969.889,4843156.1482,1549969.889,4833156.1482,,
6800,1539969.889,4833156.1482,1549969.889,4823156.1482,,
6801,1539969.889,4823156.1482,1549969.889,4813156.1482,,
6802,1539969.889,4813156.1482,1549969.889,4803156.1482,,
6803,1539969.889,4803156.1482,1549969.889,4793156.1482,,
6804,1539969.889,4793156.1482,1549969.889,4783156.1482,,
6805,1539969.889,4783156.1482,1549969.889,4773156.1482,,
6806,1539969.889,4773156.1482,1549969.889,4763156.1482,,
6807,1539969.889,4763156.1482,1549969.889,4753156.1482,,
6808,1539969.889,4753156.1482,1549969.889,4743156.1482,,
6809,1549969.889,6223156.1482,1559969.889,6213156.1482,,
6810,1549969.889,6213156.1482,1559969.889,6203156.1482,,
6811,1549969.889,6203156.1482,1559969.889,6193156.1482,,
6812,1549969.889,6193156.1482,1559969.889,6183156.1482,,
6813,1549969.889,6183156.1482,1559969.889,6173156.1482,,
6814,1549969.889,6173156.1482,1559969.889,6163156.1482,,
6815,1549969.889,6163156.1482,1559969.889,6153156.1482,,
6816,1549969.889,6153156.1482,1559969.889,6143156.1482,,
6817,1549969.889,6143156.1482,1559969.889,6133156.1482,,
6818,1549969.889,6133156.1482,1559969.889,6123156.1482,,
6819,1549969.889,6123156.1482,1559969.889,6113156.1482,,
6820,1549969.889,6113156.1482,1559969.889,6103156.1482,,
6821,1549969.889,6103156.1482,1559969.889,6093156.1482,,
6822,1549969.889,6093156.1482,1559969.889,6083156.1482,,
6823,1549969.889,6083156.1482,1559969.889,6073156.1482,,
6824,1549969.889,6073156.1482,1559969.889,6063156.1482,,
6825,1549969.889,6063156.1482,1559969.889,6053156.1482,,
6826,1549969.889,6053156.1482,1559969.889,6043156.1482,,
6827,1549969.889,6043156.1482,1559969.889,6033156.1482,,
6828,1549969.889,6033156.1482,1559969.889,6023156.1482,,
6829,1549969.889,6023156.1482,1559969.889,6013156.1482,,
6830,1549969.889,6013156.1482,1559969.889,6003156.1482,,
6831,1549969.889,6003156.1482,1559969.889,5993156.1482,,
6832,1549969.889,5993156.1482,1559969.889,5983156.1482,,
6833,1549969.889,5983156.1482,1559969.889,5973156.1482,,
6834,1549969.889,5973156.1482,1559969.889,5963156.1482,,
6835,1549969.889,5963156.1482,1559969.889,5953156.1482,,
6836,1549969.889,5953156.1482,1559969.889,5943156.1482,,
6837,1549969.889,5943156.1482,1559969.889,5933156.1482,,
6838,1549969.889,5933156.1482,1559969.889,5923156.1482,,
6839,1549969.889,5923156.1482,1559969.889,5913156.1482,,
6840,1549969.889,5913156.1482,1559969.889,5903156.1482,,
6841,1549969.889,5903156.1482,1559969.889,5893156.1482,,
6842,1549969.889,5893156.1482,1559969.889,5883156.1482,,
6843,1549969.889,5883156.1482,1559969.889,5873156.1482,,
6844,1549969.889,5873156.1482,1559969.889,5863156.1482,,
6845,1549969.889,5863156.1482,1559969.889,5853156.1482,,
6846,1549969.889,5853156.1482,1559969.889,5843156.1482,,
6847,1549969.889,5843156.1482,1559969.889,5833156.1482,,
6848,1549969.889,5833156.1482,1559969.889,5823156.1482,,
6849,1549969.889,5823156.1482,1559969.889,5813156.1482,,
6850,1549969.889,5813156.1482,1559969.889,5803156.1482,,
6851,1549969.889,5803156.1482,1559969.889,5793156.1482,,
6852,1549969.889,5793156.1482,1559969.889,5783156.1482,,
6853,1549969.889,5783156.1482,1559969.889,5773156.1482,,
6854,1549969.889,5773156.1482,1559969.889,5763156.1482,,
6855,1549969.889,5763156.1482,1559969.889,5753156.1482,,
6856,1549969.889,5753156.1482,1559969.889,5743156.1482,,
6857,1549969.889,5743156.1482,1559969.889,5733156.1482,,
6858,1549969.889,5733156.1482,1559969.889,5723156.1482,,
6859,1549969.889,5723156.1482,1559969.889,5713156.1482,,
6860,1549969.889,5713156.1482,1559969.889,5703156.1482,,
6861,1549969.889,5703156.1482,1559969.889,5693156.1482,,
6862,1549969.889,5693156.1482,1559969.889,5683156.1482,,
6863,1549969.889,5683156.1482,1559969.889,5673156.1482,,
6864,1549969.889,5673156.1482,1559969.889,5663156.1482,,
6865,1549969.889,5663156.1482,1559969.889,5653156.1482,,
6866,1549969.889,5653156.1482,1559969.889,5643156.1482,,
6867,1549969.889,5643156.1482,1559969.889,5633156.1482,,
6868,1549969.889,5633156.1482,1559969.889,5623156.1482,,
6869,1549969.889,5623156.1482,1559969.889,5613156.1482,,
6870,1549969.889,5613156.1482,1559969.889,5603156.1482,,
6871,1549969.889,5603156.1482,1559969.889,5593156.1482,,
6872,1549969.889,5593156.1482,1559969.889,5583156.1482,,
6873,1549969.889,5583156.1482,1559969.889,5573156.1482,,
6874,1549969.889,5573156.1482,1559969.889,5563156.1482,,
6875,1549969.889,5563156.1482,1559969.889,5553156.1482,,
6876,1549969.889,5553156.1482,1559969.889,5543156.1482,,
6877,1549969.889,5543156.1482,1559969.889,5533156.1482,,
6878,1549969.889,5533156.1482,1559969.889,5523156.1482,,
6879,1549969.889,5523156.1482,1559969.889,5513156.1482,,
6880,1549969.889,5513156.1482,1559969.889,5503156.1482,17454093.1229,10906156.5
6881,1549969.889,5503156.1482,1559969.889,5493156.1482,198714698.7194,124166497.093
6882,1549969.889,5493156.1482,1559969.889,5483156.1482,222316714.0615,138914170.961
6883,1549969.889,5483156.1482,1559969.889,5473156.1482,222316713.214,138914170.431
6884,1549969.889,5473156.1482,1559969.889,5463156.1482,222316716.8443,138914172.699
6885,1549969.889,5463156.1482,1559969.889,5453156.1482,148268372.684,90517934.006
6886,1549969.889,5453156.1482,1559969.889,5443156.1482,33834966.2006,15727358.247
6887,1549969.889,5443156.1482,1559969.889,5433156.1482,32234172.1803,14681009.186
6888,1549969.889,5433156.1482,1559969.889,5423156.1482,32234172.6567,14681009.403
6889,1549969.889,5423156.1482,1559969.889,5413156.1482,52722478.9404,38328586.211
6890,1549969.889,5413156.1482,1559969.889,5403156.1482,108206214.1851,102260471.568
6891,1549969.889,5403156.1482,1559969.889,5393156.1482,58212133.0399,42719441.149
6892,1549969.889,5393156.1482,1559969.889,5383156.1482,52589438.4888,36047032.814
6893,1549969.889,5383156.1482,1559969.889,5373156.1482,52589437.2873,36047031.99
6894,1549969.889,5373156.1482,1559969.889,5363156.1482,52589438.8447,36047033.058
6895,1549969.889,5363156.1482,1559969.889,5353156.1482,52589437.1108,36047031.869
6896,1549969.889,5353156.1482,1559969.889,5343156.1482,52589438.2776,36047032.669
6897,1549969.889,5343156.1482,1559969.889,5333156.1482,52589438.0456,36047032.51
6898,1549969.889,5333156.1482,1559969.889,5323156.1482,52589437.3338,36047032.022
6899,1549969.889,5323156.1482,1559969.889,5313156.1482,47730692.3226,30474876.98
6900,1549969.889,5313156.1482,1559969.889,5303156.1482,53213835.1335,27822436.854
6901,1549969.889,5303156.1482,1559969.889,5293156.1482,60835622.1337,29502124.371
6902,1549969.889,5293156.1482,1559969.889,5283156.1482,60835621.6204,29502124.122
6903,1549969.889,5283156.1482,1559969.889,5273156.1482,68450389.4346,38572645.999
6904,1549969.889,5273156.1482,1559969.889,5263156.1482,97051540.7038,72654528.599
6905,1549969.889,5263156.1482,1559969.889,5253156.1482,180765495.3179,168040556.393
6906,1549969.889,5253156.1482,1559969.889,5243156.1482,233915424.3582,227640718.656
6907,1549969.889,5243156.1482,1559969.889,5233156.1482,225493538.2159,218888882.048
6908,1549969.889,5233156.1482,1559969.889,5223156.1482,190724689.7576,186364993.368
6909,1549969.889,5223156.1482,1559969.889,5213156.1482,506567457.7368,519457271.749
6910,1549969.889,5213156.1482,1559969.889,5203156.1482,1425672571.0585,1537941183.514
6911,1549969.889,5203156.1482,1559969.889,5193156.1482,1637817310.1547,1767581191.717
6912,1549969.889,5193156.1482,1559969.889,5183156.1482,1984562891.9107,1972244902.58
6913,1549969.889,5183156.1482,1559969.889,5173156.1482,11809223952.0108,12547638405.414
6914,1549969.889,5173156.1482,1559969.889,5163156.1482,15688570166.7818,17578189398.001
6915,1549969.889,5163156.1482,1559969.889,5153156.1482,1194996459.6469,1136371466.865
6916,1549969.889,5153156.1482,1559969.889,5143156.1482,141866431.84,104453565.369
6917,1549969.889,5143156.1482,1559969.889,5133156.1482,,
6918,1549969.889,5133156.1482,1559969.889,5123156.1482,,
6919,1549969.889,5123156.1482,1559969.889,5113156.1482,,
6920,1549969.889,5113156.1482,1559969.889,5103156.1482,,
6921,1549969.889,5103156.1482,1559969.889,5093156.1482,,
6922,1549969.889,5093156.1482,1559969.889,5083156.1482,,
6923,1549969.889,5083156.1482,1559969.889,5073156.1482,,
6924,1549969.889,5073156.1482,1559969.889,5063156.1482,,
6925,1549969.889,5063156.1482,1559969.889,5053156.1482,,
6926,1549969.889,5053156.1482,1559969.889,5043156.1482,,
6927,1549969.889,5043156.1482,1559969.889,5033156.1482,,
6928,1549969.889,5033156.1482,1559969.889,5023156.1482,,
6929,1549969.889,5023156.1482,1559969.889,5013156.1482,,
6930,1549969.889,5013156.1482,1559969.889,5003156.1482,,
6931,1549969.889,5003156.1482,1559969.889,4993156.1482,,
6932,1549969.889,4993156.1482,1559969.889,4983156.1482,,
6933,1549969.889,4983156.1482,1559969.889,4973156.1482,,
6934,1549969.889,4973156.1482,1559969.889,4963156.1482,,
6935,1549969.889,4963156.1482,1559969.889,4953156.1482,,
6936,1549969.889,4953156.1482,1559969.889,4943156.1482,,
6937,1549969.889,4943156.1482,1559969.889,4933156.1482,,
6938,1549969.889,4933156.1482,1559969.889,4923156.1482,,
6939,1549969.889,4923156.1482,1559969.889,4913156.1482,,
6940,1549969.889,4913156.1482,1559969.889,4903156.1482,,
6941,1549969.889,4903156.1482,1559969.889,4893156.1482,,
6942,1549969.889,4893156.1482,1559969.889,4883156.1482,,
6943,1549969.889,4883156.1482,1559969.889,4873156.1482,,
6944,1549969.889,4873156.1482,1559969.889,4863156.1482,,
6945,1549969.889,4863156.1482,1559969.889,4853156.1482,,
6946,1549969.889,4853156.1482,1559969.889,4843156.1482,,
6947,1549969.889,4843156.1482,1559969.889,4833156.1482,,
6948,1549969.889,4833156.1482,1559969.889,4823156.1482,,
6949,1549969.889,4823156.1482,1559969.889,4813156.1482,,
6950,1549969.889,4813156.1482,1559969.889,4803156.1482,,
6951,1549969.889,4803156.1482,1559969.889,4793156.1482,,
6952,1549969.889,4793156.1482,1559969.889,4783156.1482,,
6953,1549969.889,4783156.1482,1559969.889,4773156.1482,,
6954,1549969.889,4773156.1482,1559969.889,4763156.1482,,
6955,1549969.889,4763156.1482,1559969.889,4753156.1482,,
6956,1549969.889,4753156.1482,1559969.889,4743156.1482,,
6957,1559969.889,6223156.1482,1569969.889,6213156.1482,,
6958,1559969.889,6213156.1482,1569969.889,6203156.1482,,
6959,1559969.889,6203156.1482,1569969.889,6193156.1482,,
6960,1559969.889,6193156.1482,1569969.889,6183156.1482,10346458.4823,5742448.416
6961,1559969.889,6183156.1482,1569969.889,6173156.1482,,
6962,1559969.889,6173156.1482,1569969.889,6163156.1482,,
6963,1559969.889,6163156.1482,1569969.889,6153156.1482,,
6964,1559969.889,6153156.1482,1569969.889,6143156.1482,,
6965,1559969.889,6143156.1482,1569969.889,6133156.1482,,
6966,1559969.889,6133156.1482,1569969.889,6123156.1482,,
6967,1559969.889,6123156.1482,1569969.889,6113156.1482,,
6968,1559969.889,6113156.1482,1569969.889,6103156.1482,,
6969,1559969.889,6103156.1482,1569969.889,6093156.1482,,
6970,1559969.889,6093156.1482,1569969.889,6083156.1482,,
6971,1559969.889,6083156.1482,1569969.889,6073156.1482,,
6972,1559969.889,6073156.1482,1569969.889,6063156.1482,,
6973,1559969.889,6063156.1482,1569969.889,6053156.1482,,
6974,1559969.889,6053156.1482,1569969.889,6043156.1482,,
6975,1559969.889,6043156.1482,1569969.889,6033156.1482,,
6976,1559969.889,6033156.1482,1569969.889,6023156.1482,,
6977,1559969.889,6023156.1482,1569969.889,6013156.1482,,
6978,1559969.889,6013156.1482,1569969.889,6003156.1482,,
6979,1559969.889,6003156.1482,1569969.889,5993156.1482,,
6980,1559969.889,5993156.1482,1569969.889,5983156.1482,,
6981,1559969.889,5983156.1482,1569969.889,5973156.1482,,
6982,1559969.889,5973156.1482,1569969.889,5963156.1482,,
6983,1559969.889,5963156.1482,1569969.889,5953156.1482,,
6984,1559969.889,5953156.1482,1569969.889,5943156.1482,,
6985,1559969.889,5943156.1482,1569969.889,5933156.1482,,
6986,1559969.889,5933156.1482,1569969.889,5923156.1482,,
6987,1559969.889,5923156.1482,1569969.889,5913156.1482,,
6988,1559969.889,5913156.1482,1569969.889,5903156.1482,,
6989,1559969.889,5903156.1482,1569969.889,5893156.1482,,
6990,1559969.889,5893156.1482,1569969.889,5883156.1482,,
6991,1559969.889,5883156.1482,1569969.889,5873156.1482,,
6992,1559969.889,5873156.1482,1569969.889,5863156.1482,,
6993,1559969.889,5863156.1482,1569969.889,5853156.1482,,
6994,1559969.889,5853156.1482,1569969.889,5843156.1482,,
6995,1559969.889,5843156.1482,1569969.889,5833156.1482,,
6996,1559969.889,5833156.1482,1569969.889,5823156.1482,,
6997,1559969.889,5823156.1482,1569969.889,5813156.1482,,
6998,1559969.889,5813156.1482,1569969.889,5803156.1482,,
6999,1559969.889,5803156.1482,1569969.889,5793156.1482,,
7000,1559969.889,5793156.1482,1569969.889,5783156.1482,,
7001,1559969.889,5783156.1482,1569969.889,5773156.1482,,
7002,1559969.889,5773156.1482,1569969.889,5763156.1482,,
7003,1559969.889,5763156.1482,1569969.889,5753156.1482,,
7004,1559969.889,5753156.1482,1569969.889,5743156.1482,,
7005,1559969.889,5743156.1482,1569969.889,5733156.1482,,
7006,1559969.889,5733156.1482,1569969.889,5723156.1482,,
7007,1559969.889,5723156.1482,1569969.889,5713156.1482,,
7008,1559969.889,5713156.1482,1569969.889,5703156.1482,,
7009,1559969.889,5703156.1482,1569969.889,5693156.1482,,
7010,1559969.889,5693156.1482,1569969.889,5683156.1482,,
7011,1559969.889,5683156.1482,1569969.889,5673156.1482,,
7012,1559969.889,5673156.1482,1569969.889,5663156.1482,,
7013,1559969.889,5663156.1482,1569969.889,5653156.1482,,
7014,1559969.889,5653156.1482,1569969.889,5643156.1482,,
7015,1559969.889,5643156.1482,1569969.889,5633156.1482,,
7016,1559969.889,5633156.1482,1569969.889,5623156.1482,,
7017,1559969.889,5623156.1482,1569969.889,5613156.1482,,
7018,1559969.889,5613156.1482,1569969.889,5603156.1482,,
7019,1559969.889,5603156.1482,1569969.889,5593156.1482,,
7020,1559969.889,5593156.1482,1569969.889,5583156.1482,,
7021,1559969.889,5583156.1482,1569969.889,5573156.1482,,
7022,1559969.889,5573156.1482,1569969.889,5563156.1482,,
7023,1559969.889,5563156.1482,1569969.889,5553156.1482,,
7024,1559969.889,5553156.1482,1569969.889,5543156.1482,,
7025,1559969.889,5543156.1482,1569969.889,5533156.1482,,
7026,1559969.889,5533156.1482,1569969.889,5523156.1482,,
7027,1559969.889,5523156.1482,1569969.889,5513156.1482,9345210.8219,5839336.998
7028,1559969.889,5513156.1482,1569969.889,5503156.1482,122545207.4776,76572137.069
7029,1559969.889,5503156.1482,1569969.889,5493156.1482,221876248.8446,138638947.117
7030,1559969.889,5493156.1482,1569969.889,5483156.1482,222321093.1755,138916907.241
7031,1559969.889,5483156.1482,1569969.889,5473156.1482,222321100.9488,138916912.099
7032,1559969.889,5473156.1482,1569969.889,5463156.1482,222321098.2624,138916910.42
7033,1559969.889,5463156.1482,1569969.889,5453156.1482,222321095.8255,138916908.897
7034,1559969.889,5453156.1482,1569969.889,5443156.1482,159056772.2809,97568619.616
7035,1559969.889,5443156.1482,1569969.889,5433156.1482,52099469.9523,32918272.506
7036,1559969.889,5433156.1482,1569969.889,5423156.1482,108714485.1628,106168185.118
7037,1559969.889,5423156.1482,1569969.889,5413156.1482,93974410.8812,85947475.847
7038,1559969.889,5413156.1482,1569969.889,5403156.1482,119288991.4559,115165254.593
7039,1559969.889,5403156.1482,1569969.889,5393156.1482,72835791.9677,60062679.666
7040,1559969.889,5393156.1482,1569969.889,5383156.1482,52590473.9694,36047742.576
7041,1559969.889,5383156.1482,1569969.889,5373156.1482,52590475.4005,36047743.557
7042,1559969.889,5373156.1482,1569969.889,5363156.1482,52590473.1097,36047741.987
7043,1559969.889,5363156.1482,1569969.889,5353156.1482,52590474.2162,36047742.745
7044,1559969.889,5353156.1482,1569969.889,5343156.1482,52590474.2368,36047742.759
7045,1559969.889,5343156.1482,1569969.889,5333156.1482,52813294.0079,35874948.368
7046,1559969.889,5333156.1482,1569969.889,5323156.1482,55620231.8916,33642708.013
7047,1559969.889,5323156.1482,1569969.889,5313156.1482,60698596.8528,29608728.277
7048,1559969.889,5313156.1482,1569969.889,5303156.1482,60836820.5717,29502705.551
7049,1559969.889,5303156.1482,1569969.889,5293156.1482,60836820.9937,29502705.756
7050,1559969.889,5293156.1482,1569969.889,5283156.1482,60836823.0241,29502706.74
7051,1559969.889,5283156.1482,1569969.889,5273156.1482,84458672.5465,57644746.331
7052,1559969.889,5273156.1482,1569969.889,5263156.1482,158271807.744,145606841.397
7053,1559969.889,5263156.1482,1569969.889,5253156.1482,218578822.834,211326827.027
7054,1559969.889,5253156.1482,1569969.889,5243156.1482,233920025.6982,227645196.567
7055,1559969.889,5243156.1482,1569969.889,5233156.1482,233056152.8513,227178862.091
7056,1559969.889,5233156.1482,1569969.889,5223156.1482,216672258.1512,218111220.34
7057,1559969.889,5223156.1482,1569969.889,5213156.1482,849028844.8702,905654772.875
7058,1559969.889,5213156.1482,1569969.889,5203156.1482,17970163136.8897,20124802352.594
7059,1559969.889,5203156.1482,1569969.889,5193156.1482,7224476984.7615,8560725711.884
7060,1559969.889,5193156.1482,1569969.889,5183156.1482,43451840540.0348,49052942990.655
7061,1559969.889,5183156.1482,1569969.889,5173156.1482,121898806823.375,134446846884.668
7062,1559969.889,5173156.1482,1569969.889,5163156.1482,5599011434.0004,6197213262.788
7063,1559969.889,5163156.1482,1569969.889,5153156.1482,800176109.011,850198161.515
7064,1559969.889,5153156.1482,1569969.889,5143156.1482,96070904.8401,77975091.831
7065,1559969.889,5143156.1482,1569969.889,5133156.1482,,
7066,1559969.889,5133156.1482,1569969.889,5123156.1482,,
7067,1559969.889,5123156.1482,1569969.889,5113156.1482,,
7068,1559969.889,5113156.1482,1569969.889,5103156.1482,,
7069,1559969.889,5103156.1482,1569969.889,5093156.1482,,
7070,1559969.889,5093156.1482,1569969.889,5083156.1482,,
7071,1559969.889,5083156.1482,1569969.889,5073156.1482,,
7072,1559969.889,5073156.1482,1569969.889,5063156.1482,,
7073,1559969.889,5063156.1482,1569969.889,5053156.1482,,
7074,1559969.889,5053156.1482,1569969.889,5043156.1482,,
7075,1559969.889,5043156.1482,1569969.889,5033156.1482,,
7076,1559969.889,5033156.1482,1569969.889,5023156.1482,,
7077,1559969.889,5023156.1482,1569969.889,5013156.1482,,
7078,1559969.889,5013156.1482,1569969.889,5003156.1482,,
7079,1559969.889,5003156.1482,1569969.889,4993156.1482,,
7080,1559969.889,4993156.1482,1569969.889,4983156.1482,,
7081,1559969.889,4983156.1482,1569969.889,4973156.1482,,
7082,1559969.889,4973156.1482,1569969.889,4963156.1482,,
7083,1559969.889,4963156.1482,1569969.889,4953156.1482,,
7084,1559969.889,4953156.1482,1569969.889,4943156.1482,,
7085,1559969.889,4943156.1482,1569969.889,4933156.1482,,
7086,1559969.889,4933156.1482,1569969.889,4923156.1482,,
7087,1559969.889,4923156.1482,1569969.889,4913156.1482,,
7088,1559969.889,4913156.1482,1569969.889,4903156.1482,,
7089,1559969.889,4903156.1482,1569969.889,4893156.1482,,
7090,1559969.889,4893156.1482,1569969.889,4883156.1482,,
7091,1559969.889,4883156.1482,1569969.889,4873156.1482,,
7092,1559969.889,4873156.1482,1569969.889,4863156.1482,,
7093,1559969.889,4863156.1482,1569969.889,4853156.1482,,
7094,1559969.889,4853156.1482,1569969.889,4843156.1482,,
7095,1559969.889,4843156.1482,1569969.889,4833156.1482,,
7096,1559969.889,4833156.1482,1569969.889,4823156.1482,,
7097,1559969.889,4823156.1482,1569969.889,4813156.1482,,
7098,1559969.889,4813156.1482,1569969.889,4803156.1482,,
7099,1559969.889,4803156.1482,1569969.889,4793156.1482,,
7100,1559969.889,4793156.1482,1569969.889,4783156.1482,,
7101,1559969.889,4783156.1482,1569969.889,4773156.1482,,
7102,1559969.889,4773156.1482,1569969.889,4763156.1482,,
7103,1559969.889,4763156.1482,1569969.889,4753156.1482,,
7104,1559969.889,4753156.1482,1569969.889,4743156.1482,,
7105,1569969.889,6223156.1482,1579969.889,6213156.1482,,
7106,1569969.889,6213156.1482,1579969.889,6203156.1482,,
7107,1569969.889,6203156.1482,1579969.889,6193156.1482,,
7108,1569969.889,6193156.1482,1579969.889,6183156.1482,178363346.8163,98994483.966
7109,1569969.889,6183156.1482,1579969.889,6173156.1482,112857623.9818,62637769.739
7110,1569969.889,6173156.1482,1579969.889,6163156.1482,,
7111,1569969.889,6163156.1482,1579969.889,6153156.1482,,
7112,1569969.889,6153156.1482,1579969.889,6143156.1482,,
7113,1569969.889,6143156.1482,1579969.889,6133156.1482,,
7114,1569969.889,6133156.1482,1579969.889,6123156.1482,,
7115,1569969.889,6123156.1482,1579969.889,6113156.1482,,
7116,1569969.889,6113156.1482,1579969.889,6103156.1482,,
7117,1569969.889,6103156.1482,1579969.889,6093156.1482,,
7118,1569969.889,6093156.1482,1579969.889,6083156.1482,,
7119,1569969.889,6083156.1482,1579969.889,6073156.1482,,
7120,1569969.889,6073156.1482,1579969.889,6063156.1482,,
7121,1569969.889,6063156.1482,1579969.889,6053156.1482,,
7122,1569969.889,6053156.1482,1579969.889,6043156.1482,,
7123,1569969.889,6043156.1482,1579969.889,6033156.1482,,
7124,1569969.889,6033156.1482,1579969.889,6023156.1482,,
7125,1569969.889,6023156.1482,1579969.889,6013156.1482,,
7126,1569969.889,6013156.1482,1579969.889,6003156.1482,,
7127,1569969.889,6003156.1482,1579969.889,5993156.1482,,
7128,1569969.889,5993156.1482,1579969.889,5983156.1482,,
7129,1569969.889,5983156.1482,1579969.889,5973156.1482,,
7130,1569969.889,5973156.1482,1579969.889,5963156.1482,,
7131,1569969.889,5963156.1482,1579969.889,5953156.1482,,
7132,1569969.889,5953156.1482,1579969.889,5943156.1482,,
7133,1569969.889,5943156.1482,1579969.889,5933156.1482,,
7134,1569969.889,5933156.1482,1579969.889,5923156.1482,,
7135,1569969.889,5923156.1482,1579969.889,5913156.1482,,
7136,1569969.889,5913156.1482,1579969.889,5903156.1482,,
7137,1569969.889,5903156.1482,1579969.889,5893156.1482,,
7138,1569969.889,5893156.1482,1579969.889,5883156.1482,,
7139,1569969.889,5883156.1482,1579969.889,5873156.1482,,
7140,1569969.889,5873156.1482,1579969.889,5863156.1482,,
7141,1569969.889,5863156.1482,1579969.889,5853156.1482,,
7142,1569969.889,5853156.1482,1579969.889,5843156.1482,,
7143,1569969.889,5843156.1482,1579969.889,5833156.1482,,
7144,1569969.889,5833156.1482,1579969.889,5823156.1482,,
7145,1569969.889,5823156.1482,1579969.889,5813156.1482,,
7146,1569969.889,5813156.1482,1579969.889,5803156.1482,,
7147,1569969.889,5803156.1482,1579969.889,5793156.1482,,
7148,1569969.889,5793156.1482,1579969.889,5783156.1482,,
7149,1569969.889,5783156.1482,1579969.889,5773156.1482,,
7150,1569969.889,5773156.1482,1579969.889,5763156.1482,,
7151,1569969.889,5763156.1482,1579969.889,5753156.1482,,
7152,1569969.889,5753156.1482,1579969.889,5743156.1482,,
7153,1569969.889,5743156.1482,1579969.889,5733156.1482,,
7154,1569969.889,5733156.1482,1579969.889,5723156.1482,,
7155,1569969.889,5723156.1482,1579969.889,5713156.1482,,
7156,1569969.889,5713156.1482,1579969.889,5703156.1482,,
7157,1569969.889,5703156.1482,1579969.889,5693156.1482,,
7158,1569969.889,5693156.1482,1579969.889,5683156.1482,,
7159,1569969.889,5683156.1482,1579969.889,5673156.1482,,
7160,1569969.889,5673156.1482,1579969.889,5663156.1482,,
7161,1569969.889,5663156.1482,1579969.889,5653156.1482,,
7162,1569969.889,5653156.1482,1579969.889,5643156.1482,,
7163,1569969.889,5643156.1482,1579969.889,5633156.1482,,
7164,1569969.889,5633156.1482,1579969.889,5623156.1482,,
7165,1569969.889,5623156.1482,1579969.889,5613156.1482,,
7166,1569969.889,5613156.1482,1579969.889,5603156.1482,,
7167,1569969.889,5603156.1482,1579969.889,5593156.1482,,
7168,1569969.889,5593156.1482,1579969.889,5583156.1482,,
7169,1569969.889,5583156.1482,1579969.889,5573156.1482,,
7170,1569969.889,5573156.1482,1579969.889,5563156.1482,,
7171,1569969.889,5563156.1482,1579969.889,5553156.1482,,
7172,1569969.889,5553156.1482,1579969.889,5543156.1482,,
7173,1569969.889,5543156.1482,1579969.889,5533156.1482,,
7174,1569969.889,5533156.1482,1579969.889,5523156.1482,,
7175,1569969.889,5523156.1482,1579969.889,5513156.1482,58063199.5115,36280678.479
7176,1569969.889,5513156.1482,1579969.889,5503156.1482,101738754.4286,63571264.921
7177,1569969.889,5503156.1482,1579969.889,5493156.1482,58741770.7908,36704682.437
7178,1569969.889,5493156.1482,1579969.889,5483156.1482,145461249.741,90891181.979
7179,1569969.889,5483156.1482,1579969.889,5473156.1482,222324378.8684,138918960.3
7180,1569969.889,5473156.1482,1579969.889,5463156.1482,222324386.5566,138918965.104
7181,1569969.889,5463156.1482,1579969.889,5453156.1482,222324387.0475,138918965.411
7182,1569969.889,5453156.1482,1579969.889,5443156.1482,222324386.9125,138918965.327
7183,1569969.889,5443156.1482,1579969.889,5433156.1482,307173141.3501,314107838.136
7184,1569969.889,5433156.1482,1579969.889,5423156.1482,186149725.209,198072994.159
7185,1569969.889,5423156.1482,1579969.889,5413156.1482,119293573.6137,115170339.358
7186,1569969.889,5413156.1482,1579969.889,5403156.1482,119293568.7008,115170334.615
7187,1569969.889,5403156.1482,1579969.889,5393156.1482,111289663.8702,105673948.022
7188,1569969.889,5393156.1482,1579969.889,5383156.1482,69300481.2034,55870915.549
7189,1569969.889,5383156.1482,1579969.889,5373156.1482,52591253.2877,36048276.754
7190,1569969.889,5373156.1482,1579969.889,5363156.1482,52591249.9919,36048274.495
7191,1569969.889,5363156.1482,1579969.889,5353156.1482,52591253.5787,36048276.953
7192,1569969.889,5353156.1482,1579969.889,5343156.1482,52256862.2786,37863107.728
7193,1569969.889,5343156.1482,1579969.889,5333156.1482,54665894.6006,40789449.912
7194,1569969.889,5333156.1482,1579969.889,5323156.1482,60217868.162,31044797.509
7195,1569969.889,5323156.1482,1579969.889,5313156.1482,60837719.8956,29503141.677
7196,1569969.889,5313156.1482,1579969.889,5303156.1482,60837721.9683,29503142.682
7197,1569969.889,5303156.1482,1579969.889,5293156.1482,60837722.4306,29503142.906
7198,1569969.889,5293156.1482,1579969.889,5283156.1482,60837718.156,29503140.833
7199,1569969.889,5283156.1482,1579969.889,5273156.1482,116987052.1313,96408310.605
7200,1569969.889,5273156.1482,1579969.889,5263156.1482,170603824.4082,160295738.578
7201,1569969.889,5263156.1482,1579969.889,5253156.1482,187312338.0222,178068513.993
7202,1569969.889,5253156.1482,1579969.889,5243156.1482,233923257.1056,227648337.856
7203,1569969.889,5243156.1482,1579969.889,5233156.1482,230821630.1794,222000316.542
7204,1569969.889,5233156.1482,1579969.889,5223156.1482,1355102377.6337,1229274396.814
7205,1569969.889,5223156.1482,1579969.889,5213156.1482,3899409652.7462,3987906386.223
7206,1569969.889,5213156.1482,1579969.889,5203156.1482,7373648503.1562,7363039313.529
7207,1569969.889,5203156.1482,1579969.889,5193156.1482,14730829338.7732,15798174118.956
7208,1569969.889,5193156.1482,1579969.889,5183156.1482,37008931750.6207,39719456596.094
7209,1569969.889,5183156.1482,1579969.889,5173156.1482,103900980152.271,102831755085.656
7210,1569969.889,5173156.1482,1579969.889,5163156.1482,4577945709.6681,4670209536.52
7211,1569969.889,5163156.1482,1579969.889,5153156.1482,346311232.601,300745647.571
7212,1569969.889,5153156.1482,1579969.889,5143156.1482,161521927.2212,131609618.935
7213,1569969.889,5143156.1482,1579969.889,5133156.1482,,
7214,1569969.889,5133156.1482,1579969.889,5123156.1482,,
7215,1569969.889,5123156.1482,1579969.889,5113156.1482,,
7216,1569969.889,5113156.1482,1579969.889,5103156.1482,,
7217,1569969.889,5103156.1482,1579969.889,5093156.1482,,
7218,1569969.889,5093156.1482,1579969.889,5083156.1482,,
7219,1569969.889,5083156.1482,1579969.889,5073156.1482,,
7220,1569969.889,5073156.1482,1579969.889,5063156.1482,,
7221,1569969.889,5063156.1482,1579969.889,5053156.1482,,
7222,1569969.889,5053156.1482,1579969.889,5043156.1482,,
7223,1569969.889,5043156.1482,1579969.889,5033156.1482,,
7224,1569969.889,5033156.1482,1579969.889,5023156.1482,,
7225,1569969.889,5023156.1482,1579969.889,5013156.1482,,
7226,1569969.889,5013156.1482,1579969.889,5003156.1482,,
7227,1569969.889,5003156.1482,1579969.889,4993156.1482,,
7228,1569969.889,4993156.1482,1579969.889,4983156.1482,,
7229,1569969.889,4983156.1482,1579969.889,4973156.1482,,
7230,1569969.889,4973156.1482,1579969.889,4963156.1482,,
7231,1569969.889,4963156.1482,1579969.889,4953156.1482,,
7232,1569969.889,4953156.1482,1579969.889,4943156.1482,,
7233,1569969.889,4943156.1482,1579969.889,4933156.1482,,
7234,1569969.889,4933156.1482,1579969.889,4923156.1482,,
7235,1569969.889,4923156.1482,1579969.889,4913156.1482,,
7236,1569969.889,4913156.1482,1579969.889,4903156.1482,,
7237,1569969.889,4903156.1482,1579969.889,4893156.1482,,
7238,1569969.889,4893156.1482,1579969.889,4883156.1482,,
7239,1569969.889,4883156.1482,1579969.889,4873156.1482,,
7240,1569969.889,4873156.1482,1579969.889,4863156.1482,,
7241,1569969.889,4863156.1482,1579969.889,4853156.1482,,
7242,1569969.889,4853156.1482,1579969.889,4843156.1482,,
7243,1569969.889,4843156.1482,1579969.889,4833156.1482,,
7244,1569969.889,4833156.1482,1579969.889,4823156.1482,,
7245,1569969.889,4823156.1482,1579969.889,4813156.1482,,
7246,1569969.889,4813156.1482,1579969.889,4803156.1482,,
7247,1569969.889,4803156.1482,1579969.889,4793156.1482,,
7248,1569969.889,4793156.1482,1579969.889,4783156.1482,,
7249,1569969.889,4783156.1482,1579969.889,4773156.1482,,
7250,1569969.889,4773156.1482,1579969.889,4763156.1482,,
7251,1569969.889,4763156.1482,1579969.889,4753156.1482,,
7252,1569969.889,4753156.1482,1579969.889,4743156.1482,,
7253,1579969.889,6223156.1482,1589969.889,6213156.1482,,
7254,1579969.889,6213156.1482,1589969.889,6203156.1482,,
7255,1579969.889,6203156.1482,1589969.889,6193156.1482,,
7256,1579969.889,6193156.1482,1589969.889,6183156.1482,177666852.3467,98607918.498
7257,1579969.889,6183156.1482,1589969.889,6173156.1482,271891360.2139,150904013.518
7258,1579969.889,6173156.1482,1589969.889,6163156.1482,114634533.4078,63623982.628
7259,1579969.889,6163156.1482,1589969.889,6153156.1482,81648.6283,45316.283
7260,1579969.889,6153156.1482,1589969.889,6143156.1482,,
7261,1579969.889,6143156.1482,1589969.889,6133156.1482,,
7262,1579969.889,6133156.1482,1589969.889,6123156.1482,,
7263,1579969.889,6123156.1482,1589969.889,6113156.1482,,
7264,1579969.889,6113156.1482,1589969.889,6103156.1482,,
7265,1579969.889,6103156.1482,1589969.889,6093156.1482,,
7266,1579969.889,6093156.1482,1589969.889,6083156.1482,,
7267,1579969.889,6083156.1482,1589969.889,6073156.1482,,
7268,1579969.889,6073156.1482,1589969.889,6063156.1482,,
7269,1579969.889,6063156.1482,1589969.889,6053156.1482,,
7270,1579969.889,6053156.1482,1589969.889,6043156.1482,,
7271,1579969.889,6043156.1482,1589969.889,6033156.1482,,
7272,1579969.889,6033156.1482,1589969.889,6023156.1482,,
7273,1579969.889,6023156.1482,1589969.889,6013156.1482,,
7274,1579969.889,6013156.1482,1589969.889,6003156.1482,,
7275,1579969.889,6003156.1482,1589969.889,5993156.1482,,
7276,1579969.889,5993156.1482,1589969.889,5983156.1482,,
7277,1579969.889,5983156.1482,1589969.889,5973156.1482,,
7278,1579969.889,5973156.1482,1589969.889,5963156.1482,,
7279,1579969.889,5963156.1482,1589969.889,5953156.1482,,
7280,1579969.889,5953156.1482,1589969.889,5943156.1482,,
7281,1579969.889,5943156.1482,1589969.889,5933156.1482,,
7282,1579969.889,5933156.1482,1589969.889,5923156.1482,,
7283,1579969.889,5923156.1482,1589969.889,5913156.1482,,
7284,1579969.889,5913156.1482,1589969.889,5903156.1482,,
7285,1579969.889,5903156.1482,1589969.889,5893156.1482,,
7286,1579969.889,5893156.1482,1589969.889,5883156.1482,,
7287,1579969.889,5883156.1482,1589969.889,5873156.1482,,
7288,1579969.889,5873156.1482,1589969.889,5863156.1482,,
7289,1579969.889,5863156.1482,1589969.889,5853156.1482,,
7290,1579969.889,5853156.1482,1589969.889,5843156.1482,,
7291,1579969.889,5843156.1482,1589969.889,5833156.1482,,
7292,1579969.889,5833156.1482,1589969.889,5823156.1482,,
7293,1579969.889,5823156.1482,1589969.889,5813156.1482,,
7294,1579969.889,5813156.1482,1589969.889,5803156.1482,,
7295,1579969.889,5803156.1482,1589969.889,5793156.1482,,
7296,1579969.889,5793156.1482,1589969.889,5783156.1482,,
7297,1579969.889,5783156.1482,1589969.889,5773156.1482,,
7298,1579969.889,5773156.1482,1589969.889,5763156.1482,,
7299,1579969.889,5763156.1482,1589969.889,5753156.1482,,
7300,1579969.889,5753156.1482,1589969.889,5743156.1482,,
7301,1579969.889,5743156.1482,1589969.889,5733156.1482,,
7302,1579969.889,5733156.1482,1589969.889,5723156.1482,,
7303,1579969.889,5723156.1482,1589969.889,5713156.1482,,
7304,1579969.889,5713156.1482,1589969.889,5703156.1482,,
7305,1579969.889,5703156.1482,1589969.889,5693156.1482,,
7306,1579969.889,5693156.1482,1589969.889,5683156.1482,,
7307,1579969.889,5683156.1482,1589969.889,5673156.1482,,
7308,1579969.889,5673156.1482,1589969.889,5663156.1482,,
7309,1579969.889,5663156.1482,1589969.889,5653156.1482,,
7310,1579969.889,5653156.1482,1589969.889,5643156.1482,,
7311,1579969.889,5643156.1482,1589969.889,5633156.1482,,
7312,1579969.889,5633156.1482,1589969.889,5623156.1482,,
7313,1579969.889,5623156.1482,1589969.889,5613156.1482,,
7314,1579969.889,5613156.1482,1589969.889,5603156.1482,,
7315,1579969.889,5603156.1482,1589969.889,5593156.1482,,
7316,1579969.889,5593156.1482,1589969.889,5583156.1482,,
7317,1579969.889,5583156.1482,1589969.889,5573156.1482,,
7318,1579969.889,5573156.1482,1589969.889,5563156.1482,,
7319,1579969.889,5563156.1482,1589969.889,5553156.1482,,
7320,1579969.889,5553156.1482,1589969.889,5543156.1482,,
7321,1579969.889,5543156.1482,1589969.889,5533156.1482,,
7322,1579969.889,5533156.1482,1589969.889,5523156.1482,,
7323,1579969.889,5523156.1482,1589969.889,5513156.1482,20901170.5825,13060056.217
7324,1579969.889,5513156.1482,1589969.889,5503156.1482,,
7325,1579969.889,5503156.1482,1589969.889,5493156.1482,,
7326,1579969.889,5493156.1482,1589969.889,5483156.1482,4450472.3789,2780869.102
7327,1579969.889,5483156.1482,1589969.889,5473156.1482,2291004002.7786,2193842656.847
7328,1579969.889,5473156.1482,1589969.889,5463156.1482,747203467.3336,422217934.792
7329,1579969.889,5463156.1482,1589969.889,5453156.1482,520307153.8139,345037964.642
7330,1579969.889,5453156.1482,1589969.889,5443156.1482,515030948.3167,449024808.271
7331,1579969.889,5443156.1482,1589969.889,5433156.1482,461779760.3501,539812458.879
7332,1579969.889,5433156.1482,1589969.889,5423156.1482,280677737.4711,315288559.312
7333,1579969.889,5423156.1482,1589969.889,5413156.1482,120867856.6344,117122423.889
7334,1579969.889,5413156.1482,1589969.889,5403156.1482,119294755.248,115171480.15
7335,1579969.889,5403156.1482,1589969.889,5393156.1482,119294746.6183,115171471.819
7336,1579969.889,5393156.1482,1589969.889,5383156.1482,119180102.8143,115034963.288
7337,1579969.889,5383156.1482,1589969.889,5373156.1482,90503766.584,81020224.206
7338,1579969.889,5373156.1482,1589969.889,5363156.1482,52266595.7483,37817741.178
7339,1579969.889,5363156.1482,1589969.889,5353156.1482,51108234.6862,44020602.468
7340,1579969.889,5353156.1482,1589969.889,5343156.1482,48354514.1329,58777018.385
7341,1579969.889,5343156.1482,1589969.889,5333156.1482,47647843.385,62599718.625
7342,1579969.889,5333156.1482,1589969.889,5323156.1482,53398340.4328,48186940.346
7343,1579969.889,5323156.1482,1589969.889,5313156.1482,58349980.1136,35731077.595
7344,1579969.889,5313156.1482,1589969.889,5303156.1482,60838318.943,29503432.184
7345,1579969.889,5303156.1482,1589969.889,5293156.1482,268146277.3644,91050641.815
7346,1579969.889,5293156.1482,1589969.889,5283156.1482,4349579069.9223,1311407124.493
7347,1579969.889,5283156.1482,1589969.889,5273156.1482,153506140.9375,139925386.283
7348,1579969.889,5273156.1482,1589969.889,5263156.1482,170605501.8183,160297314.637
7349,1579969.889,5263156.1482,1589969.889,5253156.1482,183845966.4569,174380744.946
7350,1579969.889,5253156.1482,1589969.889,5243156.1482,229788602.981,220129887.639
7351,1579969.889,5243156.1482,1589969.889,5233156.1482,224836065.7786,211169226.876
7352,1579969.889,5233156.1482,1589969.889,5223156.1482,928239973.1735,837955978.938
7353,1579969.889,5223156.1482,1589969.889,5213156.1482,427984378.8262,383894928.191
7354,1579969.889,5213156.1482,1589969.889,5203156.1482,,
7355,1579969.889,5203156.1482,1589969.889,5193156.1482,,
7356,1579969.889,5193156.1482,1589969.889,5183156.1482,,
7357,1579969.889,5183156.1482,1589969.889,5173156.1482,2324941990.2431,2887781339.959
7358,1579969.889,5173156.1482,1589969.889,5163156.1482,330373620.8087,219213531.085
7359,1579969.889,5163156.1482,1589969.889,5153156.1482,365487248.2317,242425330.36
7360,1579969.889,5153156.1482,1589969.889,5143156.1482,396688692.7979,254807602.562
7361,1579969.889,5143156.1482,1589969.889,5133156.1482,38048174.65,28789113.239
7362,1579969.889,5133156.1482,1589969.889,5123156.1482,,
7363,1579969.889,5123156.1482,1589969.889,5113156.1482,,
7364,1579969.889,5113156.1482,1589969.889,5103156.1482,,
7365,1579969.889,5103156.1482,1589969.889,5093156.1482,,
7366,1579969.889,5093156.1482,1589969.889,5083156.1482,,
7367,1579969.889,5083156.1482,1589969.889,5073156.1482,,
7368,1579969.889,5073156.1482,1589969.889,5063156.1482,,
7369,1579969.889,5063156.1482,1589969.889,5053156.1482,,
7370,1579969.889,5053156.1482,1589969.889,5043156.1482,,
7371,1579969.889,5043156.1482,1589969.889,5033156.1482,,
7372,1579969.889,5033156.1482,1589969.889,5023156.1482,,
7373,1579969.889,5023156.1482,1589969.889,5013156.1482,,
7374,1579969.889,5013156.1482,1589969.889,5003156.1482,,
7375,1579969.889,5003156.1482,1589969.889,4993156.1482,,
7376,1579969.889,4993156.1482,1589969.889,4983156.1482,,
7377,1579969.889,4983156.1482,1589969.889,4973156.1482,,
7378,1579969.889,4973156.1482,1589969.889,4963156.1482,,
7379,1579969.889,4963156.1482,1589969.889,4953156.1482,,
7380,1579969.889,4953156.1482,1589969.889,4943156.1482,,
7381,1579969.889,4943156.1482,1589969.889,4933156.1482,,
7382,1579969.889,4933156.1482,1589969.889,4923156.1482,,
7383,1579969.889,4923156.1482,1589969.889,4913156.1482,,
7384,1579969.889,4913156.1482,1589969.889,4903156.1482,,
7385,1579969.889,4903156.1482,1589969.889,4893156.1482,,
7386,1579969.889,4893156.1482,1589969.889,4883156.1482,,
7387,1579969.889,4883156.1482,1589969.889,4873156.1482,,
7388,1579969.889,4873156.1482,1589969.889,4863156.1482,,
7389,1579969.889,4863156.1482,1589969.889,4853156.1482,,
7390,1579969.889,4853156.1482,1589969.889,4843156.1482,,
7391,1579969.889,4843156.1482,1589969.889,4833156.1482,,
7392,1579969.889,4833156.1482,1589969.889,4823156.1482,,
7393,1579969.889,4823156.1482,1589969.889,4813156.1482,,
7394,1579969.889,4813156.1482,1589969.889,4803156.1482,,
7395,1579969.889,4803156.1482,1589969.889,4793156.1482,,
7396,1579969.889,4793156.1482,1589969.889,4783156.1482,,
7397,1579969.889,4783156.1482,1589969.889,4773156.1482,,
7398,1579969.889,4773156.1482,1589969.889,4763156.1482,,
7399,1579969.889,4763156.1482,1589969.889,4753156.1482,,
7400,1579969.889,4753156.1482,1589969.889,4743156.1482,,
7401,1589969.889,6223156.1482,1599969.889,6213156.1482,,
7402,1589969.889,6213156.1482,1599969.889,6203156.1482,,
7403,1589969.889,6203156.1482,1599969.889,6193156.1482,28138.9581,15617.568
7404,1589969.889,6193156.1482,1599969.889,6183156.1482,218708052.4016,121386434.899
7405,1589969.889,6183156.1482,1599969.889,6173156.1482,146924977.7938,81545690.962
7406,1589969.889,6173156.1482,1599969.889,6163156.1482,264814904.8793,146976468.669
7407,1589969.889,6163156.1482,1599969.889,6153156.1482,188108022.259,104402933.258
7408,1589969.889,6153156.1482,1599969.889,6143156.1482,15500094.4444,8602798.043
7409,1589969.889,6143156.1482,1599969.889,6133156.1482,,
7410,1589969.889,6133156.1482,1599969.889,6123156.1482,,
7411,1589969.889,6123156.1482,1599969.889,6113156.1482,,
7412,1589969.889,6113156.1482,1599969.889,6103156.1482,,
7413,1589969.889,6103156.1482,1599969.889,6093156.1482,,
7414,1589969.889,6093156.1482,1599969.889,6083156.1482,,
7415,1589969.889,6083156.1482,1599969.889,6073156.1482,,
7416,1589969.889,6073156.1482,1599969.889,6063156.1482,,
7417,1589969.889,6063156.1482,1599969.889,6053156.1482,,
7418,1589969.889,6053156.1482,1599969.889,6043156.1482,,
7419,1589969.889,6043156.1482,1599969.889,6033156.1482,,
7420,1589969.889,6033156.1482,1599969.889,6023156.1482,,
7421,1589969.889,6023156.1482,1599969.889,6013156.1482,,
7422,1589969.889,6013156.1482,1599969.889,6003156.1482,,
7423,1589969.889,6003156.1482,1599969.889,5993156.1482,,
7424,1589969.889,5993156.1482,1599969.889,5983156.1482,,
7425,1589969.889,5983156.1482,1599969.889,5973156.1482,,
7426,1589969.889,5973156.1482,1599969.889,5963156.1482,,
7427,1589969.889,5963156.1482,1599969.889,5953156.1482,,
7428,1589969.889,5953156.1482,1599969.889,5943156.1482,,
7429,1589969.889,5943156.1482,1599969.889,5933156.1482,,
7430,1589969.889,5933156.1482,1599969.889,5923156.1482,,
7431,1589969.889,5923156.1482,1599969.889,5913156.1482,,
7432,1589969.889,5913156.1482,1599969.889,5903156.1482,,
7433,1589969.889,5903156.1482,1599969.889,5893156.1482,,
7434,1589969.889,5893156.1482,1599969.889,5883156.1482,,
7435,1589969.889,5883156.1482,1599969.889,5873156.1482,,
7436,1589969.889,5873156.1482,1599969.889,5863156.1482,,
7437,1589969.889,5863156.1482,1599969.889,5853156.1482,,
7438,1589969.889,5853156.1482,1599969.889,5843156.1482,,
7439,1589969.889,5843156.1482,1599969.889,5833156.1482,,
7440,1589969.889,5833156.1482,1599969.889,5823156.1482,,
7441,1589969.889,5823156.1482,1599969.889,5813156.1482,,
7442,1589969.889,5813156.1482,1599969.889,5803156.1482,,
7443,1589969.889,5803156.1482,1599969.889,5793156.1482,,
7444,1589969.889,5793156.1482,1599969.889,5783156.1482,,
7445,1589969.889,5783156.1482,1599969.889,5773156.1482,,
7446,1589969.889,5773156.1482,1599969.889,5763156.1482,,
7447,1589969.889,5763156.1482,1599969.889,5753156.1482,,
7448,1589969.889,5753156.1482,1599969.889,5743156.1482,,
7449,1589969.889,5743156.1482,1599969.889,5733156.1482,,
7450,1589969.889,5733156.1482,1599969.889,5723156.1482,,
7451,1589969.889,5723156.1482,1599969.889,5713156.1482,,
7452,1589969.889,5713156.1482,1599969.889,5703156.1482,,
7453,1589969.889,5703156.1482,1599969.889,5693156.1482,,
7454,1589969.889,5693156.1482,1599969.889,5683156.1482,,
7455,1589969.889,5683156.1482,1599969.889,5673156.1482,,
7456,1589969.889,5673156.1482,1599969.889,5663156.1482,,
7457,1589969.889,5663156.1482,1599969.889,5653156.1482,,
7458,1589969.889,5653156.1482,1599969.889,5643156.1482,,
7459,1589969.889,5643156.1482,1599969.889,5633156.1482,,
7460,1589969.889,5633156.1482,1599969.889,5623156.1482,,
7461,1589969.889,5623156.1482,1599969.889,5613156.1482,,
7462,1589969.889,5613156.1482,1599969.889,5603156.1482,,
7463,1589969.889,5603156.1482,1599969.889,5593156.1482,,
7464,1589969.889,5593156.1482,1599969.889,5583156.1482,,
7465,1589969.889,5583156.1482,1599969.889,5573156.1482,,
7466,1589969.889,5573156.1482,1599969.889,5563156.1482,,
7467,1589969.889,5563156.1482,1599969.889,5553156.1482,,
7468,1589969.889,5553156.1482,1599969.889,5543156.1482,,
7469,1589969.889,5543156.1482,1599969.889,5533156.1482,,
7470,1589969.889,5533156.1482,1599969.889,5523156.1482,,
7471,1589969.889,5523156.1482,1599969.889,5513156.1482,14539789.2081,9085159.307
7472,1589969.889,5513156.1482,1599969.889,5503156.1482,4273461.7038,2670264.322
7473,1589969.889,5503156.1482,1599969.889,5493156.1482,,
7474,1589969.889,5493156.1482,1599969.889,5483156.1482,83295046.0102,46319356.89
7475,1589969.889,5483156.1482,1599969.889,5473156.1482,1029824108.089,572672597.969
7476,1589969.889,5473156.1482,1599969.889,5463156.1482,1107886925.2505,679190906.336
7477,1589969.889,5463156.1482,1599969.889,5453156.1482,2065774152.9332,1034905096.226
7478,1589969.889,5453156.1482,1599969.889,5443156.1482,2949949277.1947,2778238410.058
7479,1589969.889,5443156.1482,1599969.889,5433156.1482,721227389.7925,889440499.252
7480,1589969.889,5433156.1482,1599969.889,5423156.1482,714312140.9144,837390661.863
7481,1589969.889,5423156.1482,1599969.889,5413156.1482,305311011.8406,381664751.483
7482,1589969.889,5413156.1482,1599969.889,5403156.1482,126155660.5661,126914906.003
7483,1589969.889,5403156.1482,1599969.889,5393156.1482,119295349.3113,115172053.681
7484,1589969.889,5393156.1482,1599969.889,5383156.1482,119295343.675,115172048.239
7485,1589969.889,5383156.1482,1599969.889,5373156.1482,85291674.8614,85092637.974
7486,1589969.889,5373156.1482,1599969.889,5363156.1482,48030491.4911,60519586.088
7487,1589969.889,5363156.1482,1599969.889,5353156.1482,47648076.6989,62600025.153
7488,1589969.889,5353156.1482,1599969.889,5343156.1482,47648080.4476,62600030.078
7489,1589969.889,5343156.1482,1599969.889,5333156.1482,47648083.0796,62600033.536
7490,1589969.889,5333156.1482,1599969.889,5323156.1482,47648077.8914,62600026.719
7491,1589969.889,5323156.1482,1599969.889,5313156.1482,48784525.0789,59780770.462
7492,1589969.889,5313156.1482,1599969.889,5303156.1482,58658063.1679,42997183.837
7493,1589969.889,5303156.1482,1599969.889,5293156.1482,61019398.8823,31927047.66
7494,1589969.889,5293156.1482,1599969.889,5283156.1482,128616441.1367,110264745.273
7495,1589969.889,5283156.1482,1599969.889,5273156.1482,170606340.7962,160298102.923
7496,1589969.889,5273156.1482,1599969.889,5263156.1482,170606347.4438,160298109.169
7497,1589969.889,5263156.1482,1599969.889,5253156.1482,190719086.1477,175510214.56
7498,1589969.889,5253156.1482,1599969.889,5243156.1482,224438644.4473,210450809.657
7499,1589969.889,5243156.1482,1599969.889,5233156.1482,224179170.2096,209957804.099
7500,1589969.889,5233156.1482,1599969.889,5223156.1482,83500016.9133,78202984.59
7501,1589969.889,5223156.1482,1599969.889,5213156.1482,,
7502,1589969.889,5213156.1482,1599969.889,5203156.1482,,
7503,1589969.889,5203156.1482,1599969.889,5193156.1482,,
7504,1589969.889,5193156.1482,1599969.889,5183156.1482,,
7505,1589969.889,5183156.1482,1599969.889,5173156.1482,,
7506,1589969.889,5173156.1482,1599969.889,5163156.1482,194816094.0447,113987436.467
7507,1589969.889,5163156.1482,1599969.889,5153156.1482,1075077071.992,388295146.208
7508,1589969.889,5153156.1482,1599969.889,5143156.1482,4048173973.4444,1188495202.47
7509,1589969.889,5143156.1482,1599969.889,5133156.1482,462599438.6981,145244204.519
7510,1589969.889,5133156.1482,1599969.889,5123156.1482,,
7511,1589969.889,5123156.1482,1599969.889,5113156.1482,,
7512,1589969.889,5113156.1482,1599969.889,5103156.1482,,
7513,1589969.889,5103156.1482,1599969.889,5093156.1482,,
7514,1589969.889,5093156.1482,1599969.889,5083156.1482,,
7515,1589969.889,5083156.1482,1599969.889,5073156.1482,,
7516,1589969.889,5073156.1482,1599969.889,5063156.1482,,
7517,1589969.889,5063156.1482,1599969.889,5053156.1482,,
7518,1589969.889,5053156.1482,1599969.889,5043156.1482,,
7519,1589969.889,5043156.1482,1599969.889,5033156.1482,,
7520,1589969.889,5033156.1482,1599969.889,5023156.1482,,
7521,1589969.889,5023156.1482,1599969.889,5013156.1482,,
7522,1589969.889,5013156.1482,1599969.889,5003156.1482,,
7523,1589969.889,5003156.1482,1599969.889,4993156.1482,,
7524,1589969.889,4993156.1482,1599969.889,4983156.1482,,
7525,1589969.889,4983156.1482,1599969.889,4973156.1482,,
7526,1589969.889,4973156.1482,1599969.889,4963156.1482,,
7527,1589969.889,4963156.1482,1599969.889,4953156.1482,,
7528,1589969.889,4953156.1482,1599969.889,4943156.1482,,
7529,1589969.889,4943156.1482,1599969.889,4933156.1482,,
7530,1589969.889,4933156.1482,1599969.889,4923156.1482,,
7531,1589969.889,4923156.1482,1599969.889,4913156.1482,,
7532,1589969.889,4913156.1482,1599969.889,4903156.1482,,
7533,1589969.889,4903156.1482,1599969.889,4893156.1482,,
7534,1589969.889,4893156.1482,1599969.889,4883156.1482,,
7535,1589969.889,4883156.1482,1599969.889,4873156.1482,,
7536,1589969.889,4873156.1482,1599969.889,4863156.1482,,
7537,1589969.889,4863156.1482,1599969.889,4853156.1482,,
7538,1589969.889,4853156.1482,1599969.889,4843156.1482,,
7539,1589969.889,4843156.1482,1599969.889,4833156.1482,,
7540,1589969.889,4833156.1482,1599969.889,4823156.1482,,
7541,1589969.889,4823156.1482,1599969.889,4813156.1482,,
7542,1589969.889,4813156.1482,1599969.889,4803156.1482,,
7543,1589969.889,4803156.1482,1599969.889,4793156.1482,,
7544,1589969.889,4793156.1482,1599969.889,4783156.1482,,
7545,1589969.889,4783156.1482,1599969.889,4773156.1482,,
7546,1589969.889,4773156.1482,1599969.889,4763156.1482,,
7547,1589969.889,4763156.1482,1599969.889,4753156.1482,,
7548,1589969.889,4753156.1482,1599969.889,4743156.1482,,
7549,1599969.889,6223156.1482,1609969.889,6213156.1482,,
7550,1599969.889,6213156.1482,1609969.889,6203156.1482,,
7551,1599969.889,6203156.1482,1609969.889,6193156.1482,7624048.2965,4231467.621
7552,1599969.889,6193156.1482,1609969.889,6183156.1482,33667849.8977,18686190.22
7553,1599969.889,6183156.1482,1609969.889,6173156.1482,1597793.8632,886800.914
7554,1599969.889,6173156.1482,1609969.889,6163156.1482,42890530.0335,23804923.845
7555,1599969.889,6163156.1482,1609969.889,6153156.1482,213257683.8413,118361393.977
7556,1599969.889,6153156.1482,1609969.889,6143156.1482,244022386.907,135436291.7
7557,1599969.889,6143156.1482,1609969.889,6133156.1482,126856086.1048,99834788.573
7558,1599969.889,6133156.1482,1609969.889,6123156.1482,,
7559,1599969.889,6123156.1482,1609969.889,6113156.1482,,
7560,1599969.889,6113156.1482,1609969.889,6103156.1482,192791754.0201,218708998.996
7561,1599969.889,6103156.1482,1609969.889,6093156.1482,26670146.6546,30255448.982
7562,1599969.889,6093156.1482,1609969.889,6083156.1482,,
7563,1599969.889,6083156.1482,1609969.889,6073156.1482,,
7564,1599969.889,6073156.1482,1609969.889,6063156.1482,,
7565,1599969.889,6063156.1482,1609969.889,6053156.1482,,
7566,1599969.889,6053156.1482,1609969.889,6043156.1482,,
7567,1599969.889,6043156.1482,1609969.889,6033156.1482,,
7568,1599969.889,6033156.1482,1609969.889,6023156.1482,,
7569,1599969.889,6023156.1482,1609969.889,6013156.1482,,
7570,1599969.889,6013156.1482,1609969.889,6003156.1482,,
7571,1599969.889,6003156.1482,1609969.889,5993156.1482,,
7572,1599969.889,5993156.1482,1609969.889,5983156.1482,,
7573,1599969.889,5983156.1482,1609969.889,5973156.1482,,
7574,1599969.889,5973156.1482,1609969.889,5963156.1482,,
7575,1599969.889,5963156.1482,1609969.889,5953156.1482,,
7576,1599969.889,5953156.1482,1609969.889,5943156.1482,,
7577,1599969.889,5943156.1482,1609969.889,5933156.1482,,
7578,1599969.889,5933156.1482,1609969.889,5923156.1482,,
7579,1599969.889,5923156.1482,1609969.889,5913156.1482,,
7580,1599969.889,5913156.1482,1609969.889,5903156.1482,,
7581,1599969.889,5903156.1482,1609969.889,5893156.1482,,
7582,1599969.889,5893156.1482,1609969.889,5883156.1482,,
7583,1599969.889,5883156.1482,1609969.889,5873156.1482,,
7584,1599969.889,5873156.1482,1609969.889,5863156.1482,,
7585,1599969.889,5863156.1482,1609969.889,5853156.1482,,
7586,1599969.889,5853156.1482,1609969.889,5843156.1482,,
7587,1599969.889,5843156.1482,1609969.889,5833156.1482,,
7588,1599969.889,5833156.1482,1609969.889,5823156.1482,,
7589,1599969.889,5823156.1482,1609969.889,5813156.1482,,
7590,1599969.889,5813156.1482,1609969.889,5803156.1482,,
7591,1599969.889,5803156.1482,1609969.889,5793156.1482,,
7592,1599969.889,5793156.1482,1609969.889,5783156.1482,,
7593,1599969.889,5783156.1482,1609969.889,5773156.1482,,
7594,1599969.889,5773156.1482,1609969.889,5763156.1482,,
7595,1599969.889,5763156.1482,1609969.889,5753156.1482,,
7596,1599969.889,5753156.1482,1609969.889,5743156.1482,,
7597,1599969.889,5743156.1482,1609969.889,5733156.1482,,
7598,1599969.889,5733156.1482,1609969.889,5723156.1482,,
7599,1599969.889,5723156.1482,1609969.889,5713156.1482,,
7600,1599969.889,5713156.1482,1609969.889,5703156.1482,,
7601,1599969.889,5703156.1482,1609969.889,5693156.1482,,
7602,1599969.889,5693156.1482,1609969.889,5683156.1482,,
7603,1599969.889,5683156.1482,1609969.889,5673156.1482,,
7604,1599969.889,5673156.1482,1609969.889,5663156.1482,,
7605,1599969.889,5663156.1482,1609969.889,5653156.1482,,
7606,1599969.889,5653156.1482,1609969.889,5643156.1482,,
7607,1599969.889,5643156.1482,1609969.889,5633156.1482,,
7608,1599969.889,5633156.1482,1609969.889,5623156.1482,,
7609,1599969.889,5623156.1482,1609969.889,5613156.1482,,
7610,1599969.889,5613156.1482,1609969.889,5603156.1482,,
7611,1599969.889,5603156.1482,1609969.889,5593156.1482,,
7612,1599969.889,5593156.1482,1609969.889,5583156.1482,,
7613,1599969.889,5583156.1482,1609969.889,5573156.1482,,
7614,1599969.889,5573156.1482,1609969.889,5563156.1482,,
7615,1599969.889,5563156.1482,1609969.889,5553156.1482,,
7616,1599969.889,5553156.1482,1609969.889,5543156.1482,,
7617,1599969.889,5543156.1482,1609969.889,5533156.1482,,
7618,1599969.889,5533156.1482,1609969.889,5523156.1482,,
7619,1599969.889,5523156.1482,1609969.889,5513156.1482,,
7620,1599969.889,5513156.1482,1609969.889,5503156.1482,2238662.8198,1398824.155
7621,1599969.889,5503156.1482,1609969.889,5493156.1482,,
7622,1599969.889,5493156.1482,1609969.889,5483156.1482,1834230.1978,1019992.991
7623,1599969.889,5483156.1482,1609969.889,5473156.1482,296558657.3876,164912644.249
7624,1599969.889,5473156.1482,1609969.889,5463156.1482,473989242.6008,317536392.539
7625,1599969.889,5463156.1482,1609969.889,5453156.1482,1474818145.2998,451845054.147
7626,1599969.889,5453156.1482,1609969.889,5443156.1482,5057064122.4356,5137648565.609
7627,1599969.889,5443156.1482,1609969.889,5433156.1482,2959752734.933,3231961027.539
7628,1599969.889,5433156.1482,1609969.889,5423156.1482,2077647101.5168,2432205823.797
7629,1599969.889,5423156.1482,1609969.889,5413156.1482,3207895350.2885,4591591097.857
7630,1599969.889,5413156.1482,1609969.889,5403156.1482,254919958.6321,347273766.292
7631,1599969.889,5403156.1482,1609969.889,5393156.1482,170489828.7875,203245958.09
7632,1599969.889,5393156.1482,1609969.889,5383156.1482,80801535.5376,86927076.042
7633,1599969.889,5383156.1482,1609969.889,5373156.1482,49707458.6242,64109559.376
7634,1599969.889,5373156.1482,1609969.889,5363156.1482,47648075.9856,62600024.216
7635,1599969.889,5363156.1482,1609969.889,5353156.1482,47648659.4931,62600498.399
7636,1599969.889,5353156.1482,1609969.889,5343156.1482,50375862.2286,64551502.434
7637,1599969.889,5343156.1482,1609969.889,5333156.1482,47803699.8744,62710555.575
7638,1599969.889,5333156.1482,1609969.889,5323156.1482,47648080.4266,62600030.05
7639,1599969.889,5323156.1482,1609969.889,5313156.1482,58269599.734,70195982.858
7640,1599969.889,5313156.1482,1609969.889,5303156.1482,64226180.8404,74391249.599
7641,1599969.889,5303156.1482,1609969.889,5293156.1482,80519973.4538,70929630.678
7642,1599969.889,5293156.1482,1609969.889,5283156.1482,161898157.8129,149925769.433
7643,1599969.889,5283156.1482,1609969.889,5273156.1482,170606596.7116,160298262.303
7644,1599969.889,5273156.1482,1609969.889,5263156.1482,182128547.5126,161636469.993
7645,1599969.889,5263156.1482,1609969.889,5253156.1482,201355847.7572,164255483.002
7646,1599969.889,5253156.1482,1609969.889,5243156.1482,222036148.4419,204957851.753
7647,1599969.889,5243156.1482,1609969.889,5233156.1482,194199278.6489,181879761.91
7648,1599969.889,5233156.1482,1609969.889,5223156.1482,9884956126.6995,7626772223.833
7649,1599969.889,5223156.1482,1609969.889,5213156.1482,,
7650,1599969.889,5213156.1482,1609969.889,5203156.1482,,
7651,1599969.889,5203156.1482,1609969.889,5193156.1482,,
7652,1599969.889,5193156.1482,1609969.889,5183156.1482,,
7653,1599969.889,5183156.1482,1609969.889,5173156.1482,,
7654,1599969.889,5173156.1482,1609969.889,5163156.1482,50524026.3858,29561747.842
7655,1599969.889,5163156.1482,1609969.889,5153156.1482,396158483.4848,211118944.917
7656,1599969.889,5153156.1482,1609969.889,5143156.1482,560961030.8719,233826359.15
7657,1599969.889,5143156.1482,1609969.889,5133156.1482,86190724.4676,26728279.774
7658,1599969.889,5133156.1482,1609969.889,5123156.1482,,
7659,1599969.889,5123156.1482,1609969.889,5113156.1482,,
7660,1599969.889,5113156.1482,1609969.889,5103156.1482,,
7661,1599969.889,5103156.1482,1609969.889,5093156.1482,,
7662,1599969.889,5093156.1482,1609969.889,5083156.1482,,
7663,1599969.889,5083156.1482,1609969.889,5073156.1482,,
7664,1599969.889,5073156.1482,1609969.889,5063156.1482,,
7665,1599969.889,5063156.1482,1609969.889,5053156.1482,,
7666,1599969.889,5053156.1482,1609969.889,5043156.1482,,
7667,1599969.889,5043156.1482,1609969.889,5033156.1482,,
7668,1599969.889,5033156.1482,1609969.889,5023156.1482,,
7669,1599969.889,5023156.1482,1609969.889,5013156.1482,,
7670,1599969.889,5013156.1482,1609969.889,5003156.1482,,
7671,1599969.889,5003156.1482,1609969.889,4993156.1482,,
7672,1599969.889,4993156.1482,1609969.889,4983156.1482,,
7673,1599969.889,4983156.1482,1609969.889,4973156.1482,,
7674,1599969.889,4973156.1482,1609969.889,4963156.1482,,
7675,1599969.889,4963156.1482,1609969.889,4953156.1482,,
7676,1599969.889,4953156.1482,1609969.889,4943156.1482,,
7677,1599969.889,4943156.1482,1609969.889,4933156.1482,,
7678,1599969.889,4933156.1482,1609969.889,4923156.1482,,
7679,1599969.889,4923156.1482,1609969.889,4913156.1482,,
7680,1599969.889,4913156.1482,1609969.889,4903156.1482,,
7681,1599969.889,4903156.1482,1609969.889,4893156.1482,,
7682,1599969.889,4893156.1482,1609969.889,4883156.1482,,
7683,1599969.889,4883156.1482,1609969.889,4873156.1482,,
7684,1599969.889,4873156.1482,1609969.889,4863156.1482,,
7685,1599969.889,4863156.1482,1609969.889,4853156.1482,,
7686,1599969.889,4853156.1482,1609969.889,4843156.1482,,
7687,1599969.889,4843156.1482,1609969.889,4833156.1482,,
7688,1599969.889,4833156.1482,1609969.889,4823156.1482,,
7689,1599969.889,4823156.1482,1609969.889,4813156.1482,,
7690,1599969.889,4813156.1482,1609969.889,4803156.1482,,
7691,1599969.889,4803156.1482,1609969.889,4793156.1482,,
7692,1599969.889,4793156.1482,1609969.889,4783156.1482,,
7693,1599969.889,4783156.1482,1609969.889,4773156.1482,,
7694,1599969.889,4773156.1482,1609969.889,4763156.1482,,
7695,1599969.889,4763156.1482,1609969.889,4753156.1482,,
7696,1599969.889,4753156.1482,1609969.889,4743156.1482,,
7697,1609969.889,6223156.1482,1619969.889,6213156.1482,,
7698,1609969.889,6213156.1482,1619969.889,6203156.1482,,
7699,1609969.889,6203156.1482,1619969.889,6193156.1482,,
7700,1609969.889,6193156.1482,1619969.889,6183156.1482,,
7701,1609969.889,6183156.1482,1619969.889,6173156.1482,,
7702,1609969.889,6173156.1482,1619969.889,6163156.1482,,
7703,1609969.889,6163156.1482,1619969.889,6153156.1482,11153038.905,6190113.332
7704,1609969.889,6153156.1482,1619969.889,6143156.1482,117875170.6246,73530273.435
7705,1609969.889,6143156.1482,1619969.889,6133156.1482,797382717.8055,701659441.537
7706,1609969.889,6133156.1482,1619969.889,6123156.1482,597794402.661,530058838.064
7707,1609969.889,6123156.1482,1619969.889,6113156.1482,377848740.0758,399002634.869
7708,1609969.889,6113156.1482,1619969.889,6103156.1482,1686592061.9333,1302852565.534
7709,1609969.889,6103156.1482,1619969.889,6093156.1482,223627288.438,260365072.244
7710,1609969.889,6093156.1482,1619969.889,6083156.1482,36049742.0734,43344567.545
7711,1609969.889,6083156.1482,1619969.889,6073156.1482,,
7712,1609969.889,6073156.1482,1619969.889,6063156.1482,,
7713,1609969.889,6063156.1482,1619969.889,6053156.1482,,
7714,1609969.889,6053156.1482,1619969.889,6043156.1482,,
7715,1609969.889,6043156.1482,1619969.889,6033156.1482,,
7716,1609969.889,6033156.1482,1619969.889,6023156.1482,,
7717,1609969.889,6023156.1482,1619969.889,6013156.1482,,
7718,1609969.889,6013156.1482,1619969.889,6003156.1482,,
7719,1609969.889,6003156.1482,1619969.889,5993156.1482,,
7720,1609969.889,5993156.1482,1619969.889,5983156.1482,,
7721,1609969.889,5983156.1482,1619969.889,5973156.1482,,
7722,1609969.889,5973156.1482,1619969.889,5963156.1482,,
7723,1609969.889,5963156.1482,1619969.889,5953156.1482,,
7724,1609969.889,5953156.1482,1619969.889,5943156.1482,,
7725,1609969.889,5943156.1482,1619969.889,5933156.1482,,
7726,1609969.889,5933156.1482,1619969.889,5923156.1482,,
7727,1609969.889,5923156.1482,1619969.889,5913156.1482,,
7728,1609969.889,5913156.1482,1619969.889,5903156.1482,,
7729,1609969.889,5903156.1482,1619969.889,5893156.1482,,
7730,1609969.889,5893156.1482,1619969.889,5883156.1482,,
7731,1609969.889,5883156.1482,1619969.889,5873156.1482,,
7732,1609969.889,5873156.1482,1619969.889,5863156.1482,,
7733,1609969.889,5863156.1482,1619969.889,5853156.1482,,
7734,1609969.889,5853156.1482,1619969.889,5843156.1482,,
7735,1609969.889,5843156.1482,1619969.889,5833156.1482,,
7736,1609969.889,5833156.1482,1619969.889,5823156.1482,,
7737,1609969.889,5823156.1482,1619969.889,5813156.1482,,
7738,1609969.889,5813156.1482,1619969.889,5803156.1482,,
7739,1609969.889,5803156.1482,1619969.889,5793156.1482,,
7740,1609969.889,5793156.1482,1619969.889,5783156.1482,,
7741,1609969.889,5783156.1482,1619969.889,5773156.1482,,
7742,1609969.889,5773156.1482,1619969.889,5763156.1482,,
7743,1609969.889,5763156.1482,1619969.889,5753156.1482,,
7744,1609969.889,5753156.1482,1619969.889,5743156.1482,,
7745,1609969.889,5743156.1482,1619969.889,5733156.1482,,
7746,1609969.889,5733156.1482,1619969.889,5723156.1482,,
7747,1609969.889,5723156.1482,1619969.889,5713156.1482,,
7748,1609969.889,5713156.1482,1619969.889,5703156.1482,,
7749,1609969.889,5703156.1482,1619969.889,5693156.1482,,
7750,1609969.889,5693156.1482,1619969.889,5683156.1482,,
7751,1609969.889,5683156.1482,1619969.889,5673156.1482,,
7752,1609969.889,5673156.1482,1619969.889,5663156.1482,,
7753,1609969.889,5663156.1482,1619969.889,5653156.1482,,
7754,1609969.889,5653156.1482,1619969.889,5643156.1482,,
7755,1609969.889,5643156.1482,1619969.889,5633156.1482,,
7756,1609969.889,5633156.1482,1619969.889,5623156.1482,,
7757,1609969.889,5623156.1482,1619969.889,5613156.1482,,
7758,1609969.889,5613156.1482,1619969.889,5603156.1482,,
7759,1609969.889,5603156.1482,1619969.889,5593156.1482,,
7760,1609969.889,5593156.1482,1619969.889,5583156.1482,,
7761,1609969.889,5583156.1482,1619969.889,5573156.1482,,
7762,1609969.889,5573156.1482,1619969.889,5563156.1482,,
7763,1609969.889,5563156.1482,1619969.889,5553156.1482,,
7764,1609969.889,5553156.1482,1619969.889,5543156.1482,,
7765,1609969.889,5543156.1482,1619969.889,5533156.1482,,
7766,1609969.889,5533156.1482,1619969.889,5523156.1482,,
7767,1609969.889,5523156.1482,1619969.889,5513156.1482,,
7768,1609969.889,5513156.1482,1619969.889,5503156.1482,,
7769,1609969.889,5503156.1482,1619969.889,5493156.1482,,
7770,1609969.889,5493156.1482,1619969.889,5483156.1482,,
7771,1609969.889,5483156.1482,1619969.889,5473156.1482,,
7772,1609969.889,5473156.1482,1619969.889,5463156.1482,,
7773,1609969.889,5463156.1482,1619969.889,5453156.1482,,
7774,1609969.889,5453156.1482,1619969.889,5443156.1482,,
7775,1609969.889,5443156.1482,1619969.889,5433156.1482,,
7776,1609969.889,5433156.1482,1619969.889,5423156.1482,17075313863.9045,7436673248.984
7777,1609969.889,5423156.1482,1619969.889,5413156.1482,6633910595.8042,9026876510.907
7778,1609969.889,5413156.1482,1619969.889,5403156.1482,371648356.1195,547887846.092
7779,1609969.889,5403156.1482,1619969.889,5393156.1482,141448249.1743,203094891.74
7780,1609969.889,5393156.1482,1619969.889,5383156.1482,47647847.3977,62599723.897
7781,1609969.889,5383156.1482,1619969.889,5373156.1482,47647841.9665,62599716.761
7782,1609969.889,5373156.1482,1619969.889,5363156.1482,47647848.9095,62599725.883
7783,1609969.889,5363156.1482,1619969.889,5353156.1482,52368642.1413,65975770.285
7784,1609969.889,5353156.1482,1619969.889,5343156.1482,64231020.8035,74459145.338
7785,1609969.889,5343156.1482,1619969.889,5333156.1482,62494915.3148,73219586.885
7786,1609969.889,5333156.1482,1619969.889,5323156.1482,60672955.77,71913127.798
7787,1609969.889,5323156.1482,1619969.889,5313156.1482,82674088.3459,84952157.749
7788,1609969.889,5313156.1482,1619969.889,5303156.1482,108446430.1116,105877014.884
7789,1609969.889,5303156.1482,1619969.889,5293156.1482,161180629.0774,152690205.158
7790,1609969.889,5293156.1482,1619969.889,5283156.1482,175183106.2215,160833187.563
7791,1609969.889,5283156.1482,1619969.889,5273156.1482,183962525.7943,161840953.474
7792,1609969.889,5273156.1482,1619969.889,5263156.1482,203213250.6819,164038128.328
7793,1609969.889,5263156.1482,1619969.889,5253156.1482,204672571.9147,164220440.69
7794,1609969.889,5253156.1482,1619969.889,5243156.1482,212152080.8143,186234682.941
7795,1609969.889,5243156.1482,1619969.889,5233156.1482,32959809.5267,30868921.61
7796,1609969.889,5233156.1482,1619969.889,5223156.1482,,
7797,1609969.889,5223156.1482,1619969.889,5213156.1482,,
7798,1609969.889,5213156.1482,1619969.889,5203156.1482,,
7799,1609969.889,5203156.1482,1619969.889,5193156.1482,,
7800,1609969.889,5193156.1482,1619969.889,5183156.1482,,
7801,1609969.889,5183156.1482,1619969.889,5173156.1482,,
7802,1609969.889,5173156.1482,1619969.889,5163156.1482,,
7803,1609969.889,5163156.1482,1619969.889,5153156.1482,4621932.6186,2704305.583
7804,1609969.889,5153156.1482,1619969.889,5143156.1482,146119.3597,85494.842
7805,1609969.889,5143156.1482,1619969.889,5133156.1482,,
7806,1609969.889,5133156.1482,1619969.889,5123156.1482,,
7807,1609969.889,5123156.1482,1619969.889,5113156.1482,,
7808,1609969.889,5113156.1482,1619969.889,5103156.1482,,
7809,1609969.889,5103156.1482,1619969.889,5093156.1482,,
7810,1609969.889,5093156.1482,1619969.889,5083156.1482,,
7811,1609969.889,5083156.1482,1619969.889,5073156.1482,,
7812,1609969.889,5073156.1482,1619969.889,5063156.1482,,
7813,1609969.889,5063156.1482,1619969.889,5053156.1482,,
7814,1609969.889,5053156.1482,1619969.889,5043156.1482,,
7815,1609969.889,5043156.1482,1619969.889,5033156.1482,,
7816,1609969.889,5033156.1482,1619969.889,5023156.1482,,
7817,1609969.889,5023156.1482,1619969.889,5013156.1482,,
7818,1609969.889,5013156.1482,1619969.889,5003156.1482,,
7819,1609969.889,5003156.1482,1619969.889,4993156.1482,,
7820,1609969.889,4993156.1482,1619969.889,4983156.1482,,
7821,1609969.889,4983156.1482,1619969.889,4973156.1482,,
7822,1609969.889,4973156.1482,1619969.889,4963156.1482,,
7823,1609969.889,4963156.1482,1619969.889,4953156.1482,,
7824,1609969.889,4953156.1482,1619969.889,4943156.1482,,
7825,1609969.889,4943156.1482,1619969.889,4933156.1482,,
7826,1609969.889,4933156.1482,1619969.889,4923156.1482,,
7827,1609969.889,4923156.1482,1619969.889,4913156.1482,,
7828,1609969.889,4913156.1482,1619969.889,4903156.1482,,
7829,1609969.889,4903156.1482,1619969.889,4893156.1482,,
7830,1609969.889,4893156.1482,1619969.889,4883156.1482,,
7831,1609969.889,4883156.1482,1619969.889,4873156.1482,,
7832,1609969.889,4873156.1482,1619969.889,4863156.1482,,
7833,1609969.889,4863156.1482,1619969.889,4853156.1482,,
7834,1609969.889,4853156.1482,1619969.889,4843156.1482,,
7835,1609969.889,4843156.1482,1619969.889,4833156.1482,,
7836,1609969.889,4833156.1482,1619969.889,4823156.1482,,
7837,1609969.889,4823156.1482,1619969.889,4813156.1482,,
7838,1609969.889,4813156.1482,1619969.889,4803156.1482,,
7839,1609969.889,4803156.1482,1619969.889,4793156.1482,,
7840,1609969.889,4793156.1482,1619969.889,4783156.1482,,
7841,1609969.889,4783156.1482,1619969.889,4773156.1482,,
7842,1609969.889,4773156.1482,1619969.889,4763156.1482,,
7843,1609969.889,4763156.1482,1619969.889,4753156.1482,,
7844,1609969.889,4753156.1482,1619969.889,4743156.1482,,
7845,1619969.889,6223156.1482,1629969.889,6213156.1482,,
7846,1619969.889,6213156.1482,1629969.889,6203156.1482,,
7847,1619969.889,6203156.1482,1629969.889,6193156.1482,,
7848,1619969.889,6193156.1482,1629969.889,6183156.1482,,
7849,1619969.889,6183156.1482,1629969.889,6173156.1482,,
7850,1619969.889,6173156.1482,1629969.889,6163156.1482,,
7851,1619969.889,6163156.1482,1629969.889,6153156.1482,,
7852,1619969.889,6153156.1482,1629969.889,6143156.1482,,
7853,1619969.889,6143156.1482,1629969.889,6133156.1482,596561669.6243,381285169.143
7854,1619969.889,6133156.1482,1629969.889,6123156.1482,454424462.389,316566292.306
7855,1619969.889,6123156.1482,1629969.889,6113156.1482,3730920762.6154,4923777265.483
7856,1619969.889,6113156.1482,1629969.889,6103156.1482,1108037393.8474,1472588339.538
7857,1619969.889,6103156.1482,1629969.889,6093156.1482,177200211.2741,178018688.612
7858,1619969.889,6093156.1482,1629969.889,6083156.1482,193545502.8887,136787148.502
7859,1619969.889,6083156.1482,1629969.889,6073156.1482,100345881.9103,66249458.299
7860,1619969.889,6073156.1482,1629969.889,6063156.1482,1015508.615,670449.991
7861,1619969.889,6063156.1482,1629969.889,6053156.1482,,
7862,1619969.889,6053156.1482,1629969.889,6043156.1482,,
7863,1619969.889,6043156.1482,1629969.889,6033156.1482,,
7864,1619969.889,6033156.1482,1629969.889,6023156.1482,,
7865,1619969.889,6023156.1482,1629969.889,6013156.1482,,
7866,1619969.889,6013156.1482,1629969.889,6003156.1482,,
7867,1619969.889,6003156.1482,1629969.889,5993156.1482,,
7868,1619969.889,5993156.1482,1629969.889,5983156.1482,,
7869,1619969.889,5983156.1482,1629969.889,5973156.1482,,
7870,1619969.889,5973156.1482,1629969.889,5963156.1482,,
7871,1619969.889,5963156.1482,1629969.889,5953156.1482,,
7872,1619969.889,5953156.1482,1629969.889,5943156.1482,,
7873,1619969.889,5943156.1482,1629969.889,5933156.1482,,
7874,1619969.889,5933156.1482,1629969.889,5923156.1482,,
7875,1619969.889,5923156.1482,1629969.889,5913156.1482,,
7876,1619969.889,5913156.1482,1629969.889,5903156.1482,,
7877,1619969.889,5903156.1482,1629969.889,5893156.1482,,
7878,1619969.889,5893156.1482,1629969.889,5883156.1482,,
7879,1619969.889,5883156.1482,1629969.889,5873156.1482,,
7880,1619969.889,5873156.1482,1629969.889,5863156.1482,,
7881,1619969.889,5863156.1482,1629969.889,5853156.1482,,
7882,1619969.889,5853156.1482,1629969.889,5843156.1482,,
7883,1619969.889,5843156.1482,1629969.889,5833156.1482,,
7884,1619969.889,5833156.1482,1629969.889,5823156.1482,,
7885,1619969.889,5823156.1482,1629969.889,5813156.1482,,
7886,1619969.889,5813156.1482,1629969.889,5803156.1482,,
7887,1619969.889,5803156.1482,1629969.889,5793156.1482,,
7888,1619969.889,5793156.1482,1629969.889,5783156.1482,,
7889,1619969.889,5783156.1482,1629969.889,5773156.1482,,
7890,1619969.889,5773156.1482,1629969.889,5763156.1482,,
7891,1619969.889,5763156.1482,1629969.889,5753156.1482,,
7892,1619969.889,5753156.1482,1629969.889,5743156.1482,,
7893,1619969.889,5743156.1482,1629969.889,5733156.1482,,
7894,1619969.889,5733156.1482,1629969.889,5723156.1482,,
7895,1619969.889,5723156.1482,1629969.889,5713156.1482,,
7896,1619969.889,5713156.1482,1629969.889,5703156.1482,,
7897,1619969.889,5703156.1482,1629969.889,5693156.1482,,
7898,1619969.889,5693156.1482,1629969.889,5683156.1482,,
7899,1619969.889,5683156.1482,1629969.889,5673156.1482,,
7900,1619969.889,5673156.1482,1629969.889,5663156.1482,,
7901,1619969.889,5663156.1482,1629969.889,5653156.1482,,
7902,1619969.889,5653156.1482,1629969.889,5643156.1482,,
7903,1619969.889,5643156.1482,1629969.889,5633156.1482,,
7904,1619969.889,5633156.1482,1629969.889,5623156.1482,,
7905,1619969.889,5623156.1482,1629969.889,5613156.1482,,
7906,1619969.889,5613156.1482,1629969.889,5603156.1482,,
7907,1619969.889,5603156.1482,1629969.889,5593156.1482,,
7908,1619969.889,5593156.1482,1629969.889,5583156.1482,,
7909,1619969.889,5583156.1482,1629969.889,5573156.1482,,
7910,1619969.889,5573156.1482,1629969.889,5563156.1482,,
7911,1619969.889,5563156.1482,1629969.889,5553156.1482,,
7912,1619969.889,5553156.1482,1629969.889,5543156.1482,,
7913,1619969.889,5543156.1482,1629969.889,5533156.1482,,
7914,1619969.889,5533156.1482,1629969.889,5523156.1482,,
7915,1619969.889,5523156.1482,1629969.889,5513156.1482,,
7916,1619969.889,5513156.1482,1629969.889,5503156.1482,,
7917,1619969.889,5503156.1482,1629969.889,5493156.1482,,
7918,1619969.889,5493156.1482,1629969.889,5483156.1482,,
7919,1619969.889,5483156.1482,1629969.889,5473156.1482,,
7920,1619969.889,5473156.1482,1629969.889,5463156.1482,,
7921,1619969.889,5463156.1482,1629969.889,5453156.1482,,
7922,1619969.889,5453156.1482,1629969.889,5443156.1482,,
7923,1619969.889,5443156.1482,1629969.889,5433156.1482,1649104846.2909,
7924,1619969.889,5433156.1482,1629969.889,5423156.1482,35219964051.815,
7925,1619969.889,5423156.1482,1629969.889,5413156.1482,540366410.1023,290610981.844
7926,1619969.889,5413156.1482,1629969.889,5403156.1482,197239518.1562,231769771.311
7927,1619969.889,5403156.1482,1629969.889,5393156.1482,47882287.7032,62951265.501
7928,1619969.889,5393156.1482,1629969.889,5383156.1482,47647376.2491,62599104.902
7929,1619969.889,5383156.1482,1629969.889,5373156.1482,47647379.1462,62599108.708
7930,1619969.889,5373156.1482,1629969.889,5363156.1482,47647376.7253,62599105.528
7931,1619969.889,5363156.1482,1629969.889,5353156.1482,56880786.1133,69202344.105
7932,1619969.889,5353156.1482,1629969.889,5343156.1482,64230384.19,74458407.35
7933,1619969.889,5343156.1482,1629969.889,5333156.1482,64230387.6748,74458411.39
7934,1619969.889,5333156.1482,1629969.889,5323156.1482,68097006.3779,76660262.821
7935,1619969.889,5323156.1482,1629969.889,5313156.1482,251308775.5453,180875422.508
7936,1619969.889,5313156.1482,1629969.889,5303156.1482,202755729.3,172539582.365
7937,1619969.889,5303156.1482,1629969.889,5293156.1482,170603826.0263,160295740.099
7938,1619969.889,5293156.1482,1629969.889,5283156.1482,196208574.5157,163244331.995
7939,1619969.889,5283156.1482,1629969.889,5273156.1482,204670560.9286,164218827.161
7940,1619969.889,5273156.1482,1629969.889,5263156.1482,204670553.1309,164218820.905
7941,1619969.889,5263156.1482,1629969.889,5253156.1482,154375888.3522,123864551.952
7942,1619969.889,5253156.1482,1629969.889,5243156.1482,54224303.649,43507241.63
7943,1619969.889,5243156.1482,1629969.889,5233156.1482,,
7944,1619969.889,5233156.1482,1629969.889,5223156.1482,,
7945,1619969.889,5223156.1482,1629969.889,5213156.1482,,
7946,1619969.889,5213156.1482,1629969.889,5203156.1482,,
7947,1619969.889,5203156.1482,1629969.889,5193156.1482,,
7948,1619969.889,5193156.1482,1629969.889,5183156.1482,,
7949,1619969.889,5183156.1482,1629969.889,5173156.1482,,
7950,1619969.889,5173156.1482,1629969.889,5163156.1482,,
7951,1619969.889,5163156.1482,1629969.889,5153156.1482,,
7952,1619969.889,5153156.1482,1629969.889,5143156.1482,,
7953,1619969.889,5143156.1482,1629969.889,5133156.1482,,
7954,1619969.889,5133156.1482,1629969.889,5123156.1482,,
7955,1619969.889,5123156.1482,1629969.889,5113156.1482,,
7956,1619969.889,5113156.1482,1629969.889,5103156.1482,,
7957,1619969.889,5103156.1482,1629969.889,5093156.1482,,
7958,1619969.889,5093156.1482,1629969.889,5083156.1482,,
7959,1619969.889,5083156.1482,1629969.889,5073156.1482,,
7960,1619969.889,5073156.1482,1629969.889,5063156.1482,,
7961,1619969.889,5063156.1482,1629969.889,5053156.1482,,
7962,1619969.889,5053156.1482,1629969.889,5043156.1482,,
7963,1619969.889,5043156.1482,1629969.889,5033156.1482,,
7964,1619969.889,5033156.1482,1629969.889,5023156.1482,,
7965,1619969.889,5023156.1482,1629969.889,5013156.1482,,
7966,1619969.889,5013156.1482,1629969.889,5003156.1482,,
7967,1619969.889,5003156.1482,1629969.889,4993156.1482,,
7968,1619969.889,4993156.1482,1629969.889,4983156.1482,,
7969,1619969.889,4983156.1482,1629969.889,4973156.1482,,
7970,1619969.889,4973156.1482,1629969.889,4963156.1482,,
7971,1619969.889,4963156.1482,1629969.889,4953156.1482,,
7972,1619969.889,4953156.1482,1629969.889,4943156.1482,,
7973,1619969.889,4943156.1482,1629969.889,4933156.1482,,
7974,1619969.889,4933156.1482,1629969.889,4923156.1482,,
7975,1619969.889,4923156.1482,1629969.889,4913156.1482,,
7976,1619969.889,4913156.1482,1629969.889,4903156.1482,,
7977,1619969.889,4903156.1482,1629969.889,4893156.1482,,
7978,1619969.889,4893156.1482,1629969.889,4883156.1482,,
7979,1619969.889,4883156.1482,1629969.889,4873156.1482,,
7980,1619969.889,4873156.1482,1629969.889,4863156.1482,,
7981,1619969.889,4863156.1482,1629969.889,4853156.1482,,
7982,1619969.889,4853156.1482,1629969.889,4843156.1482,,
7983,1619969.889,4843156.1482,1629969.889,4833156.1482,,
7984,1619969.889,4833156.1482,1629969.889,4823156.1482,,
7985,1619969.889,4823156.1482,1629969.889,4813156.1482,,
7986,1619969.889,4813156.1482,1629969.889,4803156.1482,,
7987,1619969.889,4803156.1482,1629969.889,4793156.1482,,
7988,1619969.889,4793156.1482,1629969.889,4783156.1482,,
7989,1619969.889,4783156.1482,1629969.889,4773156.1482,,
7990,1619969.889,4773156.1482,1629969.889,4763156.1482,,
7991,1619969.889,4763156.1482,1629969.889,4753156.1482,,
7992,1619969.889,4753156.1482,1629969.889,4743156.1482,,
7993,1629969.889,6223156.1482,1639969.889,6213156.1482,,
7994,1629969.889,6213156.1482,1639969.889,6203156.1482,,
7995,1629969.889,6203156.1482,1639969.889,6193156.1482,,
7996,1629969.889,6193156.1482,1639969.889,6183156.1482,,
7997,1629969.889,6183156.1482,1639969.889,6173156.1482,,
7998,1629969.889,6173156.1482,1639969.889,6163156.1482,,
7999,1629969.889,6163156.1482,1639969.889,6153156.1482,,
8000,1629969.889,6153156.1482,1639969.889,6143156.1482,468229227.7411,212183967.998
8001,1629969.889,6143156.1482,1639969.889,6133156.1482,1247893008.1857,565498423.477
8002,1629969.889,6133156.1482,1639969.889,6123156.1482,1593259980.0399,812795101.689
8003,1629969.889,6123156.1482,1639969.889,6113156.1482,805092004.2192,766993248.335
8004,1629969.889,6113156.1482,1639969.889,6103156.1482,343638851.6169,423967170.923
8005,1629969.889,6103156.1482,1639969.889,6093156.1482,197309836.4022,188323561.05
8006,1629969.889,6093156.1482,1639969.889,6083156.1482,217903097.9875,151794731.711
8007,1629969.889,6083156.1482,1639969.889,6073156.1482,185580428.6306,111631922.825
8008,1629969.889,6073156.1482,1639969.889,6063156.1482,180770910.297,102046193.322
8009,1629969.889,6063156.1482,1639969.889,6053156.1482,34251721.6714,19088492.887
8010,1629969.889,6053156.1482,1639969.889,6043156.1482,,
8011,1629969.889,6043156.1482,1639969.889,6033156.1482,,
8012,1629969.889,6033156.1482,1639969.889,6023156.1482,,
8013,1629969.889,6023156.1482,1639969.889,6013156.1482,,
8014,1629969.889,6013156.1482,1639969.889,6003156.1482,,
8015,1629969.889,6003156.1482,1639969.889,5993156.1482,,
8016,1629969.889,5993156.1482,1639969.889,5983156.1482,,
8017,1629969.889,5983156.1482,1639969.889,5973156.1482,,
8018,1629969.889,5973156.1482,1639969.889,5963156.1482,,
8019,1629969.889,5963156.1482,1639969.889,5953156.1482,,
8020,1629969.889,5953156.1482,1639969.889,5943156.1482,,
8021,1629969.889,5943156.1482,1639969.889,5933156.1482,,
8022,1629969.889,5933156.1482,1639969.889,5923156.1482,,
8023,1629969.889,5923156.1482,1639969.889,5913156.1482,,
8024,1629969.889,5913156.1482,1639969.889,5903156.1482,,
8025,1629969.889,5903156.1482,1639969.889,5893156.1482,,
8026,1629969.889,5893156.1482,1639969.889,5883156.1482,,
8027,1629969.889,5883156.1482,1639969.889,5873156.1482,,
8028,1629969.889,5873156.1482,1639969.889,5863156.1482,,
8029,1629969.889,5863156.1482,1639969.889,5853156.1482,,
8030,1629969.889,5853156.1482,1639969.889,5843156.1482,,
8031,1629969.889,5843156.1482,1639969.889,5833156.1482,,
8032,1629969.889,5833156.1482,1639969.889,5823156.1482,,
8033,1629969.889,5823156.1482,1639969.889,5813156.1482,,
8034,1629969.889,5813156.1482,1639969.889,5803156.1482,,
8035,1629969.889,5803156.1482,1639969.889,5793156.1482,,
8036,1629969.889,5793156.1482,1639969.889,5783156.1482,,
8037,1629969.889,5783156.1482,1639969.889,5773156.1482,,
8038,1629969.889,5773156.1482,1639969.889,5763156.1482,,
8039,1629969.889,5763156.1482,1639969.889,5753156.1482,,
8040,1629969.889,5753156.1482,1639969.889,5743156.1482,,
8041,1629969.889,5743156.1482,1639969.889,5733156.1482,,
8042,1629969.889,5733156.1482,1639969.889,5723156.1482,,
8043,1629969.889,5723156.1482,1639969.889,5713156.1482,,
8044,1629969.889,5713156.1482,1639969.889,5703156.1482,,
8045,1629969.889,5703156.1482,1639969.889,5693156.1482,,
8046,1629969.889,5693156.1482,1639969.889,5683156.1482,,
8047,1629969.889,5683156.1482,1639969.889,5673156.1482,,
8048,1629969.889,5673156.1482,1639969.889,5663156.1482,,
8049,1629969.889,5663156.1482,1639969.889,5653156.1482,,
8050,1629969.889,5653156.1482,1639969.889,5643156.1482,,
8051,1629969.889,5643156.1482,1639969.889,5633156.1482,,
8052,1629969.889,5633156.1482,1639969.889,5623156.1482,,
8053,1629969.889,5623156.1482,1639969.889,5613156.1482,,
8054,1629969.889,5613156.1482,1639969.889,5603156.1482,,
8055,1629969.889,5603156.1482,1639969.889,5593156.1482,,
8056,1629969.889,5593156.1482,1639969.889,5583156.1482,,
8057,1629969.889,5583156.1482,1639969.889,5573156.1482,,
8058,1629969.889,5573156.1482,1639969.889,5563156.1482,,
8059,1629969.889,5563156.1482,1639969.889,5553156.1482,,
8060,1629969.889,5553156.1482,1639969.889,5543156.1482,,
8061,1629969.889,5543156.1482,1639969.889,5533156.1482,,
8062,1629969.889,5533156.1482,1639969.889,5523156.1482,,
8063,1629969.889,5523156.1482,1639969.889,5513156.1482,,
8064,1629969.889,5513156.1482,1639969.889,5503156.1482,,
8065,1629969.889,5503156.1482,1639969.889,5493156.1482,,
8066,1629969.889,5493156.1482,1639969.889,5483156.1482,,
8067,1629969.889,5483156.1482,1639969.889,5473156.1482,,
8068,1629969.889,5473156.1482,1639969.889,5463156.1482,,
8069,1629969.889,5463156.1482,1639969.889,5453156.1482,,
8070,1629969.889,5453156.1482,1639969.889,5443156.1482,43936701.8807,
8071,1629969.889,5443156.1482,1639969.889,5433156.1482,658582419.9497,1481278.923
8072,1629969.889,5433156.1482,1639969.889,5423156.1482,450884101.2546,44988279.045
8073,1629969.889,5423156.1482,1639969.889,5413156.1482,144284024.237,96341693.362
8074,1629969.889,5413156.1482,1639969.889,5403156.1482,77724152.5845,74156220.235
8075,1629969.889,5403156.1482,1639969.889,5393156.1482,47646672.6378,62598180.498
8076,1629969.889,5393156.1482,1639969.889,5383156.1482,47646675.1029,62598183.736
8077,1629969.889,5383156.1482,1639969.889,5373156.1482,47646673.5658,62598181.717
8078,1629969.889,5373156.1482,1639969.889,5363156.1482,48473732.5131,63192038.633
8079,1629969.889,5363156.1482,1639969.889,5353156.1482,61263298.8562,72333684.785
8080,1629969.889,5353156.1482,1639969.889,5343156.1482,64229440.5372,74457313.43
8081,1629969.889,5343156.1482,1639969.889,5333156.1482,75035467.1266,80604887.981
8082,1629969.889,5333156.1482,1639969.889,5323156.1482,158939422.2345,128332292.561
8083,1629969.889,5323156.1482,1639969.889,5313156.1482,305305005.0284,211592871.187
8084,1629969.889,5313156.1482,1639969.889,5303156.1482,288050659.8341,205029525.609
8085,1629969.889,5303156.1482,1639969.889,5293156.1482,238961000.1832,186328959.421
8086,1629969.889,5293156.1482,1639969.889,5283156.1482,222109264.7088,171820140.485
8087,1629969.889,5283156.1482,1639969.889,5273156.1482,140347096.9609,112608455.04
8088,1629969.889,5273156.1482,1639969.889,5263156.1482,54024228.4053,43346709.887
8089,1629969.889,5263156.1482,1639969.889,5253156.1482,1213909.6638,973988.738
8090,1629969.889,5253156.1482,1639969.889,5243156.1482,,
8091,1629969.889,5243156.1482,1639969.889,5233156.1482,,
8092,1629969.889,5233156.1482,1639969.889,5223156.1482,,
8093,1629969.889,5223156.1482,1639969.889,5213156.1482,,
8094,1629969.889,5213156.1482,1639969.889,5203156.1482,,
8095,1629969.889,5203156.1482,1639969.889,5193156.1482,,
8096,1629969.889,5193156.1482,1639969.889,5183156.1482,,
8097,1629969.889,5183156.1482,1639969.889,5173156.1482,,
8098,1629969.889,5173156.1482,1639969.889,5163156.1482,,
8099,1629969.889,5163156.1482,1639969.889,5153156.1482,,
8100,1629969.889,5153156.1482,1639969.889,5143156.1482,,
8101,1629969.889,5143156.1482,1639969.889,5133156.1482,,
8102,1629969.889,5133156.1482,1639969.889,5123156.1482,,
8103,1629969.889,5123156.1482,1639969.889,5113156.1482,,
8104,1629969.889,5113156.1482,1639969.889,5103156.1482,,
8105,1629969.889,5103156.1482,1639969.889,5093156.1482,,
8106,1629969.889,5093156.1482,1639969.889,5083156.1482,,
8107,1629969.889,5083156.1482,1639969.889,5073156.1482,,
8108,1629969.889,5073156.1482,1639969.889,5063156.1482,,
8109,1629969.889,5063156.1482,1639969.889,5053156.1482,,
8110,1629969.889,5053156.1482,1639969.889,5043156.1482,,
8111,1629969.889,5043156.1482,1639969.889,5033156.1482,,
8112,1629969.889,5033156.1482,1639969.889,5023156.1482,,
8113,1629969.889,5023156.1482,1639969.889,5013156.1482,,
8114,1629969.889,5013156.1482,1639969.889,5003156.1482,,
8115,1629969.889,5003156.1482,1639969.889,4993156.1482,,
8116,1629969.889,4993156.1482,1639969.889,4983156.1482,,
8117,1629969.889,4983156.1482,1639969.889,4973156.1482,,
8118,1629969.889,4973156.1482,1639969.889,4963156.1482,,
8119,1629969.889,4963156.1482,1639969.889,4953156.1482,,
8120,1629969.889,4953156.1482,1639969.889,4943156.1482,,
8121,1629969.889,4943156.1482,1639969.889,4933156.1482,,
8122,1629969.889,4933156.1482,1639969.889,4923156.1482,,
8123,1629969.889,4923156.1482,1639969.889,4913156.1482,,
8124,1629969.889,4913156.1482,1639969.889,4903156.1482,,
8125,1629969.889,4903156.1482,1639969.889,4893156.1482,,
8126,1629969.889,4893156.1482,1639969.889,4883156.1482,,
8127,1629969.889,4883156.1482,1639969.889,4873156.1482,,
8128,1629969.889,4873156.1482,1639969.889,4863156.1482,,
8129,1629969.889,4863156.1482,1639969.889,4853156.1482,,
8130,1629969.889,4853156.1482,1639969.889,4843156.1482,,
8131,1629969.889,4843156.1482,1639969.889,4833156.1482,,
8132,1629969.889,4833156.1482,1639969.889,4823156.1482,,
8133,1629969.889,4823156.1482,1639969.889,4813156.1482,,
8134,1629969.889,4813156.1482,1639969.889,4803156.1482,,
8135,1629969.889,4803156.1482,1639969.889,4793156.1482,,
8136,1629969.889,4793156.1482,1639969.889,4783156.1482,,
8137,1629969.889,4783156.1482,1639969.889,4773156.1482,,
8138,1629969.889,4773156.1482,1639969.889,4763156.1482,,
8139,1629969.889,4763156.1482,1639969.889,4753156.1482,,
8140,1629969.889,4753156.1482,1639969.889,4743156.1482,,
8141,1639969.889,6223156.1482,1649969.889,6213156.1482,,
8142,1639969.889,6213156.1482,1649969.889,6203156.1482,,
8143,1639969.889,6203156.1482,1649969.889,6193156.1482,,
8144,1639969.889,6193156.1482,1649969.889,6183156.1482,,
8145,1639969.889,6183156.1482,1649969.889,6173156.1482,,
8146,1639969.889,6173156.1482,1649969.889,6163156.1482,,
8147,1639969.889,6163156.1482,1649969.889,6153156.1482,,
8148,1639969.889,6153156.1482,1649969.889,6143156.1482,95190303.5181,43136684.168
8149,1639969.889,6143156.1482,1649969.889,6133156.1482,52153177.5793,24810751.97
8150,1639969.889,6133156.1482,1649969.889,6123156.1482,2749628722.9413,2012472442.337
8151,1639969.889,6123156.1482,1649969.889,6113156.1482,791146844.4802,672860508.57
8152,1639969.889,6113156.1482,1649969.889,6103156.1482,356439994.5164,387046097.991
8153,1639969.889,6103156.1482,1649969.889,6093156.1482,184093750.6393,208379224.188
8154,1639969.889,6093156.1482,1649969.889,6083156.1482,164033910.2902,172166653.546
8155,1639969.889,6083156.1482,1649969.889,6073156.1482,369900780.7199,198712523.774
8156,1639969.889,6073156.1482,1649969.889,6063156.1482,339867348.2498,184806477.306
8157,1639969.889,6063156.1482,1649969.889,6053156.1482,265409365.6306,164917136.458
8158,1639969.889,6053156.1482,1649969.889,6043156.1482,99578615.983,99494326.747
8159,1639969.889,6043156.1482,1649969.889,6033156.1482,7225.4281,7260.409
8160,1639969.889,6033156.1482,1649969.889,6023156.1482,,
8161,1639969.889,6023156.1482,1649969.889,6013156.1482,,
8162,1639969.889,6013156.1482,1649969.889,6003156.1482,,
8163,1639969.889,6003156.1482,1649969.889,5993156.1482,,
8164,1639969.889,5993156.1482,1649969.889,5983156.1482,,
8165,1639969.889,5983156.1482,1649969.889,5973156.1482,,
8166,1639969.889,5973156.1482,1649969.889,5963156.1482,,
8167,1639969.889,5963156.1482,1649969.889,5953156.1482,,
8168,1639969.889,5953156.1482,1649969.889,5943156.1482,,
8169,1639969.889,5943156.1482,1649969.889,5933156.1482,,
8170,1639969.889,5933156.1482,1649969.889,5923156.1482,,
8171,1639969.889,5923156.1482,1649969.889,5913156.1482,,
8172,1639969.889,5913156.1482,1649969.889,5903156.1482,,
8173,1639969.889,5903156.1482,1649969.889,5893156.1482,,
8174,1639969.889,5893156.1482,1649969.889,5883156.1482,,
8175,1639969.889,5883156.1482,1649969.889,5873156.1482,,
8176,1639969.889,5873156.1482,1649969.889,5863156.1482,,
8177,1639969.889,5863156.1482,1649969.889,5853156.1482,,
8178,1639969.889,5853156.1482,1649969.889,5843156.1482,,
8179,1639969.889,5843156.1482,1649969.889,5833156.1482,,
8180,1639969.889,5833156.1482,1649969.889,5823156.1482,,
8181,1639969.889,5823156.1482,1649969.889,5813156.1482,,
8182,1639969.889,5813156.1482,1649969.889,5803156.1482,,
8183,1639969.889,5803156.1482,1649969.889,5793156.1482,,
8184,1639969.889,5793156.1482,1649969.889,5783156.1482,,
8185,1639969.889,5783156.1482,1649969.889,5773156.1482,,
8186,1639969.889,5773156.1482,1649969.889,5763156.1482,,
8187,1639969.889,5763156.1482,1649969.889,5753156.1482,,
8188,1639969.889,5753156.1482,1649969.889,5743156.1482,,
8189,1639969.889,5743156.1482,1649969.889,5733156.1482,,
8190,1639969.889,5733156.1482,1649969.889,5723156.1482,,
8191,1639969.889,5723156.1482,1649969.889,5713156.1482,,
8192,1639969.889,5713156.1482,1649969.889,5703156.1482,,
8193,1639969.889,5703156.1482,1649969.889,5693156.1482,,
8194,1639969.889,5693156.1482,1649969.889,5683156.1482,,
8195,1639969.889,5683156.1482,1649969.889,5673156.1482,,
8196,1639969.889,5673156.1482,1649969.889,5663156.1482,,
8197,1639969.889,5663156.1482,1649969.889,5653156.1482,,
8198,1639969.889,5653156.1482,1649969.889,5643156.1482,,
8199,1639969.889,5643156.1482,1649969.889,5633156.1482,,
8200,1639969.889,5633156.1482,1649969.889,5623156.1482,,
8201,1639969.889,5623156.1482,1649969.889,5613156.1482,,
8202,1639969.889,5613156.1482,1649969.889,5603156.1482,,
8203,1639969.889,5603156.1482,1649969.889,5593156.1482,,
8204,1639969.889,5593156.1482,1649969.889,5583156.1482,,
8205,1639969.889,5583156.1482,1649969.889,5573156.1482,,
8206,1639969.889,5573156.1482,1649969.889,5563156.1482,,
8207,1639969.889,5563156.1482,1649969.889,5553156.1482,,
8208,1639969.889,5553156.1482,1649969.889,5543156.1482,,
8209,1639969.889,5543156.1482,1649969.889,5533156.1482,,
8210,1639969.889,5533156.1482,1649969.889,5523156.1482,,
8211,1639969.889,5523156.1482,1649969.889,5513156.1482,,
8212,1639969.889,5513156.1482,1649969.889,5503156.1482,,
8213,1639969.889,5503156.1482,1649969.889,5493156.1482,,
8214,1639969.889,5493156.1482,1649969.889,5483156.1482,,
8215,1639969.889,5483156.1482,1649969.889,5473156.1482,,
8216,1639969.889,5473156.1482,1649969.889,5463156.1482,,
8217,1639969.889,5463156.1482,1649969.889,5453156.1482,14888188.7463,4784.392
8218,1639969.889,5453156.1482,1649969.889,5443156.1482,411946916.9745,7614794.837
8219,1639969.889,5443156.1482,1649969.889,5433156.1482,366218678.812,59163719.771
8220,1639969.889,5433156.1482,1649969.889,5423156.1482,138143613.438,97373033.813
8221,1639969.889,5423156.1482,1649969.889,5413156.1482,138143613.0986,97373033.574
8222,1639969.889,5413156.1482,1649969.889,5403156.1482,64348110.0482,69015256.901
8223,1639969.889,5403156.1482,1649969.889,5393156.1482,47645736.5336,62596950.644
8224,1639969.889,5393156.1482,1649969.889,5383156.1482,47645736.3653,62596950.423
8225,1639969.889,5383156.1482,1649969.889,5373156.1482,47645737.2461,62596951.58
8226,1639969.889,5373156.1482,1649969.889,5363156.1482,59078749.3867,70773245.497
8227,1639969.889,5363156.1482,1649969.889,5353156.1482,64228175.3371,74455846.76
8228,1639969.889,5353156.1482,1649969.889,5343156.1482,97999577.5489,93669938.528
8229,1639969.889,5343156.1482,1649969.889,5333156.1482,285925521.1609,200564840.232
8230,1639969.889,5333156.1482,1649969.889,5323156.1482,305254723.7347,211563576.607
8231,1639969.889,5323156.1482,1649969.889,5313156.1482,305298992.7858,211588704.378
8232,1639969.889,5313156.1482,1649969.889,5303156.1482,305298992.3202,211588704.056
8233,1639969.889,5303156.1482,1649969.889,5293156.1482,158594808.7855,109914775.04
8234,1639969.889,5293156.1482,1649969.889,5283156.1482,28889160.2855,20419348.821
8235,1639969.889,5283156.1482,1649969.889,5273156.1482,,
8236,1639969.889,5273156.1482,1649969.889,5263156.1482,,
8237,1639969.889,5263156.1482,1649969.889,5253156.1482,,
8238,1639969.889,5253156.1482,1649969.889,5243156.1482,,
8239,1639969.889,5243156.1482,1649969.889,5233156.1482,,
8240,1639969.889,5233156.1482,1649969.889,5223156.1482,,
8241,1639969.889,5223156.1482,1649969.889,5213156.1482,,
8242,1639969.889,5213156.1482,1649969.889,5203156.1482,,
8243,1639969.889,5203156.1482,1649969.889,5193156.1482,,
8244,1639969.889,5193156.1482,1649969.889,5183156.1482,,
8245,1639969.889,5183156.1482,1649969.889,5173156.1482,,
8246,1639969.889,5173156.1482,1649969.889,5163156.1482,,
8247,1639969.889,5163156.1482,1649969.889,5153156.1482,,
8248,1639969.889,5153156.1482,1649969.889,5143156.1482,,
8249,1639969.889,5143156.1482,1649969.889,5133156.1482,,
8250,1639969.889,5133156.1482,1649969.889,5123156.1482,,
8251,1639969.889,5123156.1482,1649969.889,5113156.1482,,
8252,1639969.889,5113156.1482,1649969.889,5103156.1482,,
8253,1639969.889,5103156.1482,1649969.889,5093156.1482,,
8254,1639969.889,5093156.1482,1649969.889,5083156.1482,,
8255,1639969.889,5083156.1482,1649969.889,5073156.1482,,
8256,1639969.889,5073156.1482,1649969.889,5063156.1482,,
8257,1639969.889,5063156.1482,1649969.889,5053156.1482,,
8258,1639969.889,5053156.1482,1649969.889,5043156.1482,,
8259,1639969.889,5043156.1482,1649969.889,5033156.1482,,
8260,1639969.889,5033156.1482,1649969.889,5023156.1482,,
8261,1639969.889,5023156.1482,1649969.889,5013156.1482,,
8262,1639969.889,5013156.1482,1649969.889,5003156.1482,,
8263,1639969.889,5003156.1482,1649969.889,4993156.1482,,
8264,1639969.889,4993156.1482,1649969.889,4983156.1482,,
8265,1639969.889,4983156.1482,1649969.889,4973156.1482,,
8266,1639969.889,4973156.1482,1649969.889,4963156.1482,,
8267,1639969.889,4963156.1482,1649969.889,4953156.1482,,
8268,1639969.889,4953156.1482,1649969.889,4943156.1482,,
8269,1639969.889,4943156.1482,1649969.889,4933156.1482,,
8270,1639969.889,4933156.1482,1649969.889,4923156.1482,,
8271,1639969.889,4923156.1482,1649969.889,4913156.1482,,
8272,1639969.889,4913156.1482,1649969.889,4903156.1482,,
8273,1639969.889,4903156.1482,1649969.889,4893156.1482,,
8274,1639969.889,4893156.1482,1649969.889,4883156.1482,,
8275,1639969.889,4883156.1482,1649969.889,4873156.1482,,
8276,1639969.889,4873156.1482,1649969.889,4863156.1482,,
8277,1639969.889,4863156.1482,1649969.889,4853156.1482,,
8278,1639969.889,4853156.1482,1649969.889,4843156.1482,,
8279,1639969.889,4843156.1482,1649969.889,4833156.1482,,
8280,1639969.889,4833156.1482,1649969.889,4823156.1482,,
8281,1639969.889,4823156.1482,1649969.889,4813156.1482,,
8282,1639969.889,4813156.1482,1649969.889,4803156.1482,,
8283,1639969.889,4803156.1482,1649969.889,4793156.1482,,
8284,1639969.889,4793156.1482,1649969.889,4783156.1482,,
8285,1639969.889,4783156.1482,1649969.889,4773156.1482,,
8286,1639969.889,4773156.1482,1649969.889,4763156.1482,,
8287,1639969.889,4763156.1482,1649969.889,4753156.1482,,
8288,1639969.889,4753156.1482,1649969.889,4743156.1482,,
8289,1649969.889,6223156.1482,1659969.889,6213156.1482,,
8290,1649969.889,6213156.1482,1659969.889,6203156.1482,,
8291,1649969.889,6203156.1482,1659969.889,6193156.1482,,
8292,1649969.889,6193156.1482,1659969.889,6183156.1482,,
8293,1649969.889,6183156.1482,1659969.889,6173156.1482,,
8294,1649969.889,6173156.1482,1659969.889,6163156.1482,,
8295,1649969.889,6163156.1482,1659969.889,6153156.1482,,
8296,1649969.889,6153156.1482,1659969.889,6143156.1482,,
8297,1649969.889,6143156.1482,1659969.889,6133156.1482,55451145.7262,33531421.35
8298,1649969.889,6133156.1482,1659969.889,6123156.1482,796255363.6677,445596755.541
8299,1649969.889,6123156.1482,1659969.889,6113156.1482,840045427.5026,447727499.868
8300,1649969.889,6113156.1482,1659969.889,6103156.1482,442975285.9226,289758324.492
8301,1649969.889,6103156.1482,1659969.889,6093156.1482,185180788.7332,249932534.623
8302,1649969.889,6093156.1482,1659969.889,6083156.1482,150267805.5801,202793272.839
8303,1649969.889,6083156.1482,1659969.889,6073156.1482,131482133.3327,140174282.426
8304,1649969.889,6073156.1482,1659969.889,6063156.1482,136828566.3657,104188513.262
8305,1649969.889,6063156.1482,1659969.889,6053156.1482,285252445.2489,219359419.426
8306,1649969.889,6053156.1482,1659969.889,6043156.1482,299717384.6534,301168437.1
8307,1649969.889,6043156.1482,1659969.889,6033156.1482,172899115.1899,173736189.37
8308,1649969.889,6033156.1482,1659969.889,6023156.1482,7299006.5361,7334343.963
8309,1649969.889,6023156.1482,1659969.889,6013156.1482,,
8310,1649969.889,6013156.1482,1659969.889,6003156.1482,,
8311,1649969.889,6003156.1482,1659969.889,5993156.1482,,
8312,1649969.889,5993156.1482,1659969.889,5983156.1482,,
8313,1649969.889,5983156.1482,1659969.889,5973156.1482,,
8314,1649969.889,5973156.1482,1659969.889,5963156.1482,,
8315,1649969.889,5963156.1482,1659969.889,5953156.1482,,
8316,1649969.889,5953156.1482,1659969.889,5943156.1482,,
8317,1649969.889,5943156.1482,1659969.889,5933156.1482,,
8318,1649969.889,5933156.1482,1659969.889,5923156.1482,,
8319,1649969.889,5923156.1482,1659969.889,5913156.1482,,
8320,1649969.889,5913156.1482,1659969.889,5903156.1482,,
8321,1649969.889,5903156.1482,1659969.889,5893156.1482,,
8322,1649969.889,5893156.1482,1659969.889,5883156.1482,,
8323,1649969.889,5883156.1482,1659969.889,5873156.1482,,
8324,1649969.889,5873156.1482,1659969.889,5863156.1482,,
8325,1649969.889,5863156.1482,1659969.889,5853156.1482,,
8326,1649969.889,5853156.1482,1659969.889,5843156.1482,,
8327,1649969.889,5843156.1482,1659969.889,5833156.1482,,
8328,1649969.889,5833156.1482,1659969.889,5823156.1482,,
8329,1649969.889,5823156.1482,1659969.889,5813156.1482,,
8330,1649969.889,5813156.1482,1659969.889,5803156.1482,,
8331,1649969.889,5803156.1482,1659969.889,5793156.1482,,
8332,1649969.889,5793156.1482,1659969.889,5783156.1482,,
8333,1649969.889,5783156.1482,1659969.889,5773156.1482,,
8334,1649969.889,5773156.1482,1659969.889,5763156.1482,,
8335,1649969.889,5763156.1482,1659969.889,5753156.1482,,
8336,1649969.889,5753156.1482,1659969.889,5743156.1482,,
8337,1649969.889,5743156.1482,1659969.889,5733156.1482,,
8338,1649969.889,5733156.1482,1659969.889,5723156.1482,,
8339,1649969.889,5723156.1482,1659969.889,5713156.1482,,
8340,1649969.889,5713156.1482,1659969.889,5703156.1482,,
8341,1649969.889,5703156.1482,1659969.889,5693156.1482,,
8342,1649969.889,5693156.1482,1659969.889,5683156.1482,,
8343,1649969.889,5683156.1482,1659969.889,5673156.1482,,
8344,1649969.889,5673156.1482,1659969.889,5663156.1482,,
8345,1649969.889,5663156.1482,1659969.889,5653156.1482,,
8346,1649969.889,5653156.1482,1659969.889,5643156.1482,,
8347,1649969.889,5643156.1482,1659969.889,5633156.1482,,
8348,1649969.889,5633156.1482,1659969.889,5623156.1482,,
8349,1649969.889,5623156.1482,1659969.889,5613156.1482,,
8350,1649969.889,5613156.1482,1659969.889,5603156.1482,,
8351,1649969.889,5603156.1482,1659969.889,5593156.1482,,
8352,1649969.889,5593156.1482,1659969.889,5583156.1482,,
8353,1649969.889,5583156.1482,1659969.889,5573156.1482,,
8354,1649969.889,5573156.1482,1659969.889,5563156.1482,,
8355,1649969.889,5563156.1482,1659969.889,5553156.1482,,
8356,1649969.889,5553156.1482,1659969.889,5543156.1482,,
8357,1649969.889,5543156.1482,1659969.889,5533156.1482,,
8358,1649969.889,5533156.1482,1659969.889,5523156.1482,,
8359,1649969.889,5523156.1482,1659969.889,5513156.1482,,
8360,1649969.889,5513156.1482,1659969.889,5503156.1482,,
8361,1649969.889,5503156.1482,1659969.889,5493156.1482,,
8362,1649969.889,5493156.1482,1659969.889,5483156.1482,,
8363,1649969.889,5483156.1482,1659969.889,5473156.1482,,
8364,1649969.889,5473156.1482,1659969.889,5463156.1482,,
8365,1649969.889,5463156.1482,1659969.889,5453156.1482,21313225.4943,13074930
8366,1649969.889,5453156.1482,1659969.889,5443156.1482,122351099.3425,85402611.116
8367,1649969.889,5443156.1482,1659969.889,5433156.1482,138140214.1507,97370637.763
8368,1649969.889,5433156.1482,1659969.889,5423156.1482,138140211.809,97370636.113
8369,1649969.889,5423156.1482,1659969.889,5413156.1482,126726289.0211,92988004.51
8370,1649969.889,5413156.1482,1659969.889,5403156.1482,49838515.7657,63435051.145
8371,1649969.889,5403156.1482,1659969.889,5393156.1482,47644564.6801,62595411.064
8372,1649969.889,5393156.1482,1659969.889,5383156.1482,47644563.7112,62595409.791
8373,1649969.889,5383156.1482,1659969.889,5373156.1482,51143108.8183,65099616.271
8374,1649969.889,5373156.1482,1659969.889,5363156.1482,62496712.8266,73214639.703
8375,1649969.889,5363156.1482,1659969.889,5353156.1482,72092733.5346,78930609.388
8376,1649969.889,5353156.1482,1659969.889,5343156.1482,256782692.5426,183987360.968
8377,1649969.889,5343156.1482,1659969.889,5333156.1482,305291480.3978,211583497.887
8378,1649969.889,5333156.1482,1659969.889,5323156.1482,305291482.7872,211583499.543
8379,1649969.889,5323156.1482,1659969.889,5313156.1482,305291481.7568,211583498.829
8380,1649969.889,5313156.1482,1659969.889,5303156.1482,2450505573.93,1287609363.977
8381,1649969.889,5303156.1482,1659969.889,5293156.1482,648819173.8097,332124313.77
8382,1649969.889,5293156.1482,1659969.889,5283156.1482,,
8383,1649969.889,5283156.1482,1659969.889,5273156.1482,,
8384,1649969.889,5273156.1482,1659969.889,5263156.1482,,
8385,1649969.889,5263156.1482,1659969.889,5253156.1482,,
8386,1649969.889,5253156.1482,1659969.889,5243156.1482,,
8387,1649969.889,5243156.1482,1659969.889,5233156.1482,,
8388,1649969.889,5233156.1482,1659969.889,5223156.1482,,
8389,1649969.889,5223156.1482,1659969.889,5213156.1482,,
8390,1649969.889,5213156.1482,1659969.889,5203156.1482,,
8391,1649969.889,5203156.1482,1659969.889,5193156.1482,,
8392,1649969.889,5193156.1482,1659969.889,5183156.1482,,
8393,1649969.889,5183156.1482,1659969.889,5173156.1482,,
8394,1649969.889,5173156.1482,1659969.889,5163156.1482,,
8395,1649969.889,5163156.1482,1659969.889,5153156.1482,,
8396,1649969.889,5153156.1482,1659969.889,5143156.1482,,
8397,1649969.889,5143156.1482,1659969.889,5133156.1482,,
8398,1649969.889,5133156.1482,1659969.889,5123156.1482,,
8399,1649969.889,5123156.1482,1659969.889,5113156.1482,,
8400,1649969.889,5113156.1482,1659969.889,5103156.1482,,
8401,1649969.889,5103156.1482,1659969.889,5093156.1482,,
8402,1649969.889,5093156.1482,1659969.889,5083156.1482,,
8403,1649969.889,5083156.1482,1659969.889,5073156.1482,,
8404,1649969.889,5073156.1482,1659969.889,5063156.1482,,
8405,1649969.889,5063156.1482,1659969.889,5053156.1482,,
8406,1649969.889,5053156.1482,1659969.889,5043156.1482,,
8407,1649969.889,5043156.1482,1659969.889,5033156.1482,,
8408,1649969.889,5033156.1482,1659969.889,5023156.1482,,
8409,1649969.889,5023156.1482,1659969.889,5013156.1482,,
8410,1649969.889,5013156.1482,1659969.889,5003156.1482,,
8411,1649969.889,5003156.1482,1659969.889,4993156.1482,,
8412,1649969.889,4993156.1482,1659969.889,4983156.1482,,
8413,1649969.889,4983156.1482,1659969.889,4973156.1482,,
8414,1649969.889,4973156.1482,1659969.889,4963156.1482,,
8415,1649969.889,4963156.1482,1659969.889,4953156.1482,,
8416,1649969.889,4953156.1482,1659969.889,4943156.1482,,
8417,1649969.889,4943156.1482,1659969.889,4933156.1482,,
8418,1649969.889,4933156.1482,1659969.889,4923156.1482,,
8419,1649969.889,4923156.1482,1659969.889,4913156.1482,,
8420,1649969.889,4913156.1482,1659969.889,4903156.1482,,
8421,1649969.889,4903156.1482,1659969.889,4893156.1482,,
8422,1649969.889,4893156.1482,1659969.889,4883156.1482,,
8423,1649969.889,4883156.1482,1659969.889,4873156.1482,,
8424,1649969.889,4873156.1482,1659969.889,4863156.1482,,
8425,1649969.889,4863156.1482,1659969.889,4853156.1482,,
8426,1649969.889,4853156.1482,1659969.889,4843156.1482,,
8427,1649969.889,4843156.1482,1659969.889,4833156.1482,,
8428,1649969.889,4833156.1482,1659969.889,4823156.1482,,
8429,1649969.889,4823156.1482,1659969.889,4813156.1482,,
8430,1649969.889,4813156.1482,1659969.889,4803156.1482,,
8431,1649969.889,4803156.1482,1659969.889,4793156.1482,,
8432,1649969.889,4793156.1482,1659969.889,4783156.1482,,
8433,1649969.889,4783156.1482,1659969.889,4773156.1482,,
8434,1649969.889,4773156.1482,1659969.889,4763156.1482,,
8435,1649969.889,4763156.1482,1659969.889,4753156.1482,,
8436,1649969.889,4753156.1482,1659969.889,4743156.1482,,
8437,1659969.889,6223156.1482,1669969.889,6213156.1482,,
8438,1659969.889,6213156.1482,1669969.889,6203156.1482,,
8439,1659969.889,6203156.1482,1669969.889,6193156.1482,,
8440,1659969.889,6193156.1482,1669969.889,6183156.1482,,
8441,1659969.889,6183156.1482,1669969.889,6173156.1482,,
8442,1659969.889,6173156.1482,1669969.889,6163156.1482,,
8443,1659969.889,6163156.1482,1669969.889,6153156.1482,,
8444,1659969.889,6153156.1482,1669969.889,6143156.1482,,
8445,1659969.889,6143156.1482,1669969.889,6133156.1482,,
8446,1659969.889,6133156.1482,1669969.889,6123156.1482,439883932.6996,174918384.059
8447,1659969.889,6123156.1482,1669969.889,6113156.1482,506558770.8249,247197557.809
8448,1659969.889,6113156.1482,1669969.889,6103156.1482,337075484.8452,262053863.941
8449,1659969.889,6103156.1482,1669969.889,6093156.1482,310909563.612,398962849.372
8450,1659969.889,6093156.1482,1669969.889,6083156.1482,514859955.7028,725915882.122
8451,1659969.889,6083156.1482,1669969.889,6073156.1482,331897989.8323,471058842.871
8452,1659969.889,6073156.1482,1669969.889,6063156.1482,82598173.6052,96817718.472
8453,1659969.889,6063156.1482,1669969.889,6053156.1482,232131967.0573,241078091.808
8454,1659969.889,6053156.1482,1669969.889,6043156.1482,289693666.097,299949367.111
8455,1659969.889,6043156.1482,1669969.889,6033156.1482,299697443.0124,301821192.785
8456,1659969.889,6033156.1482,1669969.889,6023156.1482,238672930.4192,239828442.102
8457,1659969.889,6023156.1482,1669969.889,6013156.1482,42787652.2188,42994804.458
8458,1659969.889,6013156.1482,1669969.889,6003156.1482,,
8459,1659969.889,6003156.1482,1669969.889,5993156.1482,,
8460,1659969.889,5993156.1482,1669969.889,5983156.1482,,
8461,1659969.889,5983156.1482,1669969.889,5973156.1482,,
8462,1659969.889,5973156.1482,1669969.889,5963156.1482,,
8463,1659969.889,5963156.1482,1669969.889,5953156.1482,,
8464,1659969.889,5953156.1482,1669969.889,5943156.1482,,
8465,1659969.889,5943156.1482,1669969.889,5933156.1482,,
8466,1659969.889,5933156.1482,1669969.889,5923156.1482,,
8467,1659969.889,5923156.1482,1669969.889,5913156.1482,,
8468,1659969.889,5913156.1482,1669969.889,5903156.1482,,
8469,1659969.889,5903156.1482,1669969.889,5893156.1482,,
8470,1659969.889,5893156.1482,1669969.889,5883156.1482,,
8471,1659969.889,5883156.1482,1669969.889,5873156.1482,,
8472,1659969.889,5873156.1482,1669969.889,5863156.1482,,
8473,1659969.889,5863156.1482,1669969.889,5853156.1482,,
8474,1659969.889,5853156.1482,1669969.889,5843156.1482,,
8475,1659969.889,5843156.1482,1669969.889,5833156.1482,,
8476,1659969.889,5833156.1482,1669969.889,5823156.1482,,
8477,1659969.889,5823156.1482,1669969.889,5813156.1482,,
8478,1659969.889,5813156.1482,1669969.889,5803156.1482,,
8479,1659969.889,5803156.1482,1669969.889,5793156.1482,,
8480,1659969.889,5793156.1482,1669969.889,5783156.1482,,
8481,1659969.889,5783156.1482,1669969.889,5773156.1482,,
8482,1659969.889,5773156.1482,1669969.889,5763156.1482,,
8483,1659969.889,5763156.1482,1669969.889,5753156.1482,,
8484,1659969.889,5753156.1482,1669969.889,5743156.1482,,
8485,1659969.889,5743156.1482,1669969.889,5733156.1482,,
8486,1659969.889,5733156.1482,1669969.889,5723156.1482,,
8487,1659969.889,5723156.1482,1669969.889,5713156.1482,,
8488,1659969.889,5713156.1482,1669969.889,5703156.1482,,
8489,1659969.889,5703156.1482,1669969.889,5693156.1482,,
8490,1659969.889,5693156.1482,1669969.889,5683156.1482,,
8491,1659969.889,5683156.1482,1669969.889,5673156.1482,,
8492,1659969.889,5673156.1482,1669969.889,5663156.1482,,
8493,1659969.889,5663156.1482,1669969.889,5653156.1482,144421598.7103,144242298.001
8494,1659969.889,5653156.1482,1669969.889,5643156.1482,247139880.4722,246833054.095
8495,1659969.889,5643156.1482,1669969.889,5633156.1482,99239743.6958,99116536.664
8496,1659969.889,5633156.1482,1669969.889,5623156.1482,,
8497,1659969.889,5623156.1482,1669969.889,5613156.1482,,
8498,1659969.889,5613156.1482,1669969.889,5603156.1482,,
8499,1659969.889,5603156.1482,1669969.889,5593156.1482,,
8500,1659969.889,5593156.1482,1669969.889,5583156.1482,,
8501,1659969.889,5583156.1482,1669969.889,5573156.1482,,
8502,1659969.889,5573156.1482,1669969.889,5563156.1482,,
8503,1659969.889,5563156.1482,1669969.889,5553156.1482,,
8504,1659969.889,5553156.1482,1669969.889,5543156.1482,,
8505,1659969.889,5543156.1482,1669969.889,5533156.1482,,
8506,1659969.889,5533156.1482,1669969.889,5523156.1482,,
8507,1659969.889,5523156.1482,1669969.889,5513156.1482,,
8508,1659969.889,5513156.1482,1669969.889,5503156.1482,,
8509,1659969.889,5503156.1482,1669969.889,5493156.1482,,
8510,1659969.889,5493156.1482,1669969.889,5483156.1482,3448482.1683,2430725.261
8511,1659969.889,5483156.1482,1669969.889,5473156.1482,39283372.7081,27689598.41
8512,1659969.889,5473156.1482,1669969.889,5463156.1482,35845121.4176,25266084.569
8513,1659969.889,5463156.1482,1669969.889,5453156.1482,76274529.738,53763486.986
8514,1659969.889,5453156.1482,1669969.889,5443156.1482,115143956.1608,81161307.842
8515,1659969.889,5443156.1482,1669969.889,5433156.1482,132352304.5741,93290924.624
8516,1659969.889,5433156.1482,1669969.889,5423156.1482,344675239.5427,185872966.501
8517,1659969.889,5423156.1482,1669969.889,5413156.1482,468509879.884,268997681.447
8518,1659969.889,5413156.1482,1669969.889,5403156.1482,1809335111.8493,2390425377.442
8519,1659969.889,5403156.1482,1669969.889,5393156.1482,100636003.0819,138354608.423
8520,1659969.889,5393156.1482,1669969.889,5383156.1482,50088483.0242,64344614.559
8521,1659969.889,5383156.1482,1669969.889,5373156.1482,59306638.4915,70932381.434
8522,1659969.889,5373156.1482,1669969.889,5363156.1482,64224698.0303,74451815.728
8523,1659969.889,5363156.1482,1669969.889,5353156.1482,173037614.521,136349908.602
8524,1659969.889,5353156.1482,1669969.889,5343156.1482,305282462.7272,211577248.154
8525,1659969.889,5343156.1482,1669969.889,5333156.1482,305282468.3394,211577252.044
8526,1659969.889,5333156.1482,1669969.889,5323156.1482,304254984.248,210865150.03
8527,1659969.889,5323156.1482,1669969.889,5313156.1482,122528641.4319,84918971.574
8528,1659969.889,5313156.1482,1669969.889,5303156.1482,37224.8763,25798.851
8529,1659969.889,5303156.1482,1669969.889,5293156.1482,,
8530,1659969.889,5293156.1482,1669969.889,5283156.1482,,
8531,1659969.889,5283156.1482,1669969.889,5273156.1482,,
8532,1659969.889,5273156.1482,1669969.889,5263156.1482,,
8533,1659969.889,5263156.1482,1669969.889,5253156.1482,,
8534,1659969.889,5253156.1482,1669969.889,5243156.1482,,
8535,1659969.889,5243156.1482,1669969.889,5233156.1482,,
8536,1659969.889,5233156.1482,1669969.889,5223156.1482,,
8537,1659969.889,5223156.1482,1669969.889,5213156.1482,,
8538,1659969.889,5213156.1482,1669969.889,5203156.1482,,
8539,1659969.889,5203156.1482,1669969.889,5193156.1482,,
8540,1659969.889,5193156.1482,1669969.889,5183156.1482,,
8541,1659969.889,5183156.1482,1669969.889,5173156.1482,,
8542,1659969.889,5173156.1482,1669969.889,5163156.1482,,
8543,1659969.889,5163156.1482,1669969.889,5153156.1482,,
8544,1659969.889,5153156.1482,1669969.889,5143156.1482,,
8545,1659969.889,5143156.1482,1669969.889,5133156.1482,,
8546,1659969.889,5133156.1482,1669969.889,5123156.1482,,
8547,1659969.889,5123156.1482,1669969.889,5113156.1482,,
8548,1659969.889,5113156.1482,1669969.889,5103156.1482,,
8549,1659969.889,5103156.1482,1669969.889,5093156.1482,,
8550,1659969.889,5093156.1482,1669969.889,5083156.1482,,
8551,1659969.889,5083156.1482,1669969.889,5073156.1482,,
8552,1659969.889,5073156.1482,1669969.889,5063156.1482,,
8553,1659969.889,5063156.1482,1669969.889,5053156.1482,,
8554,1659969.889,5053156.1482,1669969.889,5043156.1482,,
8555,1659969.889,5043156.1482,1669969.889,5033156.1482,,
8556,1659969.889,5033156.1482,1669969.889,5023156.1482,,
8557,1659969.889,5023156.1482,1669969.889,5013156.1482,,
8558,1659969.889,5013156.1482,1669969.889,5003156.1482,,
8559,1659969.889,5003156.1482,1669969.889,4993156.1482,,
8560,1659969.889,4993156.1482,1669969.889,4983156.1482,,
8561,1659969.889,4983156.1482,1669969.889,4973156.1482,,
8562,1659969.889,4973156.1482,1669969.889,4963156.1482,,
8563,1659969.889,4963156.1482,1669969.889,4953156.1482,,
8564,1659969.889,4953156.1482,1669969.889,4943156.1482,,
8565,1659969.889,4943156.1482,1669969.889,4933156.1482,,
8566,1659969.889,4933156.1482,1669969.889,4923156.1482,,
8567,1659969.889,4923156.1482,1669969.889,4913156.1482,,
8568,1659969.889,4913156.1482,1669969.889,4903156.1482,,
8569,1659969.889,4903156.1482,1669969.889,4893156.1482,,
8570,1659969.889,4893156.1482,1669969.889,4883156.1482,,
8571,1659969.889,4883156.1482,1669969.889,4873156.1482,,
8572,1659969.889,4873156.1482,1669969.889,4863156.1482,,
8573,1659969.889,4863156.1482,1669969.889,4853156.1482,,
8574,1659969.889,4853156.1482,1669969.889,4843156.1482,,
8575,1659969.889,4843156.1482,1669969.889,4833156.1482,,
8576,1659969.889,4833156.1482,1669969.889,4823156.1482,,
8577,1659969.889,4823156.1482,1669969.889,4813156.1482,,
8578,1659969.889,4813156.1482,1669969.889,4803156.1482,,
8579,1659969.889,4803156.1482,1669969.889,4793156.1482,,
8580,1659969.889,4793156.1482,1669969.889,4783156.1482,,
8581,1659969.889,4783156.1482,1669969.889,4773156.1482,,
8582,1659969.889,4773156.1482,1669969.889,4763156.1482,,
8583,1659969.889,4763156.1482,1669969.889,4753156.1482,,
8584,1659969.889,4753156.1482,1669969.889,4743156.1482,,
8585,1669969.889,6223156.1482,1679969.889,6213156.1482,,
8586,1669969.889,6213156.1482,1679969.889,6203156.1482,,
8587,1669969.889,6203156.1482,1679969.889,6193156.1482,,
8588,1669969.889,6193156.1482,1679969.889,6183156.1482,,
8589,1669969.889,6183156.1482,1679969.889,6173156.1482,,
8590,1669969.889,6173156.1482,1679969.889,6163156.1482,,
8591,1669969.889,6163156.1482,1679969.889,6153156.1482,,
8592,1669969.889,6153156.1482,1679969.889,6143156.1482,,
8593,1669969.889,6143156.1482,1679969.889,6133156.1482,,
8594,1669969.889,6133156.1482,1679969.889,6123156.1482,273703926.2738,90289302.804
8595,1669969.889,6123156.1482,1679969.889,6113156.1482,719241963.6416,276917898.427
8596,1669969.889,6113156.1482,1679969.889,6103156.1482,1128973537.759,1390065308.668
8597,1669969.889,6103156.1482,1679969.889,6093156.1482,1167754297.5747,1623991899.439
8598,1669969.889,6093156.1482,1679969.889,6083156.1482,1152268103.577,1692470723.286
8599,1669969.889,6083156.1482,1679969.889,6073156.1482,2471752780.3583,3787164752.36
8600,1669969.889,6073156.1482,1679969.889,6063156.1482,98487514.5301,130534726.534
8601,1669969.889,6063156.1482,1679969.889,6053156.1482,130122588.6022,184502706.085
8602,1669969.889,6053156.1482,1679969.889,6043156.1482,205591443.173,304026383.085
8603,1669969.889,6043156.1482,1679969.889,6033156.1482,299356038.7711,368084497.968
8604,1669969.889,6033156.1482,1679969.889,6023156.1482,1095906925.2684,1612685157.988
8605,1669969.889,6023156.1482,1679969.889,6013156.1482,2161314412.4867,3280756839.299
8606,1669969.889,6013156.1482,1679969.889,6003156.1482,116095543.1686,116657608.403
8607,1669969.889,6003156.1482,1679969.889,5993156.1482,411833.7594,413827.612
8608,1669969.889,5993156.1482,1679969.889,5983156.1482,,
8609,1669969.889,5983156.1482,1679969.889,5973156.1482,,
8610,1669969.889,5973156.1482,1679969.889,5963156.1482,,
8611,1669969.889,5963156.1482,1679969.889,5953156.1482,,
8612,1669969.889,5953156.1482,1679969.889,5943156.1482,,
8613,1669969.889,5943156.1482,1679969.889,5933156.1482,,
8614,1669969.889,5933156.1482,1679969.889,5923156.1482,,
8615,1669969.889,5923156.1482,1679969.889,5913156.1482,,
8616,1669969.889,5913156.1482,1679969.889,5903156.1482,,
8617,1669969.889,5903156.1482,1679969.889,5893156.1482,,
8618,1669969.889,5893156.1482,1679969.889,5883156.1482,,
8619,1669969.889,5883156.1482,1679969.889,5873156.1482,,
8620,1669969.889,5873156.1482,1679969.889,5863156.1482,,
8621,1669969.889,5863156.1482,1679969.889,5853156.1482,,
8622,1669969.889,5853156.1482,1679969.889,5843156.1482,,
8623,1669969.889,5843156.1482,1679969.889,5833156.1482,,
8624,1669969.889,5833156.1482,1679969.889,5823156.1482,,
8625,1669969.889,5823156.1482,1679969.889,5813156.1482,,
8626,1669969.889,5813156.1482,1679969.889,5803156.1482,,
8627,1669969.889,5803156.1482,1679969.889,5793156.1482,,
8628,1669969.889,5793156.1482,1679969.889,5783156.1482,,
8629,1669969.889,5783156.1482,1679969.889,5773156.1482,,
8630,1669969.889,5773156.1482,1679969.889,5763156.1482,,
8631,1669969.889,5763156.1482,1679969.889,5753156.1482,,
8632,1669969.889,5753156.1482,1679969.889,5743156.1482,,
8633,1669969.889,5743156.1482,1679969.889,5733156.1482,,
8634,1669969.889,5733156.1482,1679969.889,5723156.1482,,
8635,1669969.889,5723156.1482,1679969.889,5713156.1482,,
8636,1669969.889,5713156.1482,1679969.889,5703156.1482,,
8637,1669969.889,5703156.1482,1679969.889,5693156.1482,,
8638,1669969.889,5693156.1482,1679969.889,5683156.1482,,
8639,1669969.889,5683156.1482,1679969.889,5673156.1482,,
8640,1669969.889,5673156.1482,1679969.889,5663156.1482,553350357.5404,529108584.271
8641,1669969.889,5663156.1482,1679969.889,5653156.1482,836118655.9358,816822845.765
8642,1669969.889,5653156.1482,1679969.889,5643156.1482,564203177.4061,563502714.103
8643,1669969.889,5643156.1482,1679969.889,5633156.1482,933642290.2715,788945955.331
8644,1669969.889,5633156.1482,1679969.889,5623156.1482,1241187023.227,848875788.922
8645,1669969.889,5623156.1482,1679969.889,5613156.1482,,
8646,1669969.889,5613156.1482,1679969.889,5603156.1482,,
8647,1669969.889,5603156.1482,1679969.889,5593156.1482,,
8648,1669969.889,5593156.1482,1679969.889,5583156.1482,,
8649,1669969.889,5583156.1482,1679969.889,5573156.1482,,
8650,1669969.889,5573156.1482,1679969.889,5563156.1482,,
8651,1669969.889,5563156.1482,1679969.889,5553156.1482,,
8652,1669969.889,5553156.1482,1679969.889,5543156.1482,,
8653,1669969.889,5543156.1482,1679969.889,5533156.1482,,
8654,1669969.889,5533156.1482,1679969.889,5523156.1482,,
8655,1669969.889,5523156.1482,1679969.889,5513156.1482,,
8656,1669969.889,5513156.1482,1679969.889,5503156.1482,,
8657,1669969.889,5503156.1482,1679969.889,5493156.1482,,
8658,1669969.889,5493156.1482,1679969.889,5483156.1482,57598493.4826,40599343.783
8659,1669969.889,5483156.1482,1679969.889,5473156.1482,88070079.8558,62077794.625
8660,1669969.889,5473156.1482,1679969.889,5463156.1482,42632698.1841,30050431.276
8661,1669969.889,5463156.1482,1679969.889,5453156.1482,59617634.1667,39670009.152
8662,1669969.889,5453156.1482,1679969.889,5443156.1482,260600140.9399,138983561.314
8663,1669969.889,5443156.1482,1679969.889,5433156.1482,340518977.6791,176548474.246
8664,1669969.889,5433156.1482,1679969.889,5423156.1482,623197683.2705,315506221.655
8665,1669969.889,5423156.1482,1679969.889,5413156.1482,738294970.9387,652788724.397
8666,1669969.889,5413156.1482,1679969.889,5403156.1482,7856487402.1727,10471660308.661
8667,1669969.889,5403156.1482,1679969.889,5393156.1482,7065978679.639,9721845133.759
8668,1669969.889,5393156.1482,1679969.889,5383156.1482,61650785.6537,72607975.024
8669,1669969.889,5383156.1482,1679969.889,5373156.1482,64222484.6931,74449249.94
8670,1669969.889,5373156.1482,1679969.889,5363156.1482,64222484.5101,74449249.728
8671,1669969.889,5363156.1482,1679969.889,5353156.1482,195353170.1489,149042773.865
8672,1669969.889,5353156.1482,1679969.889,5343156.1482,302642189.2314,209747395.907
8673,1669969.889,5343156.1482,1679969.889,5333156.1482,221392942.7088,153437276.287
8674,1669969.889,5333156.1482,1679969.889,5323156.1482,112279734.4624,77815925.058
8675,1669969.889,5323156.1482,1679969.889,5313156.1482,,
8676,1669969.889,5313156.1482,1679969.889,5303156.1482,,
8677,1669969.889,5303156.1482,1679969.889,5293156.1482,,
8678,1669969.889,5293156.1482,1679969.889,5283156.1482,,
8679,1669969.889,5283156.1482,1679969.889,5273156.1482,,
8680,1669969.889,5273156.1482,1679969.889,5263156.1482,,
8681,1669969.889,5263156.1482,1679969.889,5253156.1482,,
8682,1669969.889,5253156.1482,1679969.889,5243156.1482,,
8683,1669969.889,5243156.1482,1679969.889,5233156.1482,,
8684,1669969.889,5233156.1482,1679969.889,5223156.1482,,
8685,1669969.889,5223156.1482,1679969.889,5213156.1482,,
8686,1669969.889,5213156.1482,1679969.889,5203156.1482,,
8687,1669969.889,5203156.1482,1679969.889,5193156.1482,,
8688,1669969.889,5193156.1482,1679969.889,5183156.1482,,
8689,1669969.889,5183156.1482,1679969.889,5173156.1482,,
8690,1669969.889,5173156.1482,1679969.889,5163156.1482,,
8691,1669969.889,5163156.1482,1679969.889,5153156.1482,,
8692,1669969.889,5153156.1482,1679969.889,5143156.1482,,
8693,1669969.889,5143156.1482,1679969.889,5133156.1482,,
8694,1669969.889,5133156.1482,1679969.889,5123156.1482,,
8695,1669969.889,5123156.1482,1679969.889,5113156.1482,,
8696,1669969.889,5113156.1482,1679969.889,5103156.1482,,
8697,1669969.889,5103156.1482,1679969.889,5093156.1482,,
8698,1669969.889,5093156.1482,1679969.889,5083156.1482,,
8699,1669969.889,5083156.1482,1679969.889,5073156.1482,,
8700,1669969.889,5073156.1482,1679969.889,5063156.1482,,
8701,1669969.889,5063156.1482,1679969.889,5053156.1482,,
8702,1669969.889,5053156.1482,1679969.889,5043156.1482,,
8703,1669969.889,5043156.1482,1679969.889,5033156.1482,,
8704,1669969.889,5033156.1482,1679969.889,5023156.1482,,
8705,1669969.889,5023156.1482,1679969.889,5013156.1482,,
8706,1669969.889,5013156.1482,1679969.889,5003156.1482,,
8707,1669969.889,5003156.1482,1679969.889,4993156.1482,,
8708,1669969.889,4993156.1482,1679969.889,4983156.1482,,
8709,1669969.889,4983156.1482,1679969.889,4973156.1482,,
8710,1669969.889,4973156.1482,1679969.889,4963156.1482,,
8711,1669969.889,4963156.1482,1679969.889,4953156.1482,,
8712,1669969.889,4953156.1482,1679969.889,4943156.1482,,
8713,1669969.889,4943156.1482,1679969.889,4933156.1482,,
8714,1669969.889,4933156.1482,1679969.889,4923156.1482,,
8715,1669969.889,4923156.1482,1679969.889,4913156.1482,,
8716,1669969.889,4913156.1482,1679969.889,4903156.1482,,
8717,1669969.889,4903156.1482,1679969.889,4893156.1482,,
8718,1669969.889,4893156.1482,1679969.889,4883156.1482,,
8719,1669969.889,4883156.1482,1679969.889,4873156.1482,,
8720,1669969.889,4873156.1482,1679969.889,4863156.1482,,
8721,1669969.889,4863156.1482,1679969.889,4853156.1482,,
8722,1669969.889,4853156.1482,1679969.889,4843156.1482,,
8723,1669969.889,4843156.1482,1679969.889,4833156.1482,,
8724,1669969.889,4833156.1482,1679969.889,4823156.1482,,
8725,1669969.889,4823156.1482,1679969.889,4813156.1482,,
8726,1669969.889,4813156.1482,1679969.889,4803156.1482,,
8727,1669969.889,4803156.1482,1679969.889,4793156.1482,,
8728,1669969.889,4793156.1482,1679969.889,4783156.1482,,
8729,1669969.889,4783156.1482,1679969.889,4773156.1482,,
8730,1669969.889,4773156.1482,1679969.889,4763156.1482,,
8731,1669969.889,4763156.1482,1679969.889,4753156.1482,,
8732,1669969.889,4753156.1482,1679969.889,4743156.1482,,
8733,1679969.889,6223156.1482,1689969.889,6213156.1482,,
8734,1679969.889,6213156.1482,1689969.889,6203156.1482,,
8735,1679969.889,6203156.1482,1689969.889,6193156.1482,,
8736,1679969.889,6193156.1482,1689969.889,6183156.1482,,
8737,1679969.889,6183156.1482,1689969.889,6173156.1482,,
8738,1679969.889,6173156.1482,1689969.889,6163156.1482,,
8739,1679969.889,6163156.1482,1689969.889,6153156.1482,,
8740,1679969.889,6153156.1482,1689969.889,6143156.1482,,
8741,1679969.889,6143156.1482,1689969.889,6133156.1482,,
8742,1679969.889,6133156.1482,1689969.889,6123156.1482,76768092.4889,25124102.996
8743,1679969.889,6123156.1482,1689969.889,6113156.1482,520034381.206,265145895.691
8744,1679969.889,6113156.1482,1689969.889,6103156.1482,3438818190.3871,4353517711.187
8745,1679969.889,6103156.1482,1689969.889,6093156.1482,7642887117.5566,10299625721.984
8746,1679969.889,6093156.1482,1689969.889,6083156.1482,1465028887.4817,1609040852.13
8747,1679969.889,6083156.1482,1689969.889,6073156.1482,563301325.8933,819124394.236
8748,1679969.889,6073156.1482,1689969.889,6063156.1482,488299763.9533,711707204.879
8749,1679969.889,6063156.1482,1689969.889,6053156.1482,207635872.887,301276799.913
8750,1679969.889,6053156.1482,1689969.889,6043156.1482,188610279.6166,277956872.395
8751,1679969.889,6043156.1482,1689969.889,6033156.1482,295294765.0488,441740111.402
8752,1679969.889,6033156.1482,1689969.889,6023156.1482,437230944.7693,666668474.164
8753,1679969.889,6023156.1482,1689969.889,6013156.1482,386423050.4963,571496811.366
8754,1679969.889,6013156.1482,1689969.889,6003156.1482,305791881.5875,332649472.44
8755,1679969.889,6003156.1482,1689969.889,5993156.1482,207785725.4916,209255975.297
8756,1679969.889,5993156.1482,1689969.889,5983156.1482,36418453.1924,36594769.577
8757,1679969.889,5983156.1482,1689969.889,5973156.1482,,
8758,1679969.889,5973156.1482,1689969.889,5963156.1482,,
8759,1679969.889,5963156.1482,1689969.889,5953156.1482,,
8760,1679969.889,5953156.1482,1689969.889,5943156.1482,,
8761,1679969.889,5943156.1482,1689969.889,5933156.1482,,
8762,1679969.889,5933156.1482,1689969.889,5923156.1482,,
8763,1679969.889,5923156.1482,1689969.889,5913156.1482,,
8764,1679969.889,5913156.1482,1689969.889,5903156.1482,,
8765,1679969.889,5903156.1482,1689969.889,5893156.1482,,
8766,1679969.889,5893156.1482,1689969.889,5883156.1482,,
8767,1679969.889,5883156.1482,1689969.889,5873156.1482,,
8768,1679969.889,5873156.1482,1689969.889,5863156.1482,,
8769,1679969.889,5863156.1482,1689969.889,5853156.1482,,
8770,1679969.889,5853156.1482,1689969.889,5843156.1482,,
8771,1679969.889,5843156.1482,1689969.889,5833156.1482,,
8772,1679969.889,5833156.1482,1689969.889,5823156.1482,,
8773,1679969.889,5823156.1482,1689969.889,5813156.1482,,
8774,1679969.889,5813156.1482,1689969.889,5803156.1482,,
8775,1679969.889,5803156.1482,1689969.889,5793156.1482,,
8776,1679969.889,5793156.1482,1689969.889,5783156.1482,,
8777,1679969.889,5783156.1482,1689969.889,5773156.1482,,
8778,1679969.889,5773156.1482,1689969.889,5763156.1482,,
8779,1679969.889,5763156.1482,1689969.889,5753156.1482,,
8780,1679969.889,5753156.1482,1689969.889,5743156.1482,,
8781,1679969.889,5743156.1482,1689969.889,5733156.1482,,
8782,1679969.889,5733156.1482,1689969.889,5723156.1482,,
8783,1679969.889,5723156.1482,1689969.889,5713156.1482,,
8784,1679969.889,5713156.1482,1689969.889,5703156.1482,,
8785,1679969.889,5703156.1482,1689969.889,5693156.1482,,
8786,1679969.889,5693156.1482,1689969.889,5683156.1482,,
8787,1679969.889,5683156.1482,1689969.889,5673156.1482,4098484171.0563,4924666415.052
8788,1679969.889,5673156.1482,1689969.889,5663156.1482,4122422685.6792,3723277972.514
8789,1679969.889,5663156.1482,1689969.889,5653156.1482,1454918062.8289,1454938007.602
8790,1679969.889,5653156.1482,1689969.889,5643156.1482,655907436.3456,642203697.513
8791,1679969.889,5643156.1482,1689969.889,5633156.1482,654899337.0598,615665508.743
8792,1679969.889,5633156.1482,1689969.889,5623156.1482,651003498.9993,609545945.791
8793,1679969.889,5623156.1482,1689969.889,5613156.1482,90551538.9371,84777015.58
8794,1679969.889,5613156.1482,1689969.889,5603156.1482,,
8795,1679969.889,5603156.1482,1689969.889,5593156.1482,,
8796,1679969.889,5593156.1482,1689969.889,5583156.1482,,
8797,1679969.889,5583156.1482,1689969.889,5573156.1482,,
8798,1679969.889,5573156.1482,1689969.889,5563156.1482,,
8799,1679969.889,5563156.1482,1689969.889,5553156.1482,,
8800,1679969.889,5553156.1482,1689969.889,5543156.1482,,
8801,1679969.889,5543156.1482,1689969.889,5533156.1482,,
8802,1679969.889,5533156.1482,1689969.889,5523156.1482,,
8803,1679969.889,5523156.1482,1689969.889,5513156.1482,,
8804,1679969.889,5513156.1482,1689969.889,5503156.1482,,
8805,1679969.889,5503156.1482,1689969.889,5493156.1482,3543079.5358,2497403.932
8806,1679969.889,5493156.1482,1689969.889,5483156.1482,10945612.5003,7715213.679
8807,1679969.889,5483156.1482,1689969.889,5473156.1482,236011.4916,166356.984
8808,1679969.889,5473156.1482,1689969.889,5463156.1482,59515757.1881,34359258.561
8809,1679969.889,5463156.1482,1689969.889,5453156.1482,279744178.849,141626054.249
8810,1679969.889,5453156.1482,1689969.889,5443156.1482,460097659.3888,232933590.742
8811,1679969.889,5443156.1482,1689969.889,5433156.1482,336897135.3603,170560875.172
8812,1679969.889,5433156.1482,1689969.889,5423156.1482,7099868661.2599,3814248396.534
8813,1679969.889,5423156.1482,1689969.889,5413156.1482,643897394.182,634765049.095
8814,1679969.889,5413156.1482,1689969.889,5403156.1482,3852984223.8295,4941487011.167
8815,1679969.889,5403156.1482,1689969.889,5393156.1482,4240179146.7225,5738866186.437
8816,1679969.889,5393156.1482,1689969.889,5383156.1482,64219955.7265,74446318.262
8817,1679969.889,5383156.1482,1689969.889,5373156.1482,64219956.085,74446318.678
8818,1679969.889,5373156.1482,1689969.889,5363156.1482,64219956.6765,74446319.363
8819,1679969.889,5363156.1482,1689969.889,5353156.1482,136405573.7579,113685263.88
8820,1679969.889,5353156.1482,1689969.889,5343156.1482,84819502.5071,58784500
8821,1679969.889,5343156.1482,1689969.889,5333156.1482,,
8822,1679969.889,5333156.1482,1689969.889,5323156.1482,,
8823,1679969.889,5323156.1482,1689969.889,5313156.1482,,
8824,1679969.889,5313156.1482,1689969.889,5303156.1482,,
8825,1679969.889,5303156.1482,1689969.889,5293156.1482,,
8826,1679969.889,5293156.1482,1689969.889,5283156.1482,,
8827,1679969.889,5283156.1482,1689969.889,5273156.1482,,
8828,1679969.889,5273156.1482,1689969.889,5263156.1482,,
8829,1679969.889,5263156.1482,1689969.889,5253156.1482,,
8830,1679969.889,5253156.1482,1689969.889,5243156.1482,,
8831,1679969.889,5243156.1482,1689969.889,5233156.1482,,
8832,1679969.889,5233156.1482,1689969.889,5223156.1482,,
8833,1679969.889,5223156.1482,1689969.889,5213156.1482,,
8834,1679969.889,5213156.1482,1689969.889,5203156.1482,,
8835,1679969.889,5203156.1482,1689969.889,5193156.1482,,
8836,1679969.889,5193156.1482,1689969.889,5183156.1482,,
8837,1679969.889,5183156.1482,1689969.889,5173156.1482,,
8838,1679969.889,5173156.1482,1689969.889,5163156.1482,,
8839,1679969.889,5163156.1482,1689969.889,5153156.1482,,
8840,1679969.889,5153156.1482,1689969.889,5143156.1482,,
8841,1679969.889,5143156.1482,1689969.889,5133156.1482,,
8842,1679969.889,5133156.1482,1689969.889,5123156.1482,,
8843,1679969.889,5123156.1482,1689969.889,5113156.1482,,
8844,1679969.889,5113156.1482,1689969.889,5103156.1482,,
8845,1679969.889,5103156.1482,1689969.889,5093156.1482,,
8846,1679969.889,5093156.1482,1689969.889,5083156.1482,,
8847,1679969.889,5083156.1482,1689969.889,5073156.1482,,
8848,1679969.889,5073156.1482,1689969.889,5063156.1482,,
8849,1679969.889,5063156.1482,1689969.889,5053156.1482,,
8850,1679969.889,5053156.1482,1689969.889,5043156.1482,,
8851,1679969.889,5043156.1482,1689969.889,5033156.1482,,
8852,1679969.889,5033156.1482,1689969.889,5023156.1482,,
8853,1679969.889,5023156.1482,1689969.889,5013156.1482,,
8854,1679969.889,5013156.1482,1689969.889,5003156.1482,,
8855,1679969.889,5003156.1482,1689969.889,4993156.1482,,
8856,1679969.889,4993156.1482,1689969.889,4983156.1482,,
8857,1679969.889,4983156.1482,1689969.889,4973156.1482,,
8858,1679969.889,4973156.1482,1689969.889,4963156.1482,,
8859,1679969.889,4963156.1482,1689969.889,4953156.1482,,
8860,1679969.889,4953156.1482,1689969.889,4943156.1482,,
8861,1679969.889,4943156.1482,1689969.889,4933156.1482,,
8862,1679969.889,4933156.1482,1689969.889,4923156.1482,,
8863,1679969.889,4923156.1482,1689969.889,4913156.1482,,
8864,1679969.889,4913156.1482,1689969.889,4903156.1482,,
8865,1679969.889,4903156.1482,1689969.889,4893156.1482,,
8866,1679969.889,4893156.1482,1689969.889,4883156.1482,,
8867,1679969.889,4883156.1482,1689969.889,4873156.1482,,
8868,1679969.889,4873156.1482,1689969.889,4863156.1482,,
8869,1679969.889,4863156.1482,1689969.889,4853156.1482,,
8870,1679969.889,4853156.1482,1689969.889,4843156.1482,,
8871,1679969.889,4843156.1482,1689969.889,4833156.1482,,
8872,1679969.889,4833156.1482,1689969.889,4823156.1482,,
8873,1679969.889,4823156.1482,1689969.889,4813156.1482,,
8874,1679969.889,4813156.1482,1689969.889,4803156.1482,,
8875,1679969.889,4803156.1482,1689969.889,4793156.1482,,
8876,1679969.889,4793156.1482,1689969.889,4783156.1482,,
8877,1679969.889,4783156.1482,1689969.889,4773156.1482,,
8878,1679969.889,4773156.1482,1689969.889,4763156.1482,,
8879,1679969.889,4763156.1482,1689969.889,4753156.1482,,
8880,1679969.889,4753156.1482,1689969.889,4743156.1482,,
8881,1689969.889,6223156.1482,1699969.889,6213156.1482,,
8882,1689969.889,6213156.1482,1699969.889,6203156.1482,,
8883,1689969.889,6203156.1482,1699969.889,6193156.1482,,
8884,1689969.889,6193156.1482,1699969.889,6183156.1482,,
8885,1689969.889,6183156.1482,1699969.889,6173156.1482,,
8886,1689969.889,6173156.1482,1699969.889,6163156.1482,,
8887,1689969.889,6163156.1482,1699969.889,6153156.1482,,
8888,1689969.889,6153156.1482,1699969.889,6143156.1482,,
8889,1689969.889,6143156.1482,1699969.889,6133156.1482,,
8890,1689969.889,6133156.1482,1699969.889,6123156.1482,,
8891,1689969.889,6123156.1482,1699969.889,6113156.1482,27124534.11,25825533.42
8892,1689969.889,6113156.1482,1699969.889,6103156.1482,737613664.3366,699301425.999
8893,1689969.889,6103156.1482,1699969.889,6093156.1482,6969192010.2528,4340713053.42
8894,1689969.889,6093156.1482,1699969.889,6083156.1482,1938399272.3804,2121521863.767
8895,1689969.889,6083156.1482,1699969.889,6073156.1482,551788887.4692,795476386.038
8896,1689969.889,6073156.1482,1699969.889,6063156.1482,384362275.9031,553975380.081
8897,1689969.889,6063156.1482,1699969.889,6053156.1482,198764807.9533,291123872.746
8898,1689969.889,6053156.1482,1699969.889,6043156.1482,234006526.4948,345666234.918
8899,1689969.889,6043156.1482,1699969.889,6033156.1482,503959151.4606,753081321.362
8900,1689969.889,6033156.1482,1699969.889,6023156.1482,300212005.8487,448845429.104
8901,1689969.889,6023156.1482,1699969.889,6013156.1482,307384610.1309,431070914.008
8902,1689969.889,6013156.1482,1699969.889,6003156.1482,329082757.8034,352330158.178
8903,1689969.889,6003156.1482,1699969.889,5993156.1482,210520181.9168,219309064.073
8904,1689969.889,5993156.1482,1699969.889,5983156.1482,250062188.1901,251272839.853
8905,1689969.889,5983156.1482,1699969.889,5973156.1482,237885990.2129,239037692.002
8906,1689969.889,5973156.1482,1699969.889,5963156.1482,30576012.5353,30724043.314
8907,1689969.889,5963156.1482,1699969.889,5953156.1482,,
8908,1689969.889,5953156.1482,1699969.889,5943156.1482,,
8909,1689969.889,5943156.1482,1699969.889,5933156.1482,,
8910,1689969.889,5933156.1482,1699969.889,5923156.1482,,
8911,1689969.889,5923156.1482,1699969.889,5913156.1482,,
8912,1689969.889,5913156.1482,1699969.889,5903156.1482,,
8913,1689969.889,5903156.1482,1699969.889,5893156.1482,,
8914,1689969.889,5893156.1482,1699969.889,5883156.1482,,
8915,1689969.889,5883156.1482,1699969.889,5873156.1482,,
8916,1689969.889,5873156.1482,1699969.889,5863156.1482,,
8917,1689969.889,5863156.1482,1699969.889,5853156.1482,,
8918,1689969.889,5853156.1482,1699969.889,5843156.1482,,
8919,1689969.889,5843156.1482,1699969.889,5833156.1482,,
8920,1689969.889,5833156.1482,1699969.889,5823156.1482,,
8921,1689969.889,5823156.1482,1699969.889,5813156.1482,,
8922,1689969.889,5813156.1482,1699969.889,5803156.1482,,
8923,1689969.889,5803156.1482,1699969.889,5793156.1482,,
8924,1689969.889,5793156.1482,1699969.889,5783156.1482,,
8925,1689969.889,5783156.1482,1699969.889,5773156.1482,,
8926,1689969.889,5773156.1482,1699969.889,5763156.1482,,
8927,1689969.889,5763156.1482,1699969.889,5753156.1482,,
8928,1689969.889,5753156.1482,1699969.889,5743156.1482,,
8929,1689969.889,5743156.1482,1699969.889,5733156.1482,,
8930,1689969.889,5733156.1482,1699969.889,5723156.1482,,
8931,1689969.889,5723156.1482,1699969.889,5713156.1482,,
8932,1689969.889,5713156.1482,1699969.889,5703156.1482,,
8933,1689969.889,5703156.1482,1699969.889,5693156.1482,,
8934,1689969.889,5693156.1482,1699969.889,5683156.1482,,
8935,1689969.889,5683156.1482,1699969.889,5673156.1482,34918145800.1861,34761397187.012
8936,1689969.889,5673156.1482,1699969.889,5663156.1482,10178117861.0782,10493993663.139
8937,1689969.889,5663156.1482,1699969.889,5653156.1482,1469523887.4451,1578098007.689
8938,1689969.889,5653156.1482,1699969.889,5643156.1482,930946211.9953,976249931.401
8939,1689969.889,5643156.1482,1699969.889,5633156.1482,893502008.3264,929585792.082
8940,1689969.889,5633156.1482,1699969.889,5623156.1482,1456131610.6076,1425363427.892
8941,1689969.889,5623156.1482,1699969.889,5613156.1482,781990997.3814,767712289.427
8942,1689969.889,5613156.1482,1699969.889,5603156.1482,,
8943,1689969.889,5603156.1482,1699969.889,5593156.1482,,
8944,1689969.889,5593156.1482,1699969.889,5583156.1482,,
8945,1689969.889,5583156.1482,1699969.889,5573156.1482,,
8946,1689969.889,5573156.1482,1699969.889,5563156.1482,,
8947,1689969.889,5563156.1482,1699969.889,5553156.1482,,
8948,1689969.889,5553156.1482,1699969.889,5543156.1482,,
8949,1689969.889,5543156.1482,1699969.889,5533156.1482,,
8950,1689969.889,5533156.1482,1699969.889,5523156.1482,,
8951,1689969.889,5523156.1482,1699969.889,5513156.1482,,
8952,1689969.889,5513156.1482,1699969.889,5503156.1482,,
8953,1689969.889,5503156.1482,1699969.889,5493156.1482,,
8954,1689969.889,5493156.1482,1699969.889,5483156.1482,,
8955,1689969.889,5483156.1482,1699969.889,5473156.1482,1374308.4589,695770.99
8956,1689969.889,5473156.1482,1699969.889,5463156.1482,42409252.8251,21470527.701
8957,1689969.889,5463156.1482,1699969.889,5453156.1482,426032096.6223,215687222.076
8958,1689969.889,5453156.1482,1699969.889,5443156.1482,592627374.8001,300029394.993
8959,1689969.889,5443156.1482,1699969.889,5433156.1482,363338472.3674,183947327.912
8960,1689969.889,5433156.1482,1699969.889,5423156.1482,493121003.9548,249652315.715
8961,1689969.889,5423156.1482,1699969.889,5413156.1482,39847021.3019,20173347.034
8962,1689969.889,5413156.1482,1699969.889,5403156.1482,58727.0195,68078.689
8963,1689969.889,5403156.1482,1699969.889,5393156.1482,39372211.9686,48401791.199
8964,1689969.889,5393156.1482,1699969.889,5383156.1482,43403664.4254,50315248.259
8965,1689969.889,5383156.1482,1699969.889,5373156.1482,61244740.1448,70997330.426
8966,1689969.889,5373156.1482,1699969.889,5363156.1482,55423616.03,64249252.612
8967,1689969.889,5363156.1482,1699969.889,5353156.1482,11209046.9181,12993971.497
8968,1689969.889,5353156.1482,1699969.889,5343156.1482,,
8969,1689969.889,5343156.1482,1699969.889,5333156.1482,,
8970,1689969.889,5333156.1482,1699969.889,5323156.1482,,
8971,1689969.889,5323156.1482,1699969.889,5313156.1482,,
8972,1689969.889,5313156.1482,1699969.889,5303156.1482,,
8973,1689969.889,5303156.1482,1699969.889,5293156.1482,,
8974,1689969.889,5293156.1482,1699969.889,5283156.1482,,
8975,1689969.889,5283156.1482,1699969.889,5273156.1482,,
8976,1689969.889,5273156.1482,1699969.889,5263156.1482,,
8977,1689969.889,5263156.1482,1699969.889,5253156.1482,,
8978,1689969.889,5253156.1482,1699969.889,5243156.1482,,
8979,1689969.889,5243156.1482,1699969.889,5233156.1482,,
8980,1689969.889,5233156.1482,1699969.889,5223156.1482,,
8981,1689969.889,5223156.1482,1699969.889,5213156.1482,,
8982,1689969.889,5213156.1482,1699969.889,5203156.1482,,
8983,1689969.889,5203156.1482,1699969.889,5193156.1482,,
8984,1689969.889,5193156.1482,1699969.889,5183156.1482,,
8985,1689969.889,5183156.1482,1699969.889,5173156.1482,,
8986,1689969.889,5173156.1482,1699969.889,5163156.1482,,
8987,1689969.889,5163156.1482,1699969.889,5153156.1482,,
8988,1689969.889,5153156.1482,1699969.889,5143156.1482,,
8989,1689969.889,5143156.1482,1699969.889,5133156.1482,,
8990,1689969.889,5133156.1482,1699969.889,5123156.1482,,
8991,1689969.889,5123156.1482,1699969.889,5113156.1482,,
8992,1689969.889,5113156.1482,1699969.889,5103156.1482,,
8993,1689969.889,5103156.1482,1699969.889,5093156.1482,,
8994,1689969.889,5093156.1482,1699969.889,5083156.1482,,
8995,1689969.889,5083156.1482,1699969.889,5073156.1482,,
8996,1689969.889,5073156.1482,1699969.889,5063156.1482,,
8997,1689969.889,5063156.1482,1699969.889,5053156.1482,,
8998,1689969.889,5053156.1482,1699969.889,5043156.1482,,
8999,1689969.889,5043156.1482,1699969.889,5033156.1482,,
9000,1689969.889,5033156.1482,1699969.889,5023156.1482,,
9001,1689969.889,5023156.1482,1699969.889,5013156.1482,,
9002,1689969.889,5013156.1482,1699969.889,5003156.1482,,
9003,1689969.889,5003156.1482,1699969.889,4993156.1482,,
9004,1689969.889,4993156.1482,1699969.889,4983156.1482,,
9005,1689969.889,4983156.1482,1699969.889,4973156.1482,,
9006,1689969.889,4973156.1482,1699969.889,4963156.1482,,
9007,1689969.889,4963156.1482,1699969.889,4953156.1482,,
9008,1689969.889,4953156.1482,1699969.889,4943156.1482,,
9009,1689969.889,4943156.1482,1699969.889,4933156.1482,,
9010,1689969.889,4933156.1482,1699969.889,4923156.1482,,
9011,1689969.889,4923156.1482,1699969.889,4913156.1482,,
9012,1689969.889,4913156.1482,1699969.889,4903156.1482,,
9013,1689969.889,4903156.1482,1699969.889,4893156.1482,,
9014,1689969.889,4893156.1482,1699969.889,4883156.1482,,
9015,1689969.889,4883156.1482,1699969.889,4873156.1482,,
9016,1689969.889,4873156.1482,1699969.889,4863156.1482,,
9017,1689969.889,4863156.1482,1699969.889,4853156.1482,,
9018,1689969.889,4853156.1482,1699969.889,4843156.1482,,
9019,1689969.889,4843156.1482,1699969.889,4833156.1482,,
9020,1689969.889,4833156.1482,1699969.889,4823156.1482,,
9021,1689969.889,4823156.1482,1699969.889,4813156.1482,,
9022,1689969.889,4813156.1482,1699969.889,4803156.1482,,
9023,1689969.889,4803156.1482,1699969.889,4793156.1482,,
9024,1689969.889,4793156.1482,1699969.889,4783156.1482,,
9025,1689969.889,4783156.1482,1699969.889,4773156.1482,,
9026,1689969.889,4773156.1482,1699969.889,4763156.1482,,
9027,1689969.889,4763156.1482,1699969.889,4753156.1482,,
9028,1689969.889,4753156.1482,1699969.889,4743156.1482,,
9029,1699969.889,6223156.1482,1709969.889,6213156.1482,,
9030,1699969.889,6213156.1482,1709969.889,6203156.1482,,
9031,1699969.889,6203156.1482,1709969.889,6193156.1482,,
9032,1699969.889,6193156.1482,1709969.889,6183156.1482,,
9033,1699969.889,6183156.1482,1709969.889,6173156.1482,,
9034,1699969.889,6173156.1482,1709969.889,6163156.1482,,
9035,1699969.889,6163156.1482,1709969.889,6153156.1482,,
9036,1699969.889,6153156.1482,1709969.889,6143156.1482,,
9037,1699969.889,6143156.1482,1709969.889,6133156.1482,,
9038,1699969.889,6133156.1482,1709969.889,6123156.1482,,
9039,1699969.889,6123156.1482,1709969.889,6113156.1482,,
9040,1699969.889,6113156.1482,1709969.889,6103156.1482,64043038.6519,60371683.991
9041,1699969.889,6103156.1482,1709969.889,6093156.1482,2959038670.5064,1600994033.326
9042,1699969.889,6093156.1482,1709969.889,6083156.1482,1390135167.5468,984649666.49
9043,1699969.889,6083156.1482,1709969.889,6073156.1482,337476987.351,479219461.516
9044,1699969.889,6073156.1482,1709969.889,6063156.1482,250325361.0163,345103808.774
9045,1699969.889,6063156.1482,1709969.889,6053156.1482,492064328.5349,787941581.609
9046,1699969.889,6053156.1482,1709969.889,6043156.1482,1581674239.2999,2501872856.316
9047,1699969.889,6043156.1482,1709969.889,6033156.1482,1149617913.6305,1713034189.166
9048,1699969.889,6033156.1482,1709969.889,6023156.1482,421884954.7099,594739531.689
9049,1699969.889,6023156.1482,1709969.889,6013156.1482,416009690.8534,541143087.659
9050,1699969.889,6013156.1482,1709969.889,6003156.1482,334241082.7451,352169623.743
9051,1699969.889,6003156.1482,1709969.889,5993156.1482,259440547.1893,273412059.944
9052,1699969.889,5993156.1482,1709969.889,5983156.1482,110288188.7061,114562141.738
9053,1699969.889,5983156.1482,1709969.889,5973156.1482,148415243.3129,149133781.219
9054,1699969.889,5973156.1482,1709969.889,5963156.1482,202062019.1331,145479443.053
9055,1699969.889,5963156.1482,1709969.889,5953156.1482,369576787.5369,259810848.331
9056,1699969.889,5953156.1482,1709969.889,5943156.1482,23661.327,16633.808
9057,1699969.889,5943156.1482,1709969.889,5933156.1482,,
9058,1699969.889,5933156.1482,1709969.889,5923156.1482,,
9059,1699969.889,5923156.1482,1709969.889,5913156.1482,,
9060,1699969.889,5913156.1482,1709969.889,5903156.1482,,
9061,1699969.889,5903156.1482,1709969.889,5893156.1482,,
9062,1699969.889,5893156.1482,1709969.889,5883156.1482,,
9063,1699969.889,5883156.1482,1709969.889,5873156.1482,,
9064,1699969.889,5873156.1482,1709969.889,5863156.1482,,
9065,1699969.889,5863156.1482,1709969.889,5853156.1482,,
9066,1699969.889,5853156.1482,1709969.889,5843156.1482,,
9067,1699969.889,5843156.1482,1709969.889,5833156.1482,,
9068,1699969.889,5833156.1482,1709969.889,5823156.1482,,
9069,1699969.889,5823156.1482,1709969.889,5813156.1482,,
9070,1699969.889,5813156.1482,1709969.889,5803156.1482,,
9071,1699969.889,5803156.1482,1709969.889,5793156.1482,,
9072,1699969.889,5793156.1482,1709969.889,5783156.1482,,
9073,1699969.889,5783156.1482,1709969.889,5773156.1482,,
9074,1699969.889,5773156.1482,1709969.889,5763156.1482,,
9075,1699969.889,5763156.1482,1709969.889,5753156.1482,,
9076,1699969.889,5753156.1482,1709969.889,5743156.1482,,
9077,1699969.889,5743156.1482,1709969.889,5733156.1482,,
9078,1699969.889,5733156.1482,1709969.889,5723156.1482,,
9079,1699969.889,5723156.1482,1709969.889,5713156.1482,,
9080,1699969.889,5713156.1482,1709969.889,5703156.1482,,
9081,1699969.889,5703156.1482,1709969.889,5693156.1482,,
9082,1699969.889,5693156.1482,1709969.889,5683156.1482,1867441579.8931,1937057216.281
9083,1699969.889,5683156.1482,1709969.889,5673156.1482,9901473198.7685,10438836661.11
9084,1699969.889,5673156.1482,1709969.889,5663156.1482,4553940584.4391,4846653864.264
9085,1699969.889,5663156.1482,1709969.889,5653156.1482,1085200786.1422,1118907102.16
9086,1699969.889,5653156.1482,1709969.889,5643156.1482,1641534183.5312,1789627403.263
9087,1699969.889,5643156.1482,1709969.889,5633156.1482,894020139.0337,936581504.512
9088,1699969.889,5633156.1482,1709969.889,5623156.1482,1162543534.8123,1207241367.936
9089,1699969.889,5623156.1482,1709969.889,5613156.1482,5792696910.2336,6480250118.75
9090,1699969.889,5613156.1482,1709969.889,5603156.1482,,
9091,1699969.889,5603156.1482,1709969.889,5593156.1482,,
9092,1699969.889,5593156.1482,1709969.889,5583156.1482,,
9093,1699969.889,5583156.1482,1709969.889,5573156.1482,,
9094,1699969.889,5573156.1482,1709969.889,5563156.1482,,
9095,1699969.889,5563156.1482,1709969.889,5553156.1482,,
9096,1699969.889,5553156.1482,1709969.889,5543156.1482,,
9097,1699969.889,5543156.1482,1709969.889,5533156.1482,,
9098,1699969.889,5533156.1482,1709969.889,5523156.1482,,
9099,1699969.889,5523156.1482,1709969.889,5513156.1482,,
9100,1699969.889,5513156.1482,1709969.889,5503156.1482,,
9101,1699969.889,5503156.1482,1709969.889,5493156.1482,,
9102,1699969.889,5493156.1482,1709969.889,5483156.1482,,
9103,1699969.889,5483156.1482,1709969.889,5473156.1482,,
9104,1699969.889,5473156.1482,1709969.889,5463156.1482,,
9105,1699969.889,5463156.1482,1709969.889,5453156.1482,138616128.1058,70177171.728
9106,1699969.889,5453156.1482,1709969.889,5443156.1482,238333886.6301,120661270.222
9107,1699969.889,5443156.1482,1709969.889,5433156.1482,295469604.2645,149587363.621
9108,1699969.889,5433156.1482,1709969.889,5423156.1482,243121837.8217,123085265.738
9109,1699969.889,5423156.1482,1709969.889,5413156.1482,,
9110,1699969.889,5413156.1482,1709969.889,5403156.1482,,
9111,1699969.889,5403156.1482,1709969.889,5393156.1482,,
9112,1699969.889,5393156.1482,1709969.889,5383156.1482,,
9113,1699969.889,5383156.1482,1709969.889,5373156.1482,18042939.1883,20916090.302
9114,1699969.889,5373156.1482,1709969.889,5363156.1482,2058205.2444,2385953.104
9115,1699969.889,5363156.1482,1709969.889,5353156.1482,,
9116,1699969.889,5353156.1482,1709969.889,5343156.1482,,
9117,1699969.889,5343156.1482,1709969.889,5333156.1482,,
9118,1699969.889,5333156.1482,1709969.889,5323156.1482,,
9119,1699969.889,5323156.1482,1709969.889,5313156.1482,,
9120,1699969.889,5313156.1482,1709969.889,5303156.1482,,
9121,1699969.889,5303156.1482,1709969.889,5293156.1482,,
9122,1699969.889,5293156.1482,1709969.889,5283156.1482,,
9123,1699969.889,5283156.1482,1709969.889,5273156.1482,,
9124,1699969.889,5273156.1482,1709969.889,5263156.1482,,
9125,1699969.889,5263156.1482,1709969.889,5253156.1482,,
9126,1699969.889,5253156.1482,1709969.889,5243156.1482,,
9127,1699969.889,5243156.1482,1709969.889,5233156.1482,,
9128,1699969.889,5233156.1482,1709969.889,5223156.1482,,
9129,1699969.889,5223156.1482,1709969.889,5213156.1482,,
9130,1699969.889,5213156.1482,1709969.889,5203156.1482,,
9131,1699969.889,5203156.1482,1709969.889,5193156.1482,,
9132,1699969.889,5193156.1482,1709969.889,5183156.1482,,
9133,1699969.889,5183156.1482,1709969.889,5173156.1482,,
9134,1699969.889,5173156.1482,1709969.889,5163156.1482,,
9135,1699969.889,5163156.1482,1709969.889,5153156.1482,,
9136,1699969.889,5153156.1482,1709969.889,5143156.1482,,
9137,1699969.889,5143156.1482,1709969.889,5133156.1482,,
9138,1699969.889,5133156.1482,1709969.889,5123156.1482,,
9139,1699969.889,5123156.1482,1709969.889,5113156.1482,,
9140,1699969.889,5113156.1482,1709969.889,5103156.1482,,
9141,1699969.889,5103156.1482,1709969.889,5093156.1482,,
9142,1699969.889,5093156.1482,1709969.889,5083156.1482,,
9143,1699969.889,5083156.1482,1709969.889,5073156.1482,,
9144,1699969.889,5073156.1482,1709969.889,5063156.1482,,
9145,1699969.889,5063156.1482,1709969.889,5053156.1482,,
9146,1699969.889,5053156.1482,1709969.889,5043156.1482,,
9147,1699969.889,5043156.1482,1709969.889,5033156.1482,,
9148,1699969.889,5033156.1482,1709969.889,5023156.1482,,
9149,1699969.889,5023156.1482,1709969.889,5013156.1482,,
9150,1699969.889,5013156.1482,1709969.889,5003156.1482,,
9151,1699969.889,5003156.1482,1709969.889,4993156.1482,,
9152,1699969.889,4993156.1482,1709969.889,4983156.1482,,
9153,1699969.889,4983156.1482,1709969.889,4973156.1482,,
9154,1699969.889,4973156.1482,1709969.889,4963156.1482,,
9155,1699969.889,4963156.1482,1709969.889,4953156.1482,,
9156,1699969.889,4953156.1482,1709969.889,4943156.1482,,
9157,1699969.889,4943156.1482,1709969.889,4933156.1482,,
9158,1699969.889,4933156.1482,1709969.889,4923156.1482,,
9159,1699969.889,4923156.1482,1709969.889,4913156.1482,,
9160,1699969.889,4913156.1482,1709969.889,4903156.1482,,
9161,1699969.889,4903156.1482,1709969.889,4893156.1482,,
9162,1699969.889,4893156.1482,1709969.889,4883156.1482,,
9163,1699969.889,4883156.1482,1709969.889,4873156.1482,,
9164,1699969.889,4873156.1482,1709969.889,4863156.1482,,
9165,1699969.889,4863156.1482,1709969.889,4853156.1482,,
9166,1699969.889,4853156.1482,1709969.889,4843156.1482,,
9167,1699969.889,4843156.1482,1709969.889,4833156.1482,,
9168,1699969.889,4833156.1482,1709969.889,4823156.1482,,
9169,1699969.889,4823156.1482,1709969.889,4813156.1482,,
9170,1699969.889,4813156.1482,1709969.889,4803156.1482,,
9171,1699969.889,4803156.1482,1709969.889,4793156.1482,,
9172,1699969.889,4793156.1482,1709969.889,4783156.1482,,
9173,1699969.889,4783156.1482,1709969.889,4773156.1482,,
9174,1699969.889,4773156.1482,1709969.889,4763156.1482,,
9175,1699969.889,4763156.1482,1709969.889,4753156.1482,,
9176,1699969.889,4753156.1482,1709969.889,4743156.1482,,
9177,1709969.889,6223156.1482,1719969.889,6213156.1482,,
9178,1709969.889,6213156.1482,1719969.889,6203156.1482,,
9179,1709969.889,6203156.1482,1719969.889,6193156.1482,,
9180,1709969.889,6193156.1482,1719969.889,6183156.1482,,
9181,1709969.889,6183156.1482,1719969.889,6173156.1482,,
9182,1709969.889,6173156.1482,1719969.889,6163156.1482,,
9183,1709969.889,6163156.1482,1719969.889,6153156.1482,,
9184,1709969.889,6153156.1482,1719969.889,6143156.1482,,
9185,1709969.889,6143156.1482,1719969.889,6133156.1482,,
9186,1709969.889,6133156.1482,1719969.889,6123156.1482,,
9187,1709969.889,6123156.1482,1719969.889,6113156.1482,,
9188,1709969.889,6113156.1482,1719969.889,6103156.1482,42223031.098,20424988.904
9189,1709969.889,6103156.1482,1719969.889,6093156.1482,441013137.6472,213613759.898
9190,1709969.889,6093156.1482,1719969.889,6083156.1482,864530464.0823,441007903.197
9191,1709969.889,6083156.1482,1719969.889,6073156.1482,881801392.5571,539690662.126
9192,1709969.889,6073156.1482,1719969.889,6063156.1482,1079711005.4613,598120557.422
9193,1709969.889,6063156.1482,1719969.889,6053156.1482,2369686382.6487,3588982563.317
9194,1709969.889,6053156.1482,1719969.889,6043156.1482,20242449109.7486,33053755511.193
9195,1709969.889,6043156.1482,1719969.889,6033156.1482,2978469487.8538,4704685014.55
9196,1709969.889,6033156.1482,1719969.889,6023156.1482,605064349.2592,751206642.056
9197,1709969.889,6023156.1482,1719969.889,6013156.1482,455146318.1397,520521990.289
9198,1709969.889,6013156.1482,1719969.889,6003156.1482,621020465.1686,681106809.702
9199,1709969.889,6003156.1482,1719969.889,5993156.1482,583095324.3639,651842628.633
9200,1709969.889,5993156.1482,1719969.889,5983156.1482,765591323.1995,315991536.83
9201,1709969.889,5983156.1482,1719969.889,5973156.1482,650405079.5182,342882091.561
9202,1709969.889,5973156.1482,1719969.889,5963156.1482,161207079.3956,109188090.921
9203,1709969.889,5963156.1482,1719969.889,5953156.1482,694252558.3917,488056480.37
9204,1709969.889,5953156.1482,1719969.889,5943156.1482,708435494.9449,498027022.086
9205,1709969.889,5943156.1482,1719969.889,5933156.1482,116781540.3712,82096906.777
9206,1709969.889,5933156.1482,1719969.889,5923156.1482,,
9207,1709969.889,5923156.1482,1719969.889,5913156.1482,,
9208,1709969.889,5913156.1482,1719969.889,5903156.1482,,
9209,1709969.889,5903156.1482,1719969.889,5893156.1482,,
9210,1709969.889,5893156.1482,1719969.889,5883156.1482,,
9211,1709969.889,5883156.1482,1719969.889,5873156.1482,,
9212,1709969.889,5873156.1482,1719969.889,5863156.1482,,
9213,1709969.889,5863156.1482,1719969.889,5853156.1482,,
9214,1709969.889,5853156.1482,1719969.889,5843156.1482,,
9215,1709969.889,5843156.1482,1719969.889,5833156.1482,,
9216,1709969.889,5833156.1482,1719969.889,5823156.1482,,
9217,1709969.889,5823156.1482,1719969.889,5813156.1482,,
9218,1709969.889,5813156.1482,1719969.889,5803156.1482,,
9219,1709969.889,5803156.1482,1719969.889,5793156.1482,,
9220,1709969.889,5793156.1482,1719969.889,5783156.1482,,
9221,1709969.889,5783156.1482,1719969.889,5773156.1482,,
9222,1709969.889,5773156.1482,1719969.889,5763156.1482,,
9223,1709969.889,5763156.1482,1719969.889,5753156.1482,,
9224,1709969.889,5753156.1482,1719969.889,5743156.1482,,
9225,1709969.889,5743156.1482,1719969.889,5733156.1482,,
9226,1709969.889,5733156.1482,1719969.889,5723156.1482,,
9227,1709969.889,5723156.1482,1719969.889,5713156.1482,,
9228,1709969.889,5713156.1482,1719969.889,5703156.1482,,
9229,1709969.889,5703156.1482,1719969.889,5693156.1482,,
9230,1709969.889,5693156.1482,1719969.889,5683156.1482,136238979.2009,92527932.396
9231,1709969.889,5683156.1482,1719969.889,5673156.1482,2611754060.0704,1788388746.488
9232,1709969.889,5673156.1482,1719969.889,5663156.1482,725611636.7174,579210188.159
9233,1709969.889,5663156.1482,1719969.889,5653156.1482,517826964.8498,521192640.876
9234,1709969.889,5653156.1482,1719969.889,5643156.1482,5024587945.0544,5225610750.463
9235,1709969.889,5643156.1482,1719969.889,5633156.1482,2637258586.9425,3067193050.356
9236,1709969.889,5633156.1482,1719969.889,5623156.1482,442604243.2155,476701368.336
9237,1709969.889,5623156.1482,1719969.889,5613156.1482,4816872980.579,5506297874.842
9238,1709969.889,5613156.1482,1719969.889,5603156.1482,427963857.5073,457748626.436
9239,1709969.889,5603156.1482,1719969.889,5593156.1482,,
9240,1709969.889,5593156.1482,1719969.889,5583156.1482,,
9241,1709969.889,5583156.1482,1719969.889,5573156.1482,,
9242,1709969.889,5573156.1482,1719969.889,5563156.1482,,
9243,1709969.889,5563156.1482,1719969.889,5553156.1482,,
9244,1709969.889,5553156.1482,1719969.889,5543156.1482,,
9245,1709969.889,5543156.1482,1719969.889,5533156.1482,,
9246,1709969.889,5533156.1482,1719969.889,5523156.1482,,
9247,1709969.889,5523156.1482,1719969.889,5513156.1482,,
9248,1709969.889,5513156.1482,1719969.889,5503156.1482,,
9249,1709969.889,5503156.1482,1719969.889,5493156.1482,,
9250,1709969.889,5493156.1482,1719969.889,5483156.1482,,
9251,1709969.889,5483156.1482,1719969.889,5473156.1482,,
9252,1709969.889,5473156.1482,1719969.889,5463156.1482,,
9253,1709969.889,5463156.1482,1719969.889,5453156.1482,5009586.4218,2536202.759
9254,1709969.889,5453156.1482,1719969.889,5443156.1482,120771202.1137,61142823.034
9255,1709969.889,5443156.1482,1719969.889,5433156.1482,133747122.0139,67712140.556
9256,1709969.889,5433156.1482,1719969.889,5423156.1482,,
9257,1709969.889,5423156.1482,1719969.889,5413156.1482,,
9258,1709969.889,5413156.1482,1719969.889,5403156.1482,,
9259,1709969.889,5403156.1482,1719969.889,5393156.1482,,
9260,1709969.889,5393156.1482,1719969.889,5383156.1482,,
9261,1709969.889,5383156.1482,1719969.889,5373156.1482,,
9262,1709969.889,5373156.1482,1719969.889,5363156.1482,,
9263,1709969.889,5363156.1482,1719969.889,5353156.1482,,
9264,1709969.889,5353156.1482,1719969.889,5343156.1482,,
9265,1709969.889,5343156.1482,1719969.889,5333156.1482,,
9266,1709969.889,5333156.1482,1719969.889,5323156.1482,,
9267,1709969.889,5323156.1482,1719969.889,5313156.1482,,
9268,1709969.889,5313156.1482,1719969.889,5303156.1482,,
9269,1709969.889,5303156.1482,1719969.889,5293156.1482,,
9270,1709969.889,5293156.1482,1719969.889,5283156.1482,,
9271,1709969.889,5283156.1482,1719969.889,5273156.1482,,
9272,1709969.889,5273156.1482,1719969.889,5263156.1482,,
9273,1709969.889,5263156.1482,1719969.889,5253156.1482,,
9274,1709969.889,5253156.1482,1719969.889,5243156.1482,,
9275,1709969.889,5243156.1482,1719969.889,5233156.1482,,
9276,1709969.889,5233156.1482,1719969.889,5223156.1482,,
9277,1709969.889,5223156.1482,1719969.889,5213156.1482,,
9278,1709969.889,5213156.1482,1719969.889,5203156.1482,,
9279,1709969.889,5203156.1482,1719969.889,5193156.1482,,
9280,1709969.889,5193156.1482,1719969.889,5183156.1482,,
9281,1709969.889,5183156.1482,1719969.889,5173156.1482,,
9282,1709969.889,5173156.1482,1719969.889,5163156.1482,,
9283,1709969.889,5163156.1482,1719969.889,5153156.1482,,
9284,1709969.889,5153156.1482,1719969.889,5143156.1482,,
9285,1709969.889,5143156.1482,1719969.889,5133156.1482,,
9286,1709969.889,5133156.1482,1719969.889,5123156.1482,,
9287,1709969.889,5123156.1482,1719969.889,5113156.1482,,
9288,1709969.889,5113156.1482,1719969.889,5103156.1482,,
9289,1709969.889,5103156.1482,1719969.889,5093156.1482,,
9290,1709969.889,5093156.1482,1719969.889,5083156.1482,,
9291,1709969.889,5083156.1482,1719969.889,5073156.1482,,
9292,1709969.889,5073156.1482,1719969.889,5063156.1482,,
9293,1709969.889,5063156.1482,1719969.889,5053156.1482,,
9294,1709969.889,5053156.1482,1719969.889,5043156.1482,,
9295,1709969.889,5043156.1482,1719969.889,5033156.1482,,
9296,1709969.889,5033156.1482,1719969.889,5023156.1482,,
9297,1709969.889,5023156.1482,1719969.889,5013156.1482,,
9298,1709969.889,5013156.1482,1719969.889,5003156.1482,,
9299,1709969.889,5003156.1482,1719969.889,4993156.1482,,
9300,1709969.889,4993156.1482,1719969.889,4983156.1482,,
9301,1709969.889,4983156.1482,1719969.889,4973156.1482,,
9302,1709969.889,4973156.1482,1719969.889,4963156.1482,,
9303,1709969.889,4963156.1482,1719969.889,4953156.1482,,
9304,1709969.889,4953156.1482,1719969.889,4943156.1482,,
9305,1709969.889,4943156.1482,1719969.889,4933156.1482,,
9306,1709969.889,4933156.1482,1719969.889,4923156.1482,,
9307,1709969.889,4923156.1482,1719969.889,4913156.1482,,
9308,1709969.889,4913156.1482,1719969.889,4903156.1482,,
9309,1709969.889,4903156.1482,1719969.889,4893156.1482,,
9310,1709969.889,4893156.1482,1719969.889,4883156.1482,,
9311,1709969.889,4883156.1482,1719969.889,4873156.1482,,
9312,1709969.889,4873156.1482,1719969.889,4863156.1482,,
9313,1709969.889,4863156.1482,1719969.889,4853156.1482,,
9314,1709969.889,4853156.1482,1719969.889,4843156.1482,,
9315,1709969.889,4843156.1482,1719969.889,4833156.1482,,
9316,1709969.889,4833156.1482,1719969.889,4823156.1482,,
9317,1709969.889,4823156.1482,1719969.889,4813156.1482,,
9318,1709969.889,4813156.1482,1719969.889,4803156.1482,,
9319,1709969.889,4803156.1482,1719969.889,4793156.1482,,
9320,1709969.889,4793156.1482,1719969.889,4783156.1482,,
9321,1709969.889,4783156.1482,1719969.889,4773156.1482,,
9322,1709969.889,4773156.1482,1719969.889,4763156.1482,,
9323,1709969.889,4763156.1482,1719969.889,4753156.1482,,
9324,1709969.889,4753156.1482,1719969.889,4743156.1482,,
9325,1719969.889,6223156.1482,1729969.889,6213156.1482,,
9326,1719969.889,6213156.1482,1729969.889,6203156.1482,,
9327,1719969.889,6203156.1482,1729969.889,6193156.1482,,
9328,1719969.889,6193156.1482,1729969.889,6183156.1482,,
9329,1719969.889,6183156.1482,1729969.889,6173156.1482,,
9330,1719969.889,6173156.1482,1729969.889,6163156.1482,,
9331,1719969.889,6163156.1482,1729969.889,6153156.1482,,
9332,1719969.889,6153156.1482,1729969.889,6143156.1482,,
9333,1719969.889,6143156.1482,1729969.889,6133156.1482,,
9334,1719969.889,6133156.1482,1729969.889,6123156.1482,,
9335,1719969.889,6123156.1482,1729969.889,6113156.1482,,
9336,1719969.889,6113156.1482,1729969.889,6103156.1482,23973325.2995,11596867.645
9337,1719969.889,6103156.1482,1729969.889,6093156.1482,2564861.8144,1240727.459
9338,1719969.889,6093156.1482,1729969.889,6083156.1482,227032864.0388,122592766.852
9339,1719969.889,6083156.1482,1729969.889,6073156.1482,727945344.621,393074519.373
9340,1719969.889,6073156.1482,1729969.889,6063156.1482,1180029508.7169,637267035.36
9341,1719969.889,6063156.1482,1729969.889,6053156.1482,1500103682.2354,1230153962.766
9342,1719969.889,6053156.1482,1729969.889,6043156.1482,7906297273.6216,12112325692.44
9343,1719969.889,6043156.1482,1729969.889,6033156.1482,3143077207.2179,4461073901.971
9344,1719969.889,6033156.1482,1729969.889,6023156.1482,1579593237.0139,1498151489.507
9345,1719969.889,6023156.1482,1729969.889,6013156.1482,1819389095.7119,1637781385.181
9346,1719969.889,6013156.1482,1729969.889,6003156.1482,2083733458.5485,1818297263.873
9347,1719969.889,6003156.1482,1729969.889,5993156.1482,1625691260.9924,972666561.361
9348,1719969.889,5993156.1482,1729969.889,5983156.1482,2235583966.1016,676245543.463
9349,1719969.889,5983156.1482,1729969.889,5973156.1482,825798646.5035,503653647.517
9350,1719969.889,5973156.1482,1729969.889,5963156.1482,447613327.8724,365238955.568
9351,1719969.889,5963156.1482,1729969.889,5953156.1482,307354377.9387,264962542.126
9352,1719969.889,5953156.1482,1729969.889,5943156.1482,1185327120.8032,1046832656.826
9353,1719969.889,5943156.1482,1729969.889,5933156.1482,3485532659.6443,3157000989.824
9354,1719969.889,5933156.1482,1729969.889,5923156.1482,2599136158.6329,2437576924.264
9355,1719969.889,5923156.1482,1729969.889,5913156.1482,863617646.3448,864749425.551
9356,1719969.889,5913156.1482,1729969.889,5903156.1482,15906930.4586,14525010.469
9357,1719969.889,5903156.1482,1729969.889,5893156.1482,,
9358,1719969.889,5893156.1482,1729969.889,5883156.1482,,
9359,1719969.889,5883156.1482,1729969.889,5873156.1482,,
9360,1719969.889,5873156.1482,1729969.889,5863156.1482,,
9361,1719969.889,5863156.1482,1729969.889,5853156.1482,,
9362,1719969.889,5853156.1482,1729969.889,5843156.1482,,
9363,1719969.889,5843156.1482,1729969.889,5833156.1482,,
9364,1719969.889,5833156.1482,1729969.889,5823156.1482,,
9365,1719969.889,5823156.1482,1729969.889,5813156.1482,,
9366,1719969.889,5813156.1482,1729969.889,5803156.1482,,
9367,1719969.889,5803156.1482,1729969.889,5793156.1482,,
9368,1719969.889,5793156.1482,1729969.889,5783156.1482,,
9369,1719969.889,5783156.1482,1729969.889,5773156.1482,,
9370,1719969.889,5773156.1482,1729969.889,5763156.1482,,
9371,1719969.889,5763156.1482,1729969.889,5753156.1482,,
9372,1719969.889,5753156.1482,1729969.889,5743156.1482,,
9373,1719969.889,5743156.1482,1729969.889,5733156.1482,,
9374,1719969.889,5733156.1482,1729969.889,5723156.1482,,
9375,1719969.889,5723156.1482,1729969.889,5713156.1482,,
9376,1719969.889,5713156.1482,1729969.889,5703156.1482,,
9377,1719969.889,5703156.1482,1729969.889,5693156.1482,74596.8102,33674.107
9378,1719969.889,5693156.1482,1729969.889,5683156.1482,88576458.3856,49221816.004
9379,1719969.889,5683156.1482,1729969.889,5673156.1482,829647594.4582,544894576.793
9380,1719969.889,5673156.1482,1729969.889,5663156.1482,478721887.312,357314489.558
9381,1719969.889,5663156.1482,1729969.889,5653156.1482,162399005.4678,153926400.353
9382,1719969.889,5653156.1482,1729969.889,5643156.1482,180587366.4013,184867893.354
9383,1719969.889,5643156.1482,1729969.889,5633156.1482,348372421.5062,360432477.981
9384,1719969.889,5633156.1482,1729969.889,5623156.1482,250969906.3289,258265940.591
9385,1719969.889,5623156.1482,1729969.889,5613156.1482,190411389.5665,196613750.016
9386,1719969.889,5613156.1482,1729969.889,5603156.1482,399750890.1713,358954499.106
9387,1719969.889,5603156.1482,1729969.889,5593156.1482,959628525.4885,809055992.591
9388,1719969.889,5593156.1482,1729969.889,5583156.1482,,
9389,1719969.889,5583156.1482,1729969.889,5573156.1482,,
9390,1719969.889,5573156.1482,1729969.889,5563156.1482,,
9391,1719969.889,5563156.1482,1729969.889,5553156.1482,,
9392,1719969.889,5553156.1482,1729969.889,5543156.1482,,
9393,1719969.889,5543156.1482,1729969.889,5533156.1482,,
9394,1719969.889,5533156.1482,1729969.889,5523156.1482,,
9395,1719969.889,5523156.1482,1729969.889,5513156.1482,,
9396,1719969.889,5513156.1482,1729969.889,5503156.1482,,
9397,1719969.889,5503156.1482,1729969.889,5493156.1482,,
9398,1719969.889,5493156.1482,1729969.889,5483156.1482,,
9399,1719969.889,5483156.1482,1729969.889,5473156.1482,,
9400,1719969.889,5473156.1482,1729969.889,5463156.1482,,
9401,1719969.889,5463156.1482,1729969.889,5453156.1482,,
9402,1719969.889,5453156.1482,1729969.889,5443156.1482,819385.6632,414830.288
9403,1719969.889,5443156.1482,1729969.889,5433156.1482,,
9404,1719969.889,5433156.1482,1729969.889,5423156.1482,,
9405,1719969.889,5423156.1482,1729969.889,5413156.1482,,
9406,1719969.889,5413156.1482,1729969.889,5403156.1482,,
9407,1719969.889,5403156.1482,1729969.889,5393156.1482,,
9408,1719969.889,5393156.1482,1729969.889,5383156.1482,,
9409,1719969.889,5383156.1482,1729969.889,5373156.1482,,
9410,1719969.889,5373156.1482,1729969.889,5363156.1482,,
9411,1719969.889,5363156.1482,1729969.889,5353156.1482,,
9412,1719969.889,5353156.1482,1729969.889,5343156.1482,,
9413,1719969.889,5343156.1482,1729969.889,5333156.1482,,
9414,1719969.889,5333156.1482,1729969.889,5323156.1482,,
9415,1719969.889,5323156.1482,1729969.889,5313156.1482,,
9416,1719969.889,5313156.1482,1729969.889,5303156.1482,,
9417,1719969.889,5303156.1482,1729969.889,5293156.1482,,
9418,1719969.889,5293156.1482,1729969.889,5283156.1482,,
9419,1719969.889,5283156.1482,1729969.889,5273156.1482,,
9420,1719969.889,5273156.1482,1729969.889,5263156.1482,,
9421,1719969.889,5263156.1482,1729969.889,5253156.1482,,
9422,1719969.889,5253156.1482,1729969.889,5243156.1482,,
9423,1719969.889,5243156.1482,1729969.889,5233156.1482,,
9424,1719969.889,5233156.1482,1729969.889,5223156.1482,,
9425,1719969.889,5223156.1482,1729969.889,5213156.1482,,
9426,1719969.889,5213156.1482,1729969.889,5203156.1482,,
9427,1719969.889,5203156.1482,1729969.889,5193156.1482,,
9428,1719969.889,5193156.1482,1729969.889,5183156.1482,,
9429,1719969.889,5183156.1482,1729969.889,5173156.1482,,
9430,1719969.889,5173156.1482,1729969.889,5163156.1482,,
9431,1719969.889,5163156.1482,1729969.889,5153156.1482,,
9432,1719969.889,5153156.1482,1729969.889,5143156.1482,,
9433,1719969.889,5143156.1482,1729969.889,5133156.1482,,
9434,1719969.889,5133156.1482,1729969.889,5123156.1482,,
9435,1719969.889,5123156.1482,1729969.889,5113156.1482,,
9436,1719969.889,5113156.1482,1729969.889,5103156.1482,,
9437,1719969.889,5103156.1482,1729969.889,5093156.1482,,
9438,1719969.889,5093156.1482,1729969.889,5083156.1482,,
9439,1719969.889,5083156.1482,1729969.889,5073156.1482,,
9440,1719969.889,5073156.1482,1729969.889,5063156.1482,,
9441,1719969.889,5063156.1482,1729969.889,5053156.1482,,
9442,1719969.889,5053156.1482,1729969.889,5043156.1482,,
9443,1719969.889,5043156.1482,1729969.889,5033156.1482,,
9444,1719969.889,5033156.1482,1729969.889,5023156.1482,,
9445,1719969.889,5023156.1482,1729969.889,5013156.1482,,
9446,1719969.889,5013156.1482,1729969.889,5003156.1482,,
9447,1719969.889,5003156.1482,1729969.889,4993156.1482,,
9448,1719969.889,4993156.1482,1729969.889,4983156.1482,,
9449,1719969.889,4983156.1482,1729969.889,4973156.1482,,
9450,1719969.889,4973156.1482,1729969.889,4963156.1482,,
9451,1719969.889,4963156.1482,1729969.889,4953156.1482,,
9452,1719969.889,4953156.1482,1729969.889,4943156.1482,,
9453,1719969.889,4943156.1482,1729969.889,4933156.1482,,
9454,1719969.889,4933156.1482,1729969.889,4923156.1482,,
9455,1719969.889,4923156.1482,1729969.889,4913156.1482,,
9456,1719969.889,4913156.1482,1729969.889,4903156.1482,,
9457,1719969.889,4903156.1482,1729969.889,4893156.1482,,
9458,1719969.889,4893156.1482,1729969.889,4883156.1482,,
9459,1719969.889,4883156.1482,1729969.889,4873156.1482,,
9460,1719969.889,4873156.1482,1729969.889,4863156.1482,,
9461,1719969.889,4863156.1482,1729969.889,4853156.1482,,
9462,1719969.889,4853156.1482,1729969.889,4843156.1482,,
9463,1719969.889,4843156.1482,1729969.889,4833156.1482,,
9464,1719969.889,4833156.1482,1729969.889,4823156.1482,,
9465,1719969.889,4823156.1482,1729969.889,4813156.1482,,
9466,1719969.889,4813156.1482,1729969.889,4803156.1482,,
9467,1719969.889,4803156.1482,1729969.889,4793156.1482,,
9468,1719969.889,4793156.1482,1729969.889,4783156.1482,,
9469,1719969.889,4783156.1482,1729969.889,4773156.1482,,
9470,1719969.889,4773156.1482,1729969.889,4763156.1482,,
9471,1719969.889,4763156.1482,1729969.889,4753156.1482,,
9472,1719969.889,4753156.1482,1729969.889,4743156.1482,,
9473,1729969.889,6223156.1482,1739969.889,6213156.1482,,
9474,1729969.889,6213156.1482,1739969.889,6203156.1482,,
9475,1729969.889,6203156.1482,1739969.889,6193156.1482,,
9476,1729969.889,6193156.1482,1739969.889,6183156.1482,,
9477,1729969.889,6183156.1482,1739969.889,6173156.1482,,
9478,1729969.889,6173156.1482,1739969.889,6163156.1482,,
9479,1729969.889,6163156.1482,1739969.889,6153156.1482,,
9480,1729969.889,6153156.1482,1739969.889,6143156.1482,,
9481,1729969.889,6143156.1482,1739969.889,6133156.1482,,
9482,1729969.889,6133156.1482,1739969.889,6123156.1482,,
9483,1729969.889,6123156.1482,1739969.889,6113156.1482,,
9484,1729969.889,6113156.1482,1739969.889,6103156.1482,,
9485,1729969.889,6103156.1482,1739969.889,6093156.1482,,
9486,1729969.889,6093156.1482,1739969.889,6083156.1482,,
9487,1729969.889,6083156.1482,1739969.889,6073156.1482,27769464.9257,14994901.966
9488,1729969.889,6073156.1482,1739969.889,6063156.1482,601309838.4368,326095013.115
9489,1729969.889,6063156.1482,1739969.889,6053156.1482,4449919167.603,2607810203.656
9490,1729969.889,6053156.1482,1739969.889,6043156.1482,1376776255.1014,1040977161.623
9491,1729969.889,6043156.1482,1739969.889,6033156.1482,2625628794.3369,2457412721.522
9492,1729969.889,6033156.1482,1739969.889,6023156.1482,4421944143.7141,4131999617.327
9493,1729969.889,6023156.1482,1739969.889,6013156.1482,790064984.6719,644247747.526
9494,1729969.889,6013156.1482,1739969.889,6003156.1482,3092826258.5792,2302411905.821
9495,1729969.889,6003156.1482,1739969.889,5993156.1482,3310681214.6205,1792817296.756
9496,1729969.889,5993156.1482,1739969.889,5983156.1482,2378634529.5206,1167670021.981
9497,1729969.889,5983156.1482,1739969.889,5973156.1482,2874938106.7062,2083186054.018
9498,1729969.889,5973156.1482,1739969.889,5963156.1482,1423696679.3149,1174560603.133
9499,1729969.889,5963156.1482,1739969.889,5953156.1482,1154255821.5515,1013844317.56
9500,1729969.889,5953156.1482,1739969.889,5943156.1482,4101998432.9842,3917332669.062
9501,1729969.889,5943156.1482,1739969.889,5933156.1482,5120785090.8549,5217929343.288
9502,1729969.889,5933156.1482,1739969.889,5923156.1482,15111669545.0656,14343512992.119
9503,1729969.889,5923156.1482,1739969.889,5913156.1482,6724689386.707,7038059365.802
9504,1729969.889,5913156.1482,1739969.889,5903156.1482,3758691727.9645,2588388317.512
9505,1729969.889,5903156.1482,1739969.889,5893156.1482,903102636.1831,727400996.802
9506,1729969.889,5893156.1482,1739969.889,5883156.1482,107057437.0083,80242064.123
9507,1729969.889,5883156.1482,1739969.889,5873156.1482,,
9508,1729969.889,5873156.1482,1739969.889,5863156.1482,,
9509,1729969.889,5863156.1482,1739969.889,5853156.1482,,
9510,1729969.889,5853156.1482,1739969.889,5843156.1482,,
9511,1729969.889,5843156.1482,1739969.889,5833156.1482,,
9512,1729969.889,5833156.1482,1739969.889,5823156.1482,,
9513,1729969.889,5823156.1482,1739969.889,5813156.1482,,
9514,1729969.889,5813156.1482,1739969.889,5803156.1482,,
9515,1729969.889,5803156.1482,1739969.889,5793156.1482,,
9516,1729969.889,5793156.1482,1739969.889,5783156.1482,,
9517,1729969.889,5783156.1482,1739969.889,5773156.1482,,
9518,1729969.889,5773156.1482,1739969.889,5763156.1482,,
9519,1729969.889,5763156.1482,1739969.889,5753156.1482,,
9520,1729969.889,5753156.1482,1739969.889,5743156.1482,,
9521,1729969.889,5743156.1482,1739969.889,5733156.1482,,
9522,1729969.889,5733156.1482,1739969.889,5723156.1482,,
9523,1729969.889,5723156.1482,1739969.889,5713156.1482,33982.9054,15340.388
9524,1729969.889,5713156.1482,1739969.889,5703156.1482,10489267.3807,4735010.983
9525,1729969.889,5703156.1482,1739969.889,5693156.1482,58062828.6992,26210422.672
9526,1729969.889,5693156.1482,1739969.889,5683156.1482,112419488.1909,50747825.555
9527,1729969.889,5683156.1482,1739969.889,5673156.1482,111714323.6615,50635007.186
9528,1729969.889,5673156.1482,1739969.889,5663156.1482,99065524.8706,84067820.362
9529,1729969.889,5663156.1482,1739969.889,5653156.1482,52013967.7051,46849850.519
9530,1729969.889,5653156.1482,1739969.889,5643156.1482,43955441.7701,39503877.913
9531,1729969.889,5643156.1482,1739969.889,5633156.1482,264513476.1495,268989469.434
9532,1729969.889,5633156.1482,1739969.889,5623156.1482,242071332.3008,248873891.144
9533,1729969.889,5623156.1482,1739969.889,5613156.1482,78790514.8187,80825050.51
9534,1729969.889,5613156.1482,1739969.889,5603156.1482,111432070.5246,106935497.89
9535,1729969.889,5603156.1482,1739969.889,5593156.1482,586926824.5216,519744629.923
9536,1729969.889,5593156.1482,1739969.889,5583156.1482,149726521.5292,131920204.007
9537,1729969.889,5583156.1482,1739969.889,5573156.1482,,
9538,1729969.889,5573156.1482,1739969.889,5563156.1482,,
9539,1729969.889,5563156.1482,1739969.889,5553156.1482,,
9540,1729969.889,5553156.1482,1739969.889,5543156.1482,,
9541,1729969.889,5543156.1482,1739969.889,5533156.1482,,
9542,1729969.889,5533156.1482,1739969.889,5523156.1482,,
9543,1729969.889,5523156.1482,1739969.889,5513156.1482,,
9544,1729969.889,5513156.1482,1739969.889,5503156.1482,,
9545,1729969.889,5503156.1482,1739969.889,5493156.1482,,
9546,1729969.889,5493156.1482,1739969.889,5483156.1482,,
9547,1729969.889,5483156.1482,1739969.889,5473156.1482,,
9548,1729969.889,5473156.1482,1739969.889,5463156.1482,,
9549,1729969.889,5463156.1482,1739969.889,5453156.1482,,
9550,1729969.889,5453156.1482,1739969.889,5443156.1482,,
9551,1729969.889,5443156.1482,1739969.889,5433156.1482,6287852.3726,7556125.067
9552,1729969.889,5433156.1482,1739969.889,5423156.1482,1206912940.1364,1450349750.733
9553,1729969.889,5423156.1482,1739969.889,5413156.1482,44670854.5632,53681057.371
9554,1729969.889,5413156.1482,1739969.889,5403156.1482,,
9555,1729969.889,5403156.1482,1739969.889,5393156.1482,,
9556,1729969.889,5393156.1482,1739969.889,5383156.1482,,
9557,1729969.889,5383156.1482,1739969.889,5373156.1482,,
9558,1729969.889,5373156.1482,1739969.889,5363156.1482,,
9559,1729969.889,5363156.1482,1739969.889,5353156.1482,,
9560,1729969.889,5353156.1482,1739969.889,5343156.1482,,
9561,1729969.889,5343156.1482,1739969.889,5333156.1482,,
9562,1729969.889,5333156.1482,1739969.889,5323156.1482,,
9563,1729969.889,5323156.1482,1739969.889,5313156.1482,,
9564,1729969.889,5313156.1482,1739969.889,5303156.1482,,
9565,1729969.889,5303156.1482,1739969.889,5293156.1482,,
9566,1729969.889,5293156.1482,1739969.889,5283156.1482,,
9567,1729969.889,5283156.1482,1739969.889,5273156.1482,,
9568,1729969.889,5273156.1482,1739969.889,5263156.1482,,
9569,1729969.889,5263156.1482,1739969.889,5253156.1482,,
9570,1729969.889,5253156.1482,1739969.889,5243156.1482,,
9571,1729969.889,5243156.1482,1739969.889,5233156.1482,,
9572,1729969.889,5233156.1482,1739969.889,5223156.1482,,
9573,1729969.889,5223156.1482,1739969.889,5213156.1482,,
9574,1729969.889,5213156.1482,1739969.889,5203156.1482,,
9575,1729969.889,5203156.1482,1739969.889,5193156.1482,,
9576,1729969.889,5193156.1482,1739969.889,5183156.1482,,
9577,1729969.889,5183156.1482,1739969.889,5173156.1482,,
9578,1729969.889,5173156.1482,1739969.889,5163156.1482,,
9579,1729969.889,5163156.1482,1739969.889,5153156.1482,,
9580,1729969.889,5153156.1482,1739969.889,5143156.1482,,
9581,1729969.889,5143156.1482,1739969.889,5133156.1482,,
9582,1729969.889,5133156.1482,1739969.889,5123156.1482,,
9583,1729969.889,5123156.1482,1739969.889,5113156.1482,,
9584,1729969.889,5113156.1482,1739969.889,5103156.1482,,
9585,1729969.889,5103156.1482,1739969.889,5093156.1482,,
9586,1729969.889,5093156.1482,1739969.889,5083156.1482,,
9587,1729969.889,5083156.1482,1739969.889,5073156.1482,,
9588,1729969.889,5073156.1482,1739969.889,5063156.1482,,
9589,1729969.889,5063156.1482,1739969.889,5053156.1482,,
9590,1729969.889,5053156.1482,1739969.889,5043156.1482,,
9591,1729969.889,5043156.1482,1739969.889,5033156.1482,,
9592,1729969.889,5033156.1482,1739969.889,5023156.1482,,
9593,1729969.889,5023156.1482,1739969.889,5013156.1482,,
9594,1729969.889,5013156.1482,1739969.889,5003156.1482,,
9595,1729969.889,5003156.1482,1739969.889,4993156.1482,,
9596,1729969.889,4993156.1482,1739969.889,4983156.1482,,
9597,1729969.889,4983156.1482,1739969.889,4973156.1482,,
9598,1729969.889,4973156.1482,1739969.889,4963156.1482,,
9599,1729969.889,4963156.1482,1739969.889,4953156.1482,,
9600,1729969.889,4953156.1482,1739969.889,4943156.1482,,
9601,1729969.889,4943156.1482,1739969.889,4933156.1482,,
9602,1729969.889,4933156.1482,1739969.889,4923156.1482,,
9603,1729969.889,4923156.1482,1739969.889,4913156.1482,,
9604,1729969.889,4913156.1482,1739969.889,4903156.1482,,
9605,1729969.889,4903156.1482,1739969.889,4893156.1482,,
9606,1729969.889,4893156.1482,1739969.889,4883156.1482,,
9607,1729969.889,4883156.1482,1739969.889,4873156.1482,,
9608,1729969.889,4873156.1482,1739969.889,4863156.1482,,
9609,1729969.889,4863156.1482,1739969.889,4853156.1482,,
9610,1729969.889,4853156.1482,1739969.889,4843156.1482,,
9611,1729969.889,4843156.1482,1739969.889,4833156.1482,,
9612,1729969.889,4833156.1482,1739969.889,4823156.1482,,
9613,1729969.889,4823156.1482,1739969.889,4813156.1482,,
9614,1729969.889,4813156.1482,1739969.889,4803156.1482,,
9615,1729969.889,4803156.1482,1739969.889,4793156.1482,,
9616,1729969.889,4793156.1482,1739969.889,4783156.1482,,
9617,1729969.889,4783156.1482,1739969.889,4773156.1482,,
9618,1729969.889,4773156.1482,1739969.889,4763156.1482,,
9619,1729969.889,4763156.1482,1739969.889,4753156.1482,,
9620,1729969.889,4753156.1482,1739969.889,4743156.1482,,
9621,1739969.889,6223156.1482,1749969.889,6213156.1482,,
9622,1739969.889,6213156.1482,1749969.889,6203156.1482,,
9623,1739969.889,6203156.1482,1749969.889,6193156.1482,,
9624,1739969.889,6193156.1482,1749969.889,6183156.1482,,
9625,1739969.889,6183156.1482,1749969.889,6173156.1482,,
9626,1739969.889,6173156.1482,1749969.889,6163156.1482,,
9627,1739969.889,6163156.1482,1749969.889,6153156.1482,,
9628,1739969.889,6153156.1482,1749969.889,6143156.1482,,
9629,1739969.889,6143156.1482,1749969.889,6133156.1482,,
9630,1739969.889,6133156.1482,1749969.889,6123156.1482,,
9631,1739969.889,6123156.1482,1749969.889,6113156.1482,,
9632,1739969.889,6113156.1482,1749969.889,6103156.1482,,
9633,1739969.889,6103156.1482,1749969.889,6093156.1482,,
9634,1739969.889,6093156.1482,1749969.889,6083156.1482,,
9635,1739969.889,6083156.1482,1749969.889,6073156.1482,,
9636,1739969.889,6073156.1482,1749969.889,6063156.1482,,
9637,1739969.889,6063156.1482,1749969.889,6053156.1482,2088718.4412,1136914.591
9638,1739969.889,6053156.1482,1749969.889,6043156.1482,53156427.4459,38920547.819
9639,1739969.889,6043156.1482,1749969.889,6033156.1482,163258808.8774,122810747.978
9640,1739969.889,6033156.1482,1749969.889,6023156.1482,198004929.7846,150519433.028
9641,1739969.889,6023156.1482,1749969.889,6013156.1482,,
9642,1739969.889,6013156.1482,1749969.889,6003156.1482,3498024577.0984,2346541818.807
9643,1739969.889,6003156.1482,1749969.889,5993156.1482,3939539070.6651,2756291322.313
9644,1739969.889,5993156.1482,1749969.889,5983156.1482,2235370346.981,1114044146.766
9645,1739969.889,5983156.1482,1749969.889,5973156.1482,4012976355.2382,1900239280.124
9646,1739969.889,5973156.1482,1749969.889,5963156.1482,9336900453.2362,6841715799.893
9647,1739969.889,5963156.1482,1749969.889,5953156.1482,2473962995.0592,1879901829.959
9648,1739969.889,5953156.1482,1749969.889,5943156.1482,14759802824.8655,15244600401.889
9649,1739969.889,5943156.1482,1749969.889,5933156.1482,7477198356.5218,7486828217.174
9650,1739969.889,5933156.1482,1749969.889,5923156.1482,36512349158.1895,41297896829.668
9651,1739969.889,5923156.1482,1749969.889,5913156.1482,136386932719.444,140705665838.27
9652,1739969.889,5913156.1482,1749969.889,5903156.1482,30463090968.4425,35086942065.491
9653,1739969.889,5903156.1482,1749969.889,5893156.1482,961337279.7125,723517267.022
9654,1739969.889,5893156.1482,1749969.889,5883156.1482,1735122221.5078,1300813433.298
9655,1739969.889,5883156.1482,1749969.889,5873156.1482,1211191588.4487,917133695.093
9656,1739969.889,5873156.1482,1749969.889,5863156.1482,253459948.3547,336337256.157
9657,1739969.889,5863156.1482,1749969.889,5853156.1482,,
9658,1739969.889,5853156.1482,1749969.889,5843156.1482,,
9659,1739969.889,5843156.1482,1749969.889,5833156.1482,,
9660,1739969.889,5833156.1482,1749969.889,5823156.1482,,
9661,1739969.889,5823156.1482,1749969.889,5813156.1482,,
9662,1739969.889,5813156.1482,1749969.889,5803156.1482,,
9663,1739969.889,5803156.1482,1749969.889,5793156.1482,,
9664,1739969.889,5793156.1482,1749969.889,5783156.1482,,
9665,1739969.889,5783156.1482,1749969.889,5773156.1482,7218644.9089,5083523.154
9666,1739969.889,5773156.1482,1749969.889,5763156.1482,1193753.3295,840666.464
9667,1739969.889,5763156.1482,1749969.889,5753156.1482,6724941.712,4735846.871
9668,1739969.889,5753156.1482,1749969.889,5743156.1482,42612301.6804,30008488.432
9669,1739969.889,5743156.1482,1749969.889,5733156.1482,49171414.8017,34627555.285
9670,1739969.889,5733156.1482,1749969.889,5723156.1482,55494724.4241,39080564.303
9671,1739969.889,5723156.1482,1749969.889,5713156.1482,63802577.7503,44811379.233
9672,1739969.889,5713156.1482,1749969.889,5703156.1482,107727921.9843,50491370.937
9673,1739969.889,5703156.1482,1749969.889,5693156.1482,112411735.7483,50744325.988
9674,1739969.889,5693156.1482,1749969.889,5683156.1482,106154039.5956,49716472.725
9675,1739969.889,5683156.1482,1749969.889,5673156.1482,93313230.7329,47609828.774
9676,1739969.889,5673156.1482,1749969.889,5663156.1482,40289672.5713,31133520.482
9677,1739969.889,5663156.1482,1749969.889,5653156.1482,38556027.3081,34547481.768
9678,1739969.889,5653156.1482,1749969.889,5643156.1482,43952411.4095,39501154.451
9679,1739969.889,5643156.1482,1749969.889,5633156.1482,170223043.721,171502567.907
9680,1739969.889,5633156.1482,1749969.889,5623156.1482,167340055.7225,171199093.572
9681,1739969.889,5623156.1482,1749969.889,5613156.1482,65558514.8164,67098949.861
9682,1739969.889,5613156.1482,1749969.889,5603156.1482,65558515.3481,67098950.405
9683,1739969.889,5603156.1482,1749969.889,5593156.1482,199865959.3742,183727813.873
9684,1739969.889,5593156.1482,1749969.889,5583156.1482,469987546.5612,414311153.785
9685,1739969.889,5583156.1482,1749969.889,5573156.1482,,
9686,1739969.889,5573156.1482,1749969.889,5563156.1482,,
9687,1739969.889,5563156.1482,1749969.889,5553156.1482,,
9688,1739969.889,5553156.1482,1749969.889,5543156.1482,,
9689,1739969.889,5543156.1482,1749969.889,5533156.1482,,
9690,1739969.889,5533156.1482,1749969.889,5523156.1482,,
9691,1739969.889,5523156.1482,1749969.889,5513156.1482,,
9692,1739969.889,5513156.1482,1749969.889,5503156.1482,,
9693,1739969.889,5503156.1482,1749969.889,5493156.1482,,
9694,1739969.889,5493156.1482,1749969.889,5483156.1482,,
9695,1739969.889,5483156.1482,1749969.889,5473156.1482,,
9696,1739969.889,5473156.1482,1749969.889,5463156.1482,,
9697,1739969.889,5463156.1482,1749969.889,5453156.1482,,
9698,1739969.889,5453156.1482,1749969.889,5443156.1482,60125280.8483,65865528.205
9699,1739969.889,5443156.1482,1749969.889,5433156.1482,1975951642.1028,2384105937.584
9700,1739969.889,5433156.1482,1749969.889,5423156.1482,103305605682.739,114556286904.233
9701,1739969.889,5423156.1482,1749969.889,5413156.1482,7040435513.3752,8847517053.042
9702,1739969.889,5413156.1482,1749969.889,5403156.1482,,
9703,1739969.889,5403156.1482,1749969.889,5393156.1482,,
9704,1739969.889,5393156.1482,1749969.889,5383156.1482,,
9705,1739969.889,5383156.1482,1749969.889,5373156.1482,,
9706,1739969.889,5373156.1482,1749969.889,5363156.1482,,
9707,1739969.889,5363156.1482,1749969.889,5353156.1482,,
9708,1739969.889,5353156.1482,1749969.889,5343156.1482,,
9709,1739969.889,5343156.1482,1749969.889,5333156.1482,,
9710,1739969.889,5333156.1482,1749969.889,5323156.1482,,
9711,1739969.889,5323156.1482,1749969.889,5313156.1482,,
9712,1739969.889,5313156.1482,1749969.889,5303156.1482,,
9713,1739969.889,5303156.1482,1749969.889,5293156.1482,,
9714,1739969.889,5293156.1482,1749969.889,5283156.1482,,
9715,1739969.889,5283156.1482,1749969.889,5273156.1482,,
9716,1739969.889,5273156.1482,1749969.889,5263156.1482,,
9717,1739969.889,5263156.1482,1749969.889,5253156.1482,,
9718,1739969.889,5253156.1482,1749969.889,5243156.1482,,
9719,1739969.889,5243156.1482,1749969.889,5233156.1482,,
9720,1739969.889,5233156.1482,1749969.889,5223156.1482,,
9721,1739969.889,5223156.1482,1749969.889,5213156.1482,,
9722,1739969.889,5213156.1482,1749969.889,5203156.1482,,
9723,1739969.889,5203156.1482,1749969.889,5193156.1482,,
9724,1739969.889,5193156.1482,1749969.889,5183156.1482,,
9725,1739969.889,5183156.1482,1749969.889,5173156.1482,,
9726,1739969.889,5173156.1482,1749969.889,5163156.1482,,
9727,1739969.889,5163156.1482,1749969.889,5153156.1482,,
9728,1739969.889,5153156.1482,1749969.889,5143156.1482,,
9729,1739969.889,5143156.1482,1749969.889,5133156.1482,,
9730,1739969.889,5133156.1482,1749969.889,5123156.1482,,
9731,1739969.889,5123156.1482,1749969.889,5113156.1482,,
9732,1739969.889,5113156.1482,1749969.889,5103156.1482,,
9733,1739969.889,5103156.1482,1749969.889,5093156.1482,,
9734,1739969.889,5093156.1482,1749969.889,5083156.1482,,
9735,1739969.889,5083156.1482,1749969.889,5073156.1482,,
9736,1739969.889,5073156.1482,1749969.889,5063156.1482,,
9737,1739969.889,5063156.1482,1749969.889,5053156.1482,,
9738,1739969.889,5053156.1482,1749969.889,5043156.1482,,
9739,1739969.889,5043156.1482,1749969.889,5033156.1482,,
9740,1739969.889,5033156.1482,1749969.889,5023156.1482,,
9741,1739969.889,5023156.1482,1749969.889,5013156.1482,,
9742,1739969.889,5013156.1482,1749969.889,5003156.1482,,
9743,1739969.889,5003156.1482,1749969.889,4993156.1482,,
9744,1739969.889,4993156.1482,1749969.889,4983156.1482,,
9745,1739969.889,4983156.1482,1749969.889,4973156.1482,,
9746,1739969.889,4973156.1482,1749969.889,4963156.1482,,
9747,1739969.889,4963156.1482,1749969.889,4953156.1482,,
9748,1739969.889,4953156.1482,1749969.889,4943156.1482,,
9749,1739969.889,4943156.1482,1749969.889,4933156.1482,,
9750,1739969.889,4933156.1482,1749969.889,4923156.1482,,
9751,1739969.889,4923156.1482,1749969.889,4913156.1482,,
9752,1739969.889,4913156.1482,1749969.889,4903156.1482,,
9753,1739969.889,4903156.1482,1749969.889,4893156.1482,,
9754,1739969.889,4893156.1482,1749969.889,4883156.1482,,
9755,1739969.889,4883156.1482,1749969.889,4873156.1482,,
9756,1739969.889,4873156.1482,1749969.889,4863156.1482,,
9757,1739969.889,4863156.1482,1749969.889,4853156.1482,,
9758,1739969.889,4853156.1482,1749969.889,4843156.1482,,
9759,1739969.889,4843156.1482,1749969.889,4833156.1482,,
9760,1739969.889,4833156.1482,1749969.889,4823156.1482,,
9761,1739969.889,4823156.1482,1749969.889,4813156.1482,,
9762,1739969.889,4813156.1482,1749969.889,4803156.1482,,
9763,1739969.889,4803156.1482,1749969.889,4793156.1482,,
9764,1739969.889,4793156.1482,1749969.889,4783156.1482,,
9765,1739969.889,4783156.1482,1749969.889,4773156.1482,,
9766,1739969.889,4773156.1482,1749969.889,4763156.1482,,
9767,1739969.889,4763156.1482,1749969.889,4753156.1482,,
9768,1739969.889,4753156.1482,1749969.889,4743156.1482,,
9769,1749969.889,6223156.1482,1759969.889,6213156.1482,,
9770,1749969.889,6213156.1482,1759969.889,6203156.1482,,
9771,1749969.889,6203156.1482,1759969.889,6193156.1482,,
9772,1749969.889,6193156.1482,1759969.889,6183156.1482,,
9773,1749969.889,6183156.1482,1759969.889,6173156.1482,,
9774,1749969.889,6173156.1482,1759969.889,6163156.1482,,
9775,1749969.889,6163156.1482,1759969.889,6153156.1482,,
9776,1749969.889,6153156.1482,1759969.889,6143156.1482,,
9777,1749969.889,6143156.1482,1759969.889,6133156.1482,,
9778,1749969.889,6133156.1482,1759969.889,6123156.1482,,
9779,1749969.889,6123156.1482,1759969.889,6113156.1482,,
9780,1749969.889,6113156.1482,1759969.889,6103156.1482,,
9781,1749969.889,6103156.1482,1759969.889,6093156.1482,,
9782,1749969.889,6093156.1482,1759969.889,6083156.1482,,
9783,1749969.889,6083156.1482,1759969.889,6073156.1482,18846964.7934,10176947.6
9784,1749969.889,6073156.1482,1759969.889,6063156.1482,14020376.237,7570695.646
9785,1749969.889,6063156.1482,1759969.889,6053156.1482,,
9786,1749969.889,6053156.1482,1759969.889,6043156.1482,,
9787,1749969.889,6043156.1482,1759969.889,6033156.1482,,
9788,1749969.889,6033156.1482,1759969.889,6023156.1482,101387850.8526,77073039.761
9789,1749969.889,6023156.1482,1759969.889,6013156.1482,136975415.5768,104126002.892
9790,1749969.889,6013156.1482,1759969.889,6003156.1482,,
9791,1749969.889,6003156.1482,1759969.889,5993156.1482,3251831.6348,1620619.153
9792,1749969.889,5993156.1482,1759969.889,5983156.1482,1169145595.2865,582668464.268
9793,1749969.889,5983156.1482,1759969.889,5973156.1482,6015936258.6886,2097279098.817
9794,1749969.889,5973156.1482,1759969.889,5963156.1482,9496805359.8388,5764343710.224
9795,1749969.889,5963156.1482,1759969.889,5953156.1482,1869284929.907,1125055186.472
9796,1749969.889,5953156.1482,1759969.889,5943156.1482,36967641991.4153,38410894050.808
9797,1749969.889,5943156.1482,1759969.889,5933156.1482,51471427706.9971,64083450785.497
9798,1749969.889,5933156.1482,1759969.889,5923156.1482,141109795995.614,162099397327.687
9799,1749969.889,5923156.1482,1759969.889,5913156.1482,340426917794.086,314224234230.82
9800,1749969.889,5913156.1482,1759969.889,5903156.1482,67082878890.1983,70480943530.275
9801,1749969.889,5903156.1482,1759969.889,5893156.1482,1252351052.5127,1269411536.516
9802,1749969.889,5893156.1482,1759969.889,5883156.1482,4449265045.6048,4292460328.448
9803,1749969.889,5883156.1482,1759969.889,5873156.1482,12194365655.8676,12378909090.244
9804,1749969.889,5873156.1482,1759969.889,5863156.1482,1273047996.9953,1710516419.321
9805,1749969.889,5863156.1482,1759969.889,5853156.1482,489556423.6705,314709749.19
9806,1749969.889,5853156.1482,1759969.889,5843156.1482,336762043.5987,182486610.047
9807,1749969.889,5843156.1482,1759969.889,5833156.1482,127589016.6564,92137600.208
9808,1749969.889,5833156.1482,1759969.889,5823156.1482,14333874.1228,17196107.779
9809,1749969.889,5823156.1482,1759969.889,5813156.1482,,
9810,1749969.889,5813156.1482,1759969.889,5803156.1482,283523233.064,223955817.886
9811,1749969.889,5803156.1482,1759969.889,5793156.1482,228084234.5908,180164393.418
9812,1749969.889,5793156.1482,1759969.889,5783156.1482,105546120.8063,51048873.199
9813,1749969.889,5783156.1482,1759969.889,5773156.1482,42114301.3773,29153900.011
9814,1749969.889,5773156.1482,1759969.889,5763156.1482,68550661.9702,48274832.986
9815,1749969.889,5763156.1482,1759969.889,5753156.1482,68527303.629,48258383.545
9816,1749969.889,5753156.1482,1759969.889,5743156.1482,68714319.5387,48390084.123
9817,1749969.889,5743156.1482,1759969.889,5733156.1482,68714320.121,48390084.534
9818,1749969.889,5733156.1482,1759969.889,5723156.1482,68714321.2865,48390085.354
9819,1749969.889,5723156.1482,1759969.889,5713156.1482,68714321.9618,48390085.83
9820,1749969.889,5713156.1482,1759969.889,5703156.1482,98713021.0745,51975706.523
9821,1749969.889,5703156.1482,1759969.889,5693156.1482,101690809.6874,63245491.403
9822,1749969.889,5693156.1482,1759969.889,5683156.1482,45293801.7123,28938428.482
9823,1749969.889,5683156.1482,1759969.889,5673156.1482,20988417.8161,18059064.069
9824,1749969.889,5673156.1482,1759969.889,5663156.1482,6188897.957,4835396.952
9825,1749969.889,5663156.1482,1759969.889,5653156.1482,7527250.2602,6063867.397
9826,1749969.889,5653156.1482,1759969.889,5643156.1482,33011488.2454,29708698.989
9827,1749969.889,5643156.1482,1759969.889,5633156.1482,51798011.9328,49523689.318
9828,1749969.889,5633156.1482,1759969.889,5623156.1482,65553671.3827,67093992.621
9829,1749969.889,5623156.1482,1759969.889,5613156.1482,65553671.2732,67093992.509
9830,1749969.889,5613156.1482,1759969.889,5603156.1482,65553673.0236,67093994.3
9831,1749969.889,5603156.1482,1759969.889,5593156.1482,88058354.4274,86024657.571
9832,1749969.889,5593156.1482,1759969.889,5583156.1482,815879637.3625,703602891.445
9833,1749969.889,5583156.1482,1759969.889,5573156.1482,,
9834,1749969.889,5573156.1482,1759969.889,5563156.1482,,
9835,1749969.889,5563156.1482,1759969.889,5553156.1482,,
9836,1749969.889,5553156.1482,1759969.889,5543156.1482,,
9837,1749969.889,5543156.1482,1759969.889,5533156.1482,,
9838,1749969.889,5533156.1482,1759969.889,5523156.1482,,
9839,1749969.889,5523156.1482,1759969.889,5513156.1482,,
9840,1749969.889,5513156.1482,1759969.889,5503156.1482,,
9841,1749969.889,5503156.1482,1759969.889,5493156.1482,,
9842,1749969.889,5493156.1482,1759969.889,5483156.1482,,
9843,1749969.889,5483156.1482,1759969.889,5473156.1482,11092618.4151,7395078.943
9844,1749969.889,5473156.1482,1759969.889,5463156.1482,10798798.5245,7199199.016
9845,1749969.889,5463156.1482,1759969.889,5453156.1482,1586230360.3613,1706516328.445
9846,1749969.889,5453156.1482,1759969.889,5443156.1482,35539349483.4029,36563480397.455
9847,1749969.889,5443156.1482,1759969.889,5433156.1482,66511778205.5268,71938142088.207
9848,1749969.889,5433156.1482,1759969.889,5423156.1482,27749462979.6638,31810321747.285
9849,1749969.889,5423156.1482,1759969.889,5413156.1482,3367382624.631,3941010406.22
9850,1749969.889,5413156.1482,1759969.889,5403156.1482,23990901.4348,26714593.541
9851,1749969.889,5403156.1482,1759969.889,5393156.1482,,
9852,1749969.889,5393156.1482,1759969.889,5383156.1482,,
9853,1749969.889,5383156.1482,1759969.889,5373156.1482,,
9854,1749969.889,5373156.1482,1759969.889,5363156.1482,,
9855,1749969.889,5363156.1482,1759969.889,5353156.1482,,
9856,1749969.889,5353156.1482,1759969.889,5343156.1482,,
9857,1749969.889,5343156.1482,1759969.889,5333156.1482,,
9858,1749969.889,5333156.1482,1759969.889,5323156.1482,,
9859,1749969.889,5323156.1482,1759969.889,5313156.1482,,
9860,1749969.889,5313156.1482,1759969.889,5303156.1482,,
9861,1749969.889,5303156.1482,1759969.889,5293156.1482,,
9862,1749969.889,5293156.1482,1759969.889,5283156.1482,,
9863,1749969.889,5283156.1482,1759969.889,5273156.1482,,
9864,1749969.889,5273156.1482,1759969.889,5263156.1482,,
9865,1749969.889,5263156.1482,1759969.889,5253156.1482,,
9866,1749969.889,5253156.1482,1759969.889,5243156.1482,,
9867,1749969.889,5243156.1482,1759969.889,5233156.1482,,
9868,1749969.889,5233156.1482,1759969.889,5223156.1482,,
9869,1749969.889,5223156.1482,1759969.889,5213156.1482,,
9870,1749969.889,5213156.1482,1759969.889,5203156.1482,,
9871,1749969.889,5203156.1482,1759969.889,5193156.1482,,
9872,1749969.889,5193156.1482,1759969.889,5183156.1482,,
9873,1749969.889,5183156.1482,1759969.889,5173156.1482,,
9874,1749969.889,5173156.1482,1759969.889,5163156.1482,,
9875,1749969.889,5163156.1482,1759969.889,5153156.1482,,
9876,1749969.889,5153156.1482,1759969.889,5143156.1482,,
9877,1749969.889,5143156.1482,1759969.889,5133156.1482,,
9878,1749969.889,5133156.1482,1759969.889,5123156.1482,,
9879,1749969.889,5123156.1482,1759969.889,5113156.1482,,
9880,1749969.889,5113156.1482,1759969.889,5103156.1482,,
9881,1749969.889,5103156.1482,1759969.889,5093156.1482,,
9882,1749969.889,5093156.1482,1759969.889,5083156.1482,,
9883,1749969.889,5083156.1482,1759969.889,5073156.1482,,
9884,1749969.889,5073156.1482,1759969.889,5063156.1482,,
9885,1749969.889,5063156.1482,1759969.889,5053156.1482,,
9886,1749969.889,5053156.1482,1759969.889,5043156.1482,,
9887,1749969.889,5043156.1482,1759969.889,5033156.1482,,
9888,1749969.889,5033156.1482,1759969.889,5023156.1482,,
9889,1749969.889,5023156.1482,1759969.889,5013156.1482,,
9890,1749969.889,5013156.1482,1759969.889,5003156.1482,,
9891,1749969.889,5003156.1482,1759969.889,4993156.1482,,
9892,1749969.889,4993156.1482,1759969.889,4983156.1482,,
9893,1749969.889,4983156.1482,1759969.889,4973156.1482,,
9894,1749969.889,4973156.1482,1759969.889,4963156.1482,,
9895,1749969.889,4963156.1482,1759969.889,4953156.1482,,
9896,1749969.889,4953156.1482,1759969.889,4943156.1482,,
9897,1749969.889,4943156.1482,1759969.889,4933156.1482,,
9898,1749969.889,4933156.1482,1759969.889,4923156.1482,,
9899,1749969.889,4923156.1482,1759969.889,4913156.1482,,
9900,1749969.889,4913156.1482,1759969.889,4903156.1482,,
9901,1749969.889,4903156.1482,1759969.889,4893156.1482,,
9902,1749969.889,4893156.1482,1759969.889,4883156.1482,,
9903,1749969.889,4883156.1482,1759969.889,4873156.1482,,
9904,1749969.889,4873156.1482,1759969.889,4863156.1482,,
9905,1749969.889,4863156.1482,1759969.889,4853156.1482,,
9906,1749969.889,4853156.1482,1759969.889,4843156.1482,,
9907,1749969.889,4843156.1482,1759969.889,4833156.1482,,
9908,1749969.889,4833156.1482,1759969.889,4823156.1482,,
9909,1749969.889,4823156.1482,1759969.889,4813156.1482,,
9910,1749969.889,4813156.1482,1759969.889,4803156.1482,,
9911,1749969.889,4803156.1482,1759969.889,4793156.1482,,
9912,1749969.889,4793156.1482,1759969.889,4783156.1482,,
9913,1749969.889,4783156.1482,1759969.889,4773156.1482,,
9914,1749969.889,4773156.1482,1759969.889,4763156.1482,,
9915,1749969.889,4763156.1482,1759969.889,4753156.1482,,
9916,1749969.889,4753156.1482,1759969.889,4743156.1482,,
9917,1759969.889,6223156.1482,1769969.889,6213156.1482,,
9918,1759969.889,6213156.1482,1769969.889,6203156.1482,,
9919,1759969.889,6203156.1482,1769969.889,6193156.1482,,
9920,1759969.889,6193156.1482,1769969.889,6183156.1482,,
9921,1759969.889,6183156.1482,1769969.889,6173156.1482,,
9922,1759969.889,6173156.1482,1769969.889,6163156.1482,,
9923,1759969.889,6163156.1482,1769969.889,6153156.1482,,
9924,1759969.889,6153156.1482,1769969.889,6143156.1482,,
9925,1759969.889,6143156.1482,1769969.889,6133156.1482,,
9926,1759969.889,6133156.1482,1769969.889,6123156.1482,,
9927,1759969.889,6123156.1482,1769969.889,6113156.1482,,
9928,1759969.889,6113156.1482,1769969.889,6103156.1482,,
9929,1759969.889,6103156.1482,1769969.889,6093156.1482,,
9930,1759969.889,6093156.1482,1769969.889,6083156.1482,,
9931,1759969.889,6083156.1482,1769969.889,6073156.1482,,
9932,1759969.889,6073156.1482,1769969.889,6063156.1482,,
9933,1759969.889,6063156.1482,1769969.889,6053156.1482,,
9934,1759969.889,6053156.1482,1769969.889,6043156.1482,,
9935,1759969.889,6043156.1482,1769969.889,6033156.1482,,
9936,1759969.889,6033156.1482,1769969.889,6023156.1482,11668543.5568,8870196.123
9937,1759969.889,6023156.1482,1769969.889,6013156.1482,,
9938,1759969.889,6013156.1482,1769969.889,6003156.1482,,
9939,1759969.889,6003156.1482,1769969.889,5993156.1482,,
9940,1759969.889,5993156.1482,1769969.889,5983156.1482,101625998.536,50647468.318
9941,1759969.889,5983156.1482,1769969.889,5973156.1482,1708557161.2012,480336360.839
9942,1759969.889,5973156.1482,1769969.889,5963156.1482,1105922813.5949,283721105.049
9943,1759969.889,5963156.1482,1769969.889,5953156.1482,30216598.284,7717411.306
9944,1759969.889,5953156.1482,1769969.889,5943156.1482,5350784473.8317,5248554876.355
9945,1759969.889,5943156.1482,1769969.889,5933156.1482,,
9946,1759969.889,5933156.1482,1769969.889,5923156.1482,4062591255.7292,3462141894.127
9947,1759969.889,5923156.1482,1769969.889,5913156.1482,136926671523.025,157938320863.661
9948,1759969.889,5913156.1482,1769969.889,5903156.1482,180236939703.804,171125084105.927
9949,1759969.889,5903156.1482,1769969.889,5893156.1482,64625841071.07,62775708846.725
9950,1759969.889,5893156.1482,1769969.889,5883156.1482,8577677825.6313,9652674762.36
9951,1759969.889,5883156.1482,1769969.889,5873156.1482,22986901236.2256,26756002703.53
9952,1759969.889,5873156.1482,1769969.889,5863156.1482,646735148.8622,821374296.302
9953,1759969.889,5863156.1482,1769969.889,5853156.1482,434464173.1573,506986095.834
9954,1759969.889,5853156.1482,1769969.889,5843156.1482,316520774.8419,288843214.567
9955,1759969.889,5843156.1482,1769969.889,5833156.1482,249372558.0748,267754909.427
9956,1759969.889,5833156.1482,1769969.889,5823156.1482,219268993.6059,263053324.893
9957,1759969.889,5823156.1482,1769969.889,5813156.1482,3689384017.4331,2204182548.111
9958,1759969.889,5813156.1482,1769969.889,5803156.1482,1303219157.2161,891287733.553
9959,1759969.889,5803156.1482,1769969.889,5793156.1482,511358160.9734,392353663.456
9960,1759969.889,5793156.1482,1769969.889,5783156.1482,256301550.785,108744139.663
9961,1759969.889,5783156.1482,1769969.889,5773156.1482,277100526.117,119021363.46
9962,1759969.889,5773156.1482,1769969.889,5763156.1482,133377132.947,71658827.271
9963,1759969.889,5763156.1482,1769969.889,5753156.1482,68708902.8924,48386269.606
9964,1759969.889,5753156.1482,1769969.889,5743156.1482,68708903.4166,48386269.975
9965,1759969.889,5743156.1482,1769969.889,5733156.1482,82077142.8395,70741033.087
9966,1759969.889,5733156.1482,1769969.889,5723156.1482,140894933.5062,169124600.913
9967,1759969.889,5723156.1482,1769969.889,5713156.1482,104107445.1906,107647421.466
9968,1759969.889,5713156.1482,1769969.889,5703156.1482,76169180.851,69503297.208
9969,1759969.889,5703156.1482,1769969.889,5693156.1482,80396598.5916,86746445.079
9970,1759969.889,5693156.1482,1769969.889,5683156.1482,59660435.9378,63885018.082
9971,1759969.889,5683156.1482,1769969.889,5673156.1482,14255634.1957,13826534.866
9972,1759969.889,5673156.1482,1769969.889,5663156.1482,6459605.2214,5048111.356
9973,1759969.889,5663156.1482,1769969.889,5653156.1482,76222024.5361,72664991.432
9974,1759969.889,5653156.1482,1769969.889,5643156.1482,84195835.1227,80025500.234
9975,1759969.889,5643156.1482,1769969.889,5633156.1482,53391618.4795,49880531
9976,1759969.889,5633156.1482,1769969.889,5623156.1482,61719915.9355,61508460.003
9977,1759969.889,5623156.1482,1769969.889,5613156.1482,65093849.785,66425987.43
9978,1759969.889,5613156.1482,1769969.889,5603156.1482,63436550.7955,64008312.05
9979,1759969.889,5603156.1482,1769969.889,5593156.1482,136778828.3274,122680706.12
9980,1759969.889,5593156.1482,1769969.889,5583156.1482,1145423115.1096,982726201.34
9981,1759969.889,5583156.1482,1769969.889,5573156.1482,2107635569.8239,1911179895.937
9982,1759969.889,5573156.1482,1769969.889,5563156.1482,,
9983,1759969.889,5563156.1482,1769969.889,5553156.1482,,
9984,1759969.889,5553156.1482,1769969.889,5543156.1482,,
9985,1759969.889,5543156.1482,1769969.889,5533156.1482,,
9986,1759969.889,5533156.1482,1769969.889,5523156.1482,,
9987,1759969.889,5523156.1482,1769969.889,5513156.1482,,
9988,1759969.889,5513156.1482,1769969.889,5503156.1482,,
9989,1759969.889,5503156.1482,1769969.889,5493156.1482,,
9990,1759969.889,5493156.1482,1769969.889,5483156.1482,,
9991,1759969.889,5483156.1482,1769969.889,5473156.1482,1062480668.735,701404991.853
9992,1759969.889,5473156.1482,1769969.889,5463156.1482,25500834797.8406,23478907695.621
9993,1759969.889,5463156.1482,1769969.889,5453156.1482,3002214880.5418,2817811774.365
9994,1759969.889,5453156.1482,1769969.889,5443156.1482,5870454373.4414,6299237358.547
9995,1759969.889,5443156.1482,1769969.889,5433156.1482,59833945408.777,61172541860.292
9996,1759969.889,5433156.1482,1769969.889,5423156.1482,14350651739.1868,14009029539.688
9997,1759969.889,5423156.1482,1769969.889,5413156.1482,1466133262.4697,1578358684.077
9998,1759969.889,5413156.1482,1769969.889,5403156.1482,86137237.7681,95916416.562
9999,1759969.889,5403156.1482,1769969.889,5393156.1482,,
10000,1759969.889,5393156.1482,1769969.889,5383156.1482,,
10001,1759969.889,5383156.1482,1769969.889,5373156.1482,,
10002,1759969.889,5373156.1482,1769969.889,5363156.1482,,
10003,1759969.889,5363156.1482,1769969.889,5353156.1482,,
10004,1759969.889,5353156.1482,1769969.889,5343156.1482,,
10005,1759969.889,5343156.1482,1769969.889,5333156.1482,,
10006,1759969.889,5333156.1482,1769969.889,5323156.1482,,
10007,1759969.889,5323156.1482,1769969.889,5313156.1482,,
10008,1759969.889,5313156.1482,1769969.889,5303156.1482,,
10009,1759969.889,5303156.1482,1769969.889,5293156.1482,,
10010,1759969.889,5293156.1482,1769969.889,5283156.1482,,
10011,1759969.889,5283156.1482,1769969.889,5273156.1482,,
10012,1759969.889,5273156.1482,1769969.889,5263156.1482,,
10013,1759969.889,5263156.1482,1769969.889,5253156.1482,,
10014,1759969.889,5253156.1482,1769969.889,5243156.1482,,
10015,1759969.889,5243156.1482,1769969.889,5233156.1482,,
10016,1759969.889,5233156.1482,1769969.889,5223156.1482,,
10017,1759969.889,5223156.1482,1769969.889,5213156.1482,,
10018,1759969.889,5213156.1482,1769969.889,5203156.1482,,
10019,1759969.889,5203156.1482,1769969.889,5193156.1482,,
10020,1759969.889,5193156.1482,1769969.889,5183156.1482,,
10021,1759969.889,5183156.1482,1769969.889,5173156.1482,,
10022,1759969.889,5173156.1482,1769969.889,5163156.1482,,
10023,1759969.889,5163156.1482,1769969.889,5153156.1482,,
10024,1759969.889,5153156.1482,1769969.889,5143156.1482,,
10025,1759969.889,5143156.1482,1769969.889,5133156.1482,,
10026,1759969.889,5133156.1482,1769969.889,5123156.1482,,
10027,1759969.889,5123156.1482,1769969.889,5113156.1482,,
10028,1759969.889,5113156.1482,1769969.889,5103156.1482,,
10029,1759969.889,5103156.1482,1769969.889,5093156.1482,,
10030,1759969.889,5093156.1482,1769969.889,5083156.1482,,
10031,1759969.889,5083156.1482,1769969.889,5073156.1482,,
10032,1759969.889,5073156.1482,1769969.889,5063156.1482,,
10033,1759969.889,5063156.1482,1769969.889,5053156.1482,,
10034,1759969.889,5053156.1482,1769969.889,5043156.1482,,
10035,1759969.889,5043156.1482,1769969.889,5033156.1482,,
10036,1759969.889,5033156.1482,1769969.889,5023156.1482,,
10037,1759969.889,5023156.1482,1769969.889,5013156.1482,,
10038,1759969.889,5013156.1482,1769969.889,5003156.1482,,
10039,1759969.889,5003156.1482,1769969.889,4993156.1482,,
10040,1759969.889,4993156.1482,1769969.889,4983156.1482,,
10041,1759969.889,4983156.1482,1769969.889,4973156.1482,,
10042,1759969.889,4973156.1482,1769969.889,4963156.1482,,
10043,1759969.889,4963156.1482,1769969.889,4953156.1482,,
10044,1759969.889,4953156.1482,1769969.889,4943156.1482,,
10045,1759969.889,4943156.1482,1769969.889,4933156.1482,,
10046,1759969.889,4933156.1482,1769969.889,4923156.1482,,
10047,1759969.889,4923156.1482,1769969.889,4913156.1482,,
10048,1759969.889,4913156.1482,1769969.889,4903156.1482,,
10049,1759969.889,4903156.1482,1769969.889,4893156.1482,,
10050,1759969.889,4893156.1482,1769969.889,4883156.1482,,
10051,1759969.889,4883156.1482,1769969.889,4873156.1482,,
10052,1759969.889,4873156.1482,1769969.889,4863156.1482,,
10053,1759969.889,4863156.1482,1769969.889,4853156.1482,,
10054,1759969.889,4853156.1482,1769969.889,4843156.1482,,
10055,1759969.889,4843156.1482,1769969.889,4833156.1482,,
10056,1759969.889,4833156.1482,1769969.889,4823156.1482,,
10057,1759969.889,4823156.1482,1769969.889,4813156.1482,,
10058,1759969.889,4813156.1482,1769969.889,4803156.1482,,
10059,1759969.889,4803156.1482,1769969.889,4793156.1482,,
10060,1759969.889,4793156.1482,1769969.889,4783156.1482,,
10061,1759969.889,4783156.1482,1769969.889,4773156.1482,,
10062,1759969.889,4773156.1482,1769969.889,4763156.1482,,
10063,1759969.889,4763156.1482,1769969.889,4753156.1482,,
10064,1759969.889,4753156.1482,1769969.889,4743156.1482,,
10065,1769969.889,6223156.1482,1779969.889,6213156.1482,,
10066,1769969.889,6213156.1482,1779969.889,6203156.1482,,
10067,1769969.889,6203156.1482,1779969.889,6193156.1482,,
10068,1769969.889,6193156.1482,1779969.889,6183156.1482,,
10069,1769969.889,6183156.1482,1779969.889,6173156.1482,,
10070,1769969.889,6173156.1482,1779969.889,6163156.1482,,
10071,1769969.889,6163156.1482,1779969.889,6153156.1482,,
10072,1769969.889,6153156.1482,1779969.889,6143156.1482,,
10073,1769969.889,6143156.1482,1779969.889,6133156.1482,,
10074,1769969.889,6133156.1482,1779969.889,6123156.1482,,
10075,1769969.889,6123156.1482,1779969.889,6113156.1482,,
10076,1769969.889,6113156.1482,1779969.889,6103156.1482,,
10077,1769969.889,6103156.1482,1779969.889,6093156.1482,,
10078,1769969.889,6093156.1482,1779969.889,6083156.1482,,
10079,1769969.889,6083156.1482,1779969.889,6073156.1482,,
10080,1769969.889,6073156.1482,1779969.889,6063156.1482,,
10081,1769969.889,6063156.1482,1779969.889,6053156.1482,,
10082,1769969.889,6053156.1482,1779969.889,6043156.1482,,
10083,1769969.889,6043156.1482,1779969.889,6033156.1482,,
10084,1769969.889,6033156.1482,1779969.889,6023156.1482,,
10085,1769969.889,6023156.1482,1779969.889,6013156.1482,,
10086,1769969.889,6013156.1482,1779969.889,6003156.1482,,
10087,1769969.889,6003156.1482,1779969.889,5993156.1482,,
10088,1769969.889,5993156.1482,1779969.889,5983156.1482,,
10089,1769969.889,5983156.1482,1779969.889,5973156.1482,,
10090,1769969.889,5973156.1482,1779969.889,5963156.1482,,
10091,1769969.889,5963156.1482,1779969.889,5953156.1482,,
10092,1769969.889,5953156.1482,1779969.889,5943156.1482,,
10093,1769969.889,5943156.1482,1779969.889,5933156.1482,42117002.0018,10756810.689
10094,1769969.889,5933156.1482,1779969.889,5923156.1482,5229323347.1435,2218208355.168
10095,1769969.889,5923156.1482,1779969.889,5913156.1482,39755396029.8011,43314592921.271
10096,1769969.889,5913156.1482,1779969.889,5903156.1482,48492326037.3729,50963652206.628
10097,1769969.889,5903156.1482,1779969.889,5893156.1482,61609925039.6111,65581672588.525
10098,1769969.889,5893156.1482,1779969.889,5883156.1482,9702742676.9708,10633268146.966
10099,1769969.889,5883156.1482,1779969.889,5873156.1482,11034023829.9546,13763920885.377
10100,1769969.889,5873156.1482,1779969.889,5863156.1482,1863531410.6128,2557826646.298
10101,1769969.889,5863156.1482,1779969.889,5853156.1482,620477123.3584,812650422.633
10102,1769969.889,5853156.1482,1779969.889,5843156.1482,238268586.5757,288885504.032
10103,1769969.889,5843156.1482,1779969.889,5833156.1482,428206927.3214,550092721.657
10104,1769969.889,5833156.1482,1779969.889,5823156.1482,236286443.7074,286160878.741
10105,1769969.889,5823156.1482,1779969.889,5813156.1482,395182731.5076,351811105.855
10106,1769969.889,5813156.1482,1779969.889,5803156.1482,680621146.4809,537624602.695
10107,1769969.889,5803156.1482,1779969.889,5793156.1482,620330410.5628,464149311.394
10108,1769969.889,5793156.1482,1779969.889,5783156.1482,368527808.8762,158459577.178
10109,1769969.889,5783156.1482,1779969.889,5773156.1482,372121641.7147,173786552.922
10110,1769969.889,5773156.1482,1779969.889,5763156.1482,339789035.8009,386826096.8
10111,1769969.889,5763156.1482,1779969.889,5753156.1482,301308309.2447,360344586.435
10112,1769969.889,5753156.1482,1779969.889,5743156.1482,243712739.5347,296444431.725
10113,1769969.889,5743156.1482,1779969.889,5733156.1482,165213322.1803,209807959.922
10114,1769969.889,5733156.1482,1779969.889,5723156.1482,182788387.4349,239200975.985
10115,1769969.889,5723156.1482,1779969.889,5713156.1482,120135900.2478,145348114.733
10116,1769969.889,5713156.1482,1779969.889,5703156.1482,80983718.8125,87394013.176
10117,1769969.889,5703156.1482,1779969.889,5693156.1482,80983720.1033,87394014.569
10118,1769969.889,5693156.1482,1779969.889,5683156.1482,80983721.6745,87394016.265
10119,1769969.889,5683156.1482,1779969.889,5673156.1482,76182535.4806,82100589.755
10120,1769969.889,5673156.1482,1779969.889,5663156.1482,136504088.0933,119827518.495
10121,1769969.889,5663156.1482,1779969.889,5653156.1482,183649168.0384,175442233.594
10122,1769969.889,5653156.1482,1779969.889,5643156.1482,164018840.4467,159109885.446
10123,1769969.889,5643156.1482,1779969.889,5633156.1482,127938372.4702,123362586.434
10124,1769969.889,5633156.1482,1779969.889,5623156.1482,102009550.8691,97673246.324
10125,1769969.889,5623156.1482,1779969.889,5613156.1482,53978656.5468,50198741.42
10126,1769969.889,5613156.1482,1779969.889,5603156.1482,53737337.2254,49872081.503
10127,1769969.889,5603156.1482,1779969.889,5593156.1482,53682475.0039,49792295.649
10128,1769969.889,5593156.1482,1779969.889,5583156.1482,1549047449.7621,1626901566.352
10129,1769969.889,5583156.1482,1779969.889,5573156.1482,37409996581.2847,38014463910.254
10130,1769969.889,5573156.1482,1779969.889,5563156.1482,388945094.1302,366648485.882
10131,1769969.889,5563156.1482,1779969.889,5553156.1482,,
10132,1769969.889,5553156.1482,1779969.889,5543156.1482,,
10133,1769969.889,5543156.1482,1779969.889,5533156.1482,,
10134,1769969.889,5533156.1482,1779969.889,5523156.1482,,
10135,1769969.889,5523156.1482,1779969.889,5513156.1482,,
10136,1769969.889,5513156.1482,1779969.889,5503156.1482,,
10137,1769969.889,5503156.1482,1779969.889,5493156.1482,,
10138,1769969.889,5493156.1482,1779969.889,5483156.1482,3353862827.3027,2496456634.368
10139,1769969.889,5483156.1482,1779969.889,5473156.1482,15064473512.3565,11063542689.096
10140,1769969.889,5473156.1482,1779969.889,5463156.1482,6774818811.2957,6047000701.771
10141,1769969.889,5463156.1482,1779969.889,5453156.1482,1710267079.1839,1482847680.159
10142,1769969.889,5453156.1482,1779969.889,5443156.1482,30649365168.2647,30467285713.001
10143,1769969.889,5443156.1482,1779969.889,5433156.1482,3705221573.8162,4037567760.441
10144,1769969.889,5433156.1482,1779969.889,5423156.1482,1104515164.6843,1077563357.159
10145,1769969.889,5423156.1482,1779969.889,5413156.1482,359891033.0743,249833079.272
10146,1769969.889,5413156.1482,1779969.889,5403156.1482,,
10147,1769969.889,5403156.1482,1779969.889,5393156.1482,,
10148,1769969.889,5393156.1482,1779969.889,5383156.1482,,
10149,1769969.889,5383156.1482,1779969.889,5373156.1482,,
10150,1769969.889,5373156.1482,1779969.889,5363156.1482,,
10151,1769969.889,5363156.1482,1779969.889,5353156.1482,,
10152,1769969.889,5353156.1482,1779969.889,5343156.1482,,
10153,1769969.889,5343156.1482,1779969.889,5333156.1482,,
10154,1769969.889,5333156.1482,1779969.889,5323156.1482,,
10155,1769969.889,5323156.1482,1779969.889,5313156.1482,,
10156,1769969.889,5313156.1482,1779969.889,5303156.1482,,
10157,1769969.889,5303156.1482,1779969.889,5293156.1482,,
10158,1769969.889,5293156.1482,1779969.889,5283156.1482,,
10159,1769969.889,5283156.1482,1779969.889,5273156.1482,,
10160,1769969.889,5273156.1482,1779969.889,5263156.1482,,
10161,1769969.889,5263156.1482,1779969.889,5253156.1482,,
10162,1769969.889,5253156.1482,1779969.889,5243156.1482,,
10163,1769969.889,5243156.1482,1779969.889,5233156.1482,,
10164,1769969.889,5233156.1482,1779969.889,5223156.1482,,
10165,1769969.889,5223156.1482,1779969.889,5213156.1482,,
10166,1769969.889,5213156.1482,1779969.889,5203156.1482,,
10167,1769969.889,5203156.1482,1779969.889,5193156.1482,,
10168,1769969.889,5193156.1482,1779969.889,5183156.1482,,
10169,1769969.889,5183156.1482,1779969.889,5173156.1482,,
10170,1769969.889,5173156.1482,1779969.889,5163156.1482,,
10171,1769969.889,5163156.1482,1779969.889,5153156.1482,,
10172,1769969.889,5153156.1482,1779969.889,5143156.1482,,
10173,1769969.889,5143156.1482,1779969.889,5133156.1482,,
10174,1769969.889,5133156.1482,1779969.889,5123156.1482,,
10175,1769969.889,5123156.1482,1779969.889,5113156.1482,,
10176,1769969.889,5113156.1482,1779969.889,5103156.1482,,
10177,1769969.889,5103156.1482,1779969.889,5093156.1482,,
10178,1769969.889,5093156.1482,1779969.889,5083156.1482,,
10179,1769969.889,5083156.1482,1779969.889,5073156.1482,,
10180,1769969.889,5073156.1482,1779969.889,5063156.1482,,
10181,1769969.889,5063156.1482,1779969.889,5053156.1482,,
10182,1769969.889,5053156.1482,1779969.889,5043156.1482,,
10183,1769969.889,5043156.1482,1779969.889,5033156.1482,,
10184,1769969.889,5033156.1482,1779969.889,5023156.1482,,
10185,1769969.889,5023156.1482,1779969.889,5013156.1482,,
10186,1769969.889,5013156.1482,1779969.889,5003156.1482,,
10187,1769969.889,5003156.1482,1779969.889,4993156.1482,,
10188,1769969.889,4993156.1482,1779969.889,4983156.1482,,
10189,1769969.889,4983156.1482,1779969.889,4973156.1482,,
10190,1769969.889,4973156.1482,1779969.889,4963156.1482,,
10191,1769969.889,4963156.1482,1779969.889,4953156.1482,,
10192,1769969.889,4953156.1482,1779969.889,4943156.1482,,
10193,1769969.889,4943156.1482,1779969.889,4933156.1482,,
10194,1769969.889,4933156.1482,1779969.889,4923156.1482,,
10195,1769969.889,4923156.1482,1779969.889,4913156.1482,,
10196,1769969.889,4913156.1482,1779969.889,4903156.1482,,
10197,1769969.889,4903156.1482,1779969.889,4893156.1482,,
10198,1769969.889,4893156.1482,1779969.889,4883156.1482,,
10199,1769969.889,4883156.1482,1779969.889,4873156.1482,,
10200,1769969.889,4873156.1482,1779969.889,4863156.1482,,
10201,1769969.889,4863156.1482,1779969.889,4853156.1482,,
10202,1769969.889,4853156.1482,1779969.889,4843156.1482,,
10203,1769969.889,4843156.1482,1779969.889,4833156.1482,,
10204,1769969.889,4833156.1482,1779969.889,4823156.1482,,
10205,1769969.889,4823156.1482,1779969.889,4813156.1482,,
10206,1769969.889,4813156.1482,1779969.889,4803156.1482,,
10207,1769969.889,4803156.1482,1779969.889,4793156.1482,,
10208,1769969.889,4793156.1482,1779969.889,4783156.1482,,
10209,1769969.889,4783156.1482,1779969.889,4773156.1482,,
10210,1769969.889,4773156.1482,1779969.889,4763156.1482,,
10211,1769969.889,4763156.1482,1779969.889,4753156.1482,,
10212,1769969.889,4753156.1482,1779969.889,4743156.1482,,
10213,1779969.889,6223156.1482,1789969.889,6213156.1482,,
10214,1779969.889,6213156.1482,1789969.889,6203156.1482,,
10215,1779969.889,6203156.1482,1789969.889,6193156.1482,,
10216,1779969.889,6193156.1482,1789969.889,6183156.1482,,
10217,1779969.889,6183156.1482,1789969.889,6173156.1482,,
10218,1779969.889,6173156.1482,1789969.889,6163156.1482,,
10219,1779969.889,6163156.1482,1789969.889,6153156.1482,,
10220,1779969.889,6153156.1482,1789969.889,6143156.1482,,
10221,1779969.889,6143156.1482,1789969.889,6133156.1482,,
10222,1779969.889,6133156.1482,1789969.889,6123156.1482,,
10223,1779969.889,6123156.1482,1789969.889,6113156.1482,,
10224,1779969.889,6113156.1482,1789969.889,6103156.1482,,
10225,1779969.889,6103156.1482,1789969.889,6093156.1482,,
10226,1779969.889,6093156.1482,1789969.889,6083156.1482,,
10227,1779969.889,6083156.1482,1789969.889,6073156.1482,,
10228,1779969.889,6073156.1482,1789969.889,6063156.1482,,
10229,1779969.889,6063156.1482,1789969.889,6053156.1482,,
10230,1779969.889,6053156.1482,1789969.889,6043156.1482,,
10231,1779969.889,6043156.1482,1789969.889,6033156.1482,,
10232,1779969.889,6033156.1482,1789969.889,6023156.1482,3171341.2457,956821.787
10233,1779969.889,6023156.1482,1789969.889,6013156.1482,,
10234,1779969.889,6013156.1482,1789969.889,6003156.1482,,
10235,1779969.889,6003156.1482,1789969.889,5993156.1482,80266795.0983,24217204.141
10236,1779969.889,5993156.1482,1789969.889,5983156.1482,252780134.5848,76266009.057
10237,1779969.889,5983156.1482,1789969.889,5973156.1482,,
10238,1779969.889,5973156.1482,1789969.889,5963156.1482,,
10239,1779969.889,5963156.1482,1789969.889,5953156.1482,,
10240,1779969.889,5953156.1482,1789969.889,5943156.1482,,
10241,1779969.889,5943156.1482,1789969.889,5933156.1482,,
10242,1779969.889,5933156.1482,1789969.889,5923156.1482,14330875367.5527,8639578349.28
10243,1779969.889,5923156.1482,1789969.889,5913156.1482,2988123323.4999,2949719908.038
10244,1779969.889,5913156.1482,1789969.889,5903156.1482,2163776616.623,1916994521.223
10245,1779969.889,5903156.1482,1789969.889,5893156.1482,3133996757.4299,3150368102.442
10246,1779969.889,5893156.1482,1789969.889,5883156.1482,2592516520.9954,2594843808.868
10247,1779969.889,5883156.1482,1789969.889,5873156.1482,1873330691.5952,2467408225.269
10248,1779969.889,5873156.1482,1789969.889,5863156.1482,718262548.0218,907260010.072
10249,1779969.889,5863156.1482,1789969.889,5853156.1482,1131682534.5127,1424913506.044
10250,1779969.889,5853156.1482,1789969.889,5843156.1482,1189925331.1454,1603362643.503
10251,1779969.889,5843156.1482,1789969.889,5833156.1482,1491084240.6797,2022313320.442
10252,1779969.889,5833156.1482,1789969.889,5823156.1482,2849877067.8355,3735993496.061
10253,1779969.889,5823156.1482,1789969.889,5813156.1482,1498227440.3719,1890011492.183
10254,1779969.889,5813156.1482,1789969.889,5803156.1482,1511741871.8888,1902813074.915
10255,1779969.889,5803156.1482,1789969.889,5793156.1482,1164538095.1719,1484643389.061
10256,1779969.889,5793156.1482,1789969.889,5783156.1482,685869914.0971,796848610.231
10257,1779969.889,5783156.1482,1789969.889,5773156.1482,686973583.7704,872692164.217
10258,1779969.889,5773156.1482,1789969.889,5763156.1482,615428197.3616,815745448.92
10259,1779969.889,5763156.1482,1789969.889,5753156.1482,1994990998.903,2690803588.996
10260,1779969.889,5753156.1482,1789969.889,5743156.1482,231372380.7711,323673690.408
10261,1779969.889,5743156.1482,1789969.889,5733156.1482,185287827.0172,255515716.566
10262,1779969.889,5733156.1482,1789969.889,5723156.1482,185109957.5088,254328457.211
10263,1779969.889,5723156.1482,1789969.889,5713156.1482,91228185.3232,104286228.151
10264,1779969.889,5713156.1482,1789969.889,5703156.1482,80976538.9666,87386265.007
10265,1779969.889,5703156.1482,1789969.889,5693156.1482,86202839.2825,92623824.377
10266,1779969.889,5693156.1482,1789969.889,5683156.1482,88126440.8598,94551306.132
10267,1779969.889,5683156.1482,1789969.889,5673156.1482,115072440.2468,113639815.89
10268,1779969.889,5673156.1482,1789969.889,5663156.1482,242748852.6071,211939240.309
10269,1779969.889,5663156.1482,1789969.889,5653156.1482,189605292.6891,179196529.952
10270,1779969.889,5653156.1482,1789969.889,5643156.1482,174992541.4213,169982754.95
10271,1779969.889,5643156.1482,1789969.889,5633156.1482,174992543,169982756.483
10272,1779969.889,5633156.1482,1789969.889,5623156.1482,158391334.6252,153534513.621
10273,1779969.889,5623156.1482,1789969.889,5613156.1482,67845890.9118,63825559.737
10274,1779969.889,5613156.1482,1789969.889,5603156.1482,53677715.9848,49787881.499
10275,1779969.889,5603156.1482,1789969.889,5593156.1482,53677716.9948,49787882.436
10276,1779969.889,5593156.1482,1789969.889,5583156.1482,325761570.8909,307843670.739
10277,1779969.889,5583156.1482,1789969.889,5573156.1482,1490269508.4382,1404191410.277
10278,1779969.889,5573156.1482,1789969.889,5563156.1482,865342150.1811,825398121.849
10279,1779969.889,5563156.1482,1789969.889,5553156.1482,306094218.2029,311178417.995
10280,1779969.889,5553156.1482,1789969.889,5543156.1482,187563087.2585,209744274.908
10281,1779969.889,5543156.1482,1789969.889,5533156.1482,142242328.9127,111394334.757
10282,1779969.889,5533156.1482,1789969.889,5523156.1482,177620833.6813,114376118.26
10283,1779969.889,5523156.1482,1789969.889,5513156.1482,3346201871.1075,2070196993.318
10284,1779969.889,5513156.1482,1789969.889,5503156.1482,2381150446.2666,1458396579.152
10285,1779969.889,5503156.1482,1789969.889,5493156.1482,3053612157.6709,2281905395.027
10286,1779969.889,5493156.1482,1789969.889,5483156.1482,7108401147.7086,6260017103.155
10287,1779969.889,5483156.1482,1789969.889,5473156.1482,1953566531.5164,1752391491.634
10288,1779969.889,5473156.1482,1789969.889,5463156.1482,292096997.7799,253305637.368
10289,1779969.889,5463156.1482,1789969.889,5453156.1482,1540126733.8554,1323195295.018
10290,1779969.889,5453156.1482,1789969.889,5443156.1482,2174343047.519,2069557129.247
10291,1779969.889,5443156.1482,1789969.889,5433156.1482,680600028.716,578924820.228
10292,1779969.889,5433156.1482,1789969.889,5423156.1482,441113517.2756,289955318.596
10293,1779969.889,5423156.1482,1789969.889,5413156.1482,239964626.8353,151008763.784
10294,1779969.889,5413156.1482,1789969.889,5403156.1482,125158117.4738,78339177.139
10295,1779969.889,5403156.1482,1789969.889,5393156.1482,122449790.4283,76643976.569
10296,1779969.889,5393156.1482,1789969.889,5383156.1482,14345332.192,8979054.195
10297,1779969.889,5383156.1482,1789969.889,5373156.1482,,
10298,1779969.889,5373156.1482,1789969.889,5363156.1482,,
10299,1779969.889,5363156.1482,1789969.889,5353156.1482,,
10300,1779969.889,5353156.1482,1789969.889,5343156.1482,,
10301,1779969.889,5343156.1482,1789969.889,5333156.1482,,
10302,1779969.889,5333156.1482,1789969.889,5323156.1482,,
10303,1779969.889,5323156.1482,1789969.889,5313156.1482,,
10304,1779969.889,5313156.1482,1789969.889,5303156.1482,,
10305,1779969.889,5303156.1482,1789969.889,5293156.1482,,
10306,1779969.889,5293156.1482,1789969.889,5283156.1482,,
10307,1779969.889,5283156.1482,1789969.889,5273156.1482,,
10308,1779969.889,5273156.1482,1789969.889,5263156.1482,,
10309,1779969.889,5263156.1482,1789969.889,5253156.1482,,
10310,1779969.889,5253156.1482,1789969.889,5243156.1482,,
10311,1779969.889,5243156.1482,1789969.889,5233156.1482,,
10312,1779969.889,5233156.1482,1789969.889,5223156.1482,,
10313,1779969.889,5223156.1482,1789969.889,5213156.1482,,
10314,1779969.889,5213156.1482,1789969.889,5203156.1482,,
10315,1779969.889,5203156.1482,1789969.889,5193156.1482,,
10316,1779969.889,5193156.1482,1789969.889,5183156.1482,,
10317,1779969.889,5183156.1482,1789969.889,5173156.1482,,
10318,1779969.889,5173156.1482,1789969.889,5163156.1482,,
10319,1779969.889,5163156.1482,1789969.889,5153156.1482,,
10320,1779969.889,5153156.1482,1789969.889,5143156.1482,,
10321,1779969.889,5143156.1482,1789969.889,5133156.1482,,
10322,1779969.889,5133156.1482,1789969.889,5123156.1482,,
10323,1779969.889,5123156.1482,1789969.889,5113156.1482,,
10324,1779969.889,5113156.1482,1789969.889,5103156.1482,,
10325,1779969.889,5103156.1482,1789969.889,5093156.1482,,
10326,1779969.889,5093156.1482,1789969.889,5083156.1482,,
10327,1779969.889,5083156.1482,1789969.889,5073156.1482,,
10328,1779969.889,5073156.1482,1789969.889,5063156.1482,,
10329,1779969.889,5063156.1482,1789969.889,5053156.1482,,
10330,1779969.889,5053156.1482,1789969.889,5043156.1482,,
10331,1779969.889,5043156.1482,1789969.889,5033156.1482,,
10332,1779969.889,5033156.1482,1789969.889,5023156.1482,,
10333,1779969.889,5023156.1482,1789969.889,5013156.1482,,
10334,1779969.889,5013156.1482,1789969.889,5003156.1482,,
10335,1779969.889,5003156.1482,1789969.889,4993156.1482,,
10336,1779969.889,4993156.1482,1789969.889,4983156.1482,,
10337,1779969.889,4983156.1482,1789969.889,4973156.1482,,
10338,1779969.889,4973156.1482,1789969.889,4963156.1482,,
10339,1779969.889,4963156.1482,1789969.889,4953156.1482,,
10340,1779969.889,4953156.1482,1789969.889,4943156.1482,,
10341,1779969.889,4943156.1482,1789969.889,4933156.1482,,
10342,1779969.889,4933156.1482,1789969.889,4923156.1482,,
10343,1779969.889,4923156.1482,1789969.889,4913156.1482,,
10344,1779969.889,4913156.1482,1789969.889,4903156.1482,,
10345,1779969.889,4903156.1482,1789969.889,4893156.1482,,
10346,1779969.889,4893156.1482,1789969.889,4883156.1482,,
10347,1779969.889,4883156.1482,1789969.889,4873156.1482,,
10348,1779969.889,4873156.1482,1789969.889,4863156.1482,,
10349,1779969.889,4863156.1482,1789969.889,4853156.1482,,
10350,1779969.889,4853156.1482,1789969.889,4843156.1482,,
10351,1779969.889,4843156.1482,1789969.889,4833156.1482,,
10352,1779969.889,4833156.1482,1789969.889,4823156.1482,,
10353,1779969.889,4823156.1482,1789969.889,4813156.1482,,
10354,1779969.889,4813156.1482,1789969.889,4803156.1482,,
10355,1779969.889,4803156.1482,1789969.889,4793156.1482,,
10356,1779969.889,4793156.1482,1789969.889,4783156.1482,,
10357,1779969.889,4783156.1482,1789969.889,4773156.1482,,
10358,1779969.889,4773156.1482,1789969.889,4763156.1482,,
10359,1779969.889,4763156.1482,1789969.889,4753156.1482,,
10360,1779969.889,4753156.1482,1789969.889,4743156.1482,,
10361,1789969.889,6223156.1482,1799969.889,6213156.1482,,
10362,1789969.889,6213156.1482,1799969.889,6203156.1482,,
10363,1789969.889,6203156.1482,1799969.889,6193156.1482,,
10364,1789969.889,6193156.1482,1799969.889,6183156.1482,,
10365,1789969.889,6183156.1482,1799969.889,6173156.1482,,
10366,1789969.889,6173156.1482,1799969.889,6163156.1482,,
10367,1789969.889,6163156.1482,1799969.889,6153156.1482,,
10368,1789969.889,6153156.1482,1799969.889,6143156.1482,,
10369,1789969.889,6143156.1482,1799969.889,6133156.1482,,
10370,1789969.889,6133156.1482,1799969.889,6123156.1482,,
10371,1789969.889,6123156.1482,1799969.889,6113156.1482,,
10372,1789969.889,6113156.1482,1799969.889,6103156.1482,,
10373,1789969.889,6103156.1482,1799969.889,6093156.1482,,
10374,1789969.889,6093156.1482,1799969.889,6083156.1482,,
10375,1789969.889,6083156.1482,1799969.889,6073156.1482,,
10376,1789969.889,6073156.1482,1799969.889,6063156.1482,,
10377,1789969.889,6063156.1482,1799969.889,6053156.1482,,
10378,1789969.889,6053156.1482,1799969.889,6043156.1482,,
10379,1789969.889,6043156.1482,1799969.889,6033156.1482,,
10380,1789969.889,6033156.1482,1799969.889,6023156.1482,6287355.6754,1896950.983
10381,1789969.889,6023156.1482,1799969.889,6013156.1482,8438325.7089,2545917.724
10382,1789969.889,6013156.1482,1799969.889,6003156.1482,,
10383,1789969.889,6003156.1482,1799969.889,5993156.1482,368142.9682,111071.999
10384,1789969.889,5993156.1482,1799969.889,5983156.1482,,
10385,1789969.889,5983156.1482,1799969.889,5973156.1482,,
10386,1789969.889,5973156.1482,1799969.889,5963156.1482,,
10387,1789969.889,5963156.1482,1799969.889,5953156.1482,,
10388,1789969.889,5953156.1482,1799969.889,5943156.1482,,
10389,1789969.889,5943156.1482,1799969.889,5933156.1482,,
10390,1789969.889,5933156.1482,1799969.889,5923156.1482,932621718.1459,362124991.835
10391,1789969.889,5923156.1482,1799969.889,5913156.1482,763701834.9688,296535578.543
10392,1789969.889,5913156.1482,1799969.889,5903156.1482,1097148242.009,784748697.75
10393,1789969.889,5903156.1482,1799969.889,5893156.1482,987413985.765,834257440.943
10394,1789969.889,5893156.1482,1799969.889,5883156.1482,497139613.9266,554072065.423
10395,1789969.889,5883156.1482,1799969.889,5873156.1482,400604026.2384,474276652.137
10396,1789969.889,5873156.1482,1799969.889,5863156.1482,617971887.3674,734709238.868
10397,1789969.889,5863156.1482,1799969.889,5853156.1482,1113542331.3418,1356849098.905
10398,1789969.889,5853156.1482,1799969.889,5843156.1482,1352274068.9413,1782791654.244
10399,1789969.889,5843156.1482,1799969.889,5833156.1482,3551673266.5237,4639673479.565
10400,1789969.889,5833156.1482,1799969.889,5823156.1482,5368407436.6073,7404893017.866
10401,1789969.889,5823156.1482,1799969.889,5813156.1482,44688747742.8836,65510796086.544
10402,1789969.889,5813156.1482,1799969.889,5803156.1482,3898242635.4767,5382520988.256
10403,1789969.889,5803156.1482,1799969.889,5793156.1482,1711404841.0509,2233890907.032
10404,1789969.889,5793156.1482,1799969.889,5783156.1482,1576677021.3715,2030650164.325
10405,1789969.889,5783156.1482,1799969.889,5773156.1482,1175693978.8323,1651682418.185
10406,1789969.889,5773156.1482,1799969.889,5763156.1482,1827730106.6531,2454429605.374
10407,1789969.889,5763156.1482,1799969.889,5753156.1482,1076542885.3087,1396373528.53
10408,1789969.889,5753156.1482,1799969.889,5743156.1482,326530633.6545,459506878.636
10409,1789969.889,5743156.1482,1799969.889,5733156.1482,190394033.3763,288710624.606
10410,1789969.889,5733156.1482,1799969.889,5723156.1482,182935089.4409,274982352.079
10411,1789969.889,5723156.1482,1799969.889,5713156.1482,89990127.9887,103980837.045
10412,1789969.889,5713156.1482,1799969.889,5703156.1482,213564394.2173,220257126.023
10413,1789969.889,5703156.1482,1799969.889,5693156.1482,2817354438.3605,3057887371.297
10414,1789969.889,5693156.1482,1799969.889,5683156.1482,1594264822.6893,1618778044.039
10415,1789969.889,5683156.1482,1799969.889,5673156.1482,245288266.1078,223320698.83
10416,1789969.889,5673156.1482,1799969.889,5663156.1482,248206184.5552,216140553.155
10417,1789969.889,5663156.1482,1799969.889,5653156.1482,234990824.9653,207812753.684
10418,1789969.889,5653156.1482,1799969.889,5643156.1482,188081115.3672,178224873.452
10419,1789969.889,5643156.1482,1799969.889,5633156.1482,599971904.2761,598000744.475
10420,1789969.889,5633156.1482,1799969.889,5623156.1482,616216405.7073,614362534.793
10421,1789969.889,5623156.1482,1799969.889,5613156.1482,165419437.5374,160498097.234
10422,1789969.889,5613156.1482,1799969.889,5603156.1482,62212680.5315,58244589.931
10423,1789969.889,5603156.1482,1799969.889,5593156.1482,53672695.0368,49783224.402
10424,1789969.889,5593156.1482,1799969.889,5583156.1482,84021102.8493,78454941.967
10425,1789969.889,5583156.1482,1799969.889,5573156.1482,829865222.8718,789235095.076
10426,1789969.889,5573156.1482,1799969.889,5563156.1482,809679487.7101,832152360.456
10427,1789969.889,5563156.1482,1799969.889,5553156.1482,1144054338.938,1244468842.594
10428,1789969.889,5553156.1482,1799969.889,5543156.1482,804711255.1273,915908773.672
10429,1789969.889,5543156.1482,1799969.889,5533156.1482,1693424610.4698,1180297107.152
10430,1789969.889,5533156.1482,1799969.889,5523156.1482,1848229534.2539,1235983161.134
10431,1789969.889,5523156.1482,1799969.889,5513156.1482,5145999883.3512,4257397456.783
10432,1789969.889,5513156.1482,1799969.889,5503156.1482,3799239116.3877,2459552366.574
10433,1789969.889,5503156.1482,1799969.889,5493156.1482,17401396746.427,16622192110.499
10434,1789969.889,5493156.1482,1799969.889,5483156.1482,590513872.0422,548320668.753
10435,1789969.889,5483156.1482,1799969.889,5473156.1482,233088305.9589,198497270.259
10436,1789969.889,5473156.1482,1799969.889,5463156.1482,579312257.9208,513882835.426
10437,1789969.889,5463156.1482,1799969.889,5453156.1482,1301228930.3038,1142155240.362
10438,1789969.889,5453156.1482,1799969.889,5443156.1482,4172051580.399,3858367435.648
10439,1789969.889,5443156.1482,1799969.889,5433156.1482,489154131.6458,330193300.37
10440,1789969.889,5433156.1482,1799969.889,5423156.1482,367547636.2214,242039475.972
10441,1789969.889,5423156.1482,1799969.889,5413156.1482,234598158.1215,146840069.478
10442,1789969.889,5413156.1482,1799969.889,5403156.1482,234598161.6282,146840071.673
10443,1789969.889,5403156.1482,1799969.889,5393156.1482,217933260.1963,136409148.84
10444,1789969.889,5393156.1482,1799969.889,5383156.1482,23573258.6666,14755013.288
10445,1789969.889,5383156.1482,1799969.889,5373156.1482,,
10446,1789969.889,5373156.1482,1799969.889,5363156.1482,,
10447,1789969.889,5363156.1482,1799969.889,5353156.1482,,
10448,1789969.889,5353156.1482,1799969.889,5343156.1482,,
10449,1789969.889,5343156.1482,1799969.889,5333156.1482,,
10450,1789969.889,5333156.1482,1799969.889,5323156.1482,,
10451,1789969.889,5323156.1482,1799969.889,5313156.1482,,
10452,1789969.889,5313156.1482,1799969.889,5303156.1482,,
10453,1789969.889,5303156.1482,1799969.889,5293156.1482,,
10454,1789969.889,5293156.1482,1799969.889,5283156.1482,,
10455,1789969.889,5283156.1482,1799969.889,5273156.1482,,
10456,1789969.889,5273156.1482,1799969.889,5263156.1482,,
10457,1789969.889,5263156.1482,1799969.889,5253156.1482,,
10458,1789969.889,5253156.1482,1799969.889,5243156.1482,,
10459,1789969.889,5243156.1482,1799969.889,5233156.1482,,
10460,1789969.889,5233156.1482,1799969.889,5223156.1482,,
10461,1789969.889,5223156.1482,1799969.889,5213156.1482,,
10462,1789969.889,5213156.1482,1799969.889,5203156.1482,,
10463,1789969.889,5203156.1482,1799969.889,5193156.1482,,
10464,1789969.889,5193156.1482,1799969.889,5183156.1482,,
10465,1789969.889,5183156.1482,1799969.889,5173156.1482,,
10466,1789969.889,5173156.1482,1799969.889,5163156.1482,,
10467,1789969.889,5163156.1482,1799969.889,5153156.1482,,
10468,1789969.889,5153156.1482,1799969.889,5143156.1482,,
10469,1789969.889,5143156.1482,1799969.889,5133156.1482,,
10470,1789969.889,5133156.1482,1799969.889,5123156.1482,,
10471,1789969.889,5123156.1482,1799969.889,5113156.1482,,
10472,1789969.889,5113156.1482,1799969.889,5103156.1482,,
10473,1789969.889,5103156.1482,1799969.889,5093156.1482,,
10474,1789969.889,5093156.1482,1799969.889,5083156.1482,,
10475,1789969.889,5083156.1482,1799969.889,5073156.1482,,
10476,1789969.889,5073156.1482,1799969.889,5063156.1482,,
10477,1789969.889,5063156.1482,1799969.889,5053156.1482,,
10478,1789969.889,5053156.1482,1799969.889,5043156.1482,,
10479,1789969.889,5043156.1482,1799969.889,5033156.1482,,
10480,1789969.889,5033156.1482,1799969.889,5023156.1482,,
10481,1789969.889,5023156.1482,1799969.889,5013156.1482,,
10482,1789969.889,5013156.1482,1799969.889,5003156.1482,,
10483,1789969.889,5003156.1482,1799969.889,4993156.1482,,
10484,1789969.889,4993156.1482,1799969.889,4983156.1482,,
10485,1789969.889,4983156.1482,1799969.889,4973156.1482,,
10486,1789969.889,4973156.1482,1799969.889,4963156.1482,,
10487,1789969.889,4963156.1482,1799969.889,4953156.1482,,
10488,1789969.889,4953156.1482,1799969.889,4943156.1482,,
10489,1789969.889,4943156.1482,1799969.889,4933156.1482,,
10490,1789969.889,4933156.1482,1799969.889,4923156.1482,,
10491,1789969.889,4923156.1482,1799969.889,4913156.1482,,
10492,1789969.889,4913156.1482,1799969.889,4903156.1482,,
10493,1789969.889,4903156.1482,1799969.889,4893156.1482,,
10494,1789969.889,4893156.1482,1799969.889,4883156.1482,,
10495,1789969.889,4883156.1482,1799969.889,4873156.1482,,
10496,1789969.889,4873156.1482,1799969.889,4863156.1482,,
10497,1789969.889,4863156.1482,1799969.889,4853156.1482,,
10498,1789969.889,4853156.1482,1799969.889,4843156.1482,,
10499,1789969.889,4843156.1482,1799969.889,4833156.1482,,
10500,1789969.889,4833156.1482,1799969.889,4823156.1482,,
10501,1789969.889,4823156.1482,1799969.889,4813156.1482,,
10502,1789969.889,4813156.1482,1799969.889,4803156.1482,,
10503,1789969.889,4803156.1482,1799969.889,4793156.1482,,
10504,1789969.889,4793156.1482,1799969.889,4783156.1482,,
10505,1789969.889,4783156.1482,1799969.889,4773156.1482,,
10506,1789969.889,4773156.1482,1799969.889,4763156.1482,,
10507,1789969.889,4763156.1482,1799969.889,4753156.1482,,
10508,1789969.889,4753156.1482,1799969.889,4743156.1482,,
10509,1799969.889,6223156.1482,1809969.889,6213156.1482,,
10510,1799969.889,6213156.1482,1809969.889,6203156.1482,,
10511,1799969.889,6203156.1482,1809969.889,6193156.1482,,
10512,1799969.889,6193156.1482,1809969.889,6183156.1482,,
10513,1799969.889,6183156.1482,1809969.889,6173156.1482,,
10514,1799969.889,6173156.1482,1809969.889,6163156.1482,,
10515,1799969.889,6163156.1482,1809969.889,6153156.1482,,
10516,1799969.889,6153156.1482,1809969.889,6143156.1482,,
10517,1799969.889,6143156.1482,1809969.889,6133156.1482,,
10518,1799969.889,6133156.1482,1809969.889,6123156.1482,,
10519,1799969.889,6123156.1482,1809969.889,6113156.1482,,
10520,1799969.889,6113156.1482,1809969.889,6103156.1482,,
10521,1799969.889,6103156.1482,1809969.889,6093156.1482,,
10522,1799969.889,6093156.1482,1809969.889,6083156.1482,,
10523,1799969.889,6083156.1482,1809969.889,6073156.1482,,
10524,1799969.889,6073156.1482,1809969.889,6063156.1482,,
10525,1799969.889,6063156.1482,1809969.889,6053156.1482,,
10526,1799969.889,6053156.1482,1809969.889,6043156.1482,,
10527,1799969.889,6043156.1482,1809969.889,6033156.1482,,
10528,1799969.889,6033156.1482,1809969.889,6023156.1482,,
10529,1799969.889,6023156.1482,1809969.889,6013156.1482,,
10530,1799969.889,6013156.1482,1809969.889,6003156.1482,,
10531,1799969.889,6003156.1482,1809969.889,5993156.1482,73098110.6405,22054348.445
10532,1799969.889,5993156.1482,1809969.889,5983156.1482,96936794.7929,29246690.931
10533,1799969.889,5983156.1482,1809969.889,5973156.1482,,
10534,1799969.889,5973156.1482,1809969.889,5963156.1482,235472.0318,86068.838
10535,1799969.889,5963156.1482,1809969.889,5953156.1482,91297295.7431,33370639.02
10536,1799969.889,5953156.1482,1809969.889,5943156.1482,2652131.0228,969396.807
10537,1799969.889,5943156.1482,1809969.889,5933156.1482,,
10538,1799969.889,5933156.1482,1809969.889,5923156.1482,,
10539,1799969.889,5923156.1482,1809969.889,5913156.1482,,
10540,1799969.889,5913156.1482,1809969.889,5903156.1482,119802433.2828,86614873.021
10541,1799969.889,5903156.1482,1809969.889,5893156.1482,503759016.1566,410304447.959
10542,1799969.889,5893156.1482,1809969.889,5883156.1482,530386932.4444,459240040.045
10543,1799969.889,5883156.1482,1809969.889,5873156.1482,544494956.4594,650470436.05
10544,1799969.889,5873156.1482,1809969.889,5863156.1482,501190661.8146,618014556.54
10545,1799969.889,5863156.1482,1809969.889,5853156.1482,244016639.6394,288503132.28
10546,1799969.889,5853156.1482,1809969.889,5843156.1482,349255988.8028,439947691.598
10547,1799969.889,5843156.1482,1809969.889,5833156.1482,697783147.3323,941409488.983
10548,1799969.889,5833156.1482,1809969.889,5823156.1482,1769070767.294,2527249738.062
10549,1799969.889,5823156.1482,1809969.889,5813156.1482,45471518223.0965,65549095421.669
10550,1799969.889,5813156.1482,1809969.889,5803156.1482,14663727009.9031,20968727178.668
10551,1799969.889,5803156.1482,1809969.889,5793156.1482,2960663601.9425,4140883243.744
10552,1799969.889,5793156.1482,1809969.889,5783156.1482,12254828657.2738,17185156788.632
10553,1799969.889,5783156.1482,1809969.889,5773156.1482,966976761.6111,1335744280.122
10554,1799969.889,5773156.1482,1809969.889,5763156.1482,622164431.3864,833507737.817
10555,1799969.889,5763156.1482,1809969.889,5753156.1482,567029365.044,764929132.614
10556,1799969.889,5753156.1482,1809969.889,5743156.1482,321111899.5599,453982154.615
10557,1799969.889,5743156.1482,1809969.889,5733156.1482,190375278.7518,288682185.378
10558,1799969.889,5733156.1482,1809969.889,5723156.1482,123571286.1856,168230571.915
10559,1799969.889,5723156.1482,1809969.889,5713156.1482,80960984.7516,87369479.593
10560,1799969.889,5713156.1482,1809969.889,5703156.1482,249132588.6891,255900333.48
10561,1799969.889,5703156.1482,1809969.889,5693156.1482,976532681.3425,983488924.12
10562,1799969.889,5693156.1482,1809969.889,5683156.1482,1127850091.1353,1121377444.658
10563,1799969.889,5683156.1482,1809969.889,5673156.1482,266852940.5893,236459131.258
10564,1799969.889,5673156.1482,1809969.889,5663156.1482,248181737.2604,216119264.194
10565,1799969.889,5663156.1482,1809969.889,5653156.1482,248181743.6506,216119269.759
10566,1799969.889,5653156.1482,1809969.889,5643156.1482,196898393.9001,183783704.907
10567,1799969.889,5643156.1482,1809969.889,5633156.1482,2557141323.652,1568680535.758
10568,1799969.889,5633156.1482,1809969.889,5623156.1482,174958943.7435,169950119.125
10569,1799969.889,5623156.1482,1809969.889,5613156.1482,142215476.7009,137508955.135
10570,1799969.889,5613156.1482,1809969.889,5603156.1482,53667408.5428,49778321.001
10571,1799969.889,5603156.1482,1809969.889,5593156.1482,53667409.5434,49778321.929
10572,1799969.889,5593156.1482,1809969.889,5583156.1482,169922568.2254,159751511.367
10573,1799969.889,5583156.1482,1809969.889,5573156.1482,370711550.3175,353871472.382
10574,1799969.889,5573156.1482,1809969.889,5563156.1482,1431788582.0543,1517243989.936
10575,1799969.889,5563156.1482,1809969.889,5553156.1482,4418159125.3175,4701876966.829
10576,1799969.889,5553156.1482,1809969.889,5543156.1482,2449673861.4711,2919459498.026
10577,1799969.889,5543156.1482,1809969.889,5533156.1482,1474190495.7789,1544760189.491
10578,1799969.889,5533156.1482,1809969.889,5523156.1482,1131166226.2009,1191855199.009
10579,1799969.889,5523156.1482,1809969.889,5513156.1482,1080579600.8833,930188985.389
10580,1799969.889,5513156.1482,1809969.889,5503156.1482,1377409896.4004,1273233296.296
10581,1799969.889,5503156.1482,1809969.889,5493156.1482,843654098.4767,761806038.698
10582,1799969.889,5493156.1482,1809969.889,5483156.1482,704251379.4477,646903795.03
10583,1799969.889,5483156.1482,1809969.889,5473156.1482,939672436.7532,866043972.103
10584,1799969.889,5473156.1482,1809969.889,5463156.1482,993261535.5289,911847844.448
10585,1799969.889,5463156.1482,1809969.889,5453156.1482,1009193267.4517,923662635.037
10586,1799969.889,5453156.1482,1809969.889,5443156.1482,5929609618.0839,4872864088.017
10587,1799969.889,5443156.1482,1809969.889,5433156.1482,4822345509.7433,3070635044.473
10588,1799969.889,5433156.1482,1809969.889,5423156.1482,890912539.4561,544320478.272
10589,1799969.889,5423156.1482,1809969.889,5413156.1482,234575063.6127,146825614.125
10590,1799969.889,5413156.1482,1809969.889,5403156.1482,234575069.7729,146825617.981
10591,1799969.889,5403156.1482,1809969.889,5393156.1482,134983123.125,84488861.024
10592,1799969.889,5393156.1482,1809969.889,5383156.1482,,
10593,1799969.889,5383156.1482,1809969.889,5373156.1482,,
10594,1799969.889,5373156.1482,1809969.889,5363156.1482,,
10595,1799969.889,5363156.1482,1809969.889,5353156.1482,,
10596,1799969.889,5353156.1482,1809969.889,5343156.1482,,
10597,1799969.889,5343156.1482,1809969.889,5333156.1482,,
10598,1799969.889,5333156.1482,1809969.889,5323156.1482,,
10599,1799969.889,5323156.1482,1809969.889,5313156.1482,,
10600,1799969.889,5313156.1482,1809969.889,5303156.1482,,
10601,1799969.889,5303156.1482,1809969.889,5293156.1482,,
10602,1799969.889,5293156.1482,1809969.889,5283156.1482,,
10603,1799969.889,5283156.1482,1809969.889,5273156.1482,,
10604,1799969.889,5273156.1482,1809969.889,5263156.1482,,
10605,1799969.889,5263156.1482,1809969.889,5253156.1482,,
10606,1799969.889,5253156.1482,1809969.889,5243156.1482,,
10607,1799969.889,5243156.1482,1809969.889,5233156.1482,,
10608,1799969.889,5233156.1482,1809969.889,5223156.1482,,
10609,1799969.889,5223156.1482,1809969.889,5213156.1482,,
10610,1799969.889,5213156.1482,1809969.889,5203156.1482,,
10611,1799969.889,5203156.1482,1809969.889,5193156.1482,,
10612,1799969.889,5193156.1482,1809969.889,5183156.1482,,
10613,1799969.889,5183156.1482,1809969.889,5173156.1482,,
10614,1799969.889,5173156.1482,1809969.889,5163156.1482,,
10615,1799969.889,5163156.1482,1809969.889,5153156.1482,,
10616,1799969.889,5153156.1482,1809969.889,5143156.1482,,
10617,1799969.889,5143156.1482,1809969.889,5133156.1482,,
10618,1799969.889,5133156.1482,1809969.889,5123156.1482,,
10619,1799969.889,5123156.1482,1809969.889,5113156.1482,,
10620,1799969.889,5113156.1482,1809969.889,5103156.1482,,
10621,1799969.889,5103156.1482,1809969.889,5093156.1482,,
10622,1799969.889,5093156.1482,1809969.889,5083156.1482,,
10623,1799969.889,5083156.1482,1809969.889,5073156.1482,,
10624,1799969.889,5073156.1482,1809969.889,5063156.1482,,
10625,1799969.889,5063156.1482,1809969.889,5053156.1482,,
10626,1799969.889,5053156.1482,1809969.889,5043156.1482,,
10627,1799969.889,5043156.1482,1809969.889,5033156.1482,,
10628,1799969.889,5033156.1482,1809969.889,5023156.1482,,
10629,1799969.889,5023156.1482,1809969.889,5013156.1482,,
10630,1799969.889,5013156.1482,1809969.889,5003156.1482,,
10631,1799969.889,5003156.1482,1809969.889,4993156.1482,,
10632,1799969.889,4993156.1482,1809969.889,4983156.1482,,
10633,1799969.889,4983156.1482,1809969.889,4973156.1482,,
10634,1799969.889,4973156.1482,1809969.889,4963156.1482,,
10635,1799969.889,4963156.1482,1809969.889,4953156.1482,,
10636,1799969.889,4953156.1482,1809969.889,4943156.1482,,
10637,1799969.889,4943156.1482,1809969.889,4933156.1482,,
10638,1799969.889,4933156.1482,1809969.889,4923156.1482,,
10639,1799969.889,4923156.1482,1809969.889,4913156.1482,,
10640,1799969.889,4913156.1482,1809969.889,4903156.1482,,
10641,1799969.889,4903156.1482,1809969.889,4893156.1482,,
10642,1799969.889,4893156.1482,1809969.889,4883156.1482,,
10643,1799969.889,4883156.1482,1809969.889,4873156.1482,,
10644,1799969.889,4873156.1482,1809969.889,4863156.1482,,
10645,1799969.889,4863156.1482,1809969.889,4853156.1482,,
10646,1799969.889,4853156.1482,1809969.889,4843156.1482,,
10647,1799969.889,4843156.1482,1809969.889,4833156.1482,,
10648,1799969.889,4833156.1482,1809969.889,4823156.1482,,
10649,1799969.889,4823156.1482,1809969.889,4813156.1482,,
10650,1799969.889,4813156.1482,1809969.889,4803156.1482,,
10651,1799969.889,4803156.1482,1809969.889,4793156.1482,,
10652,1799969.889,4793156.1482,1809969.889,4783156.1482,,
10653,1799969.889,4783156.1482,1809969.889,4773156.1482,,
10654,1799969.889,4773156.1482,1809969.889,4763156.1482,,
10655,1799969.889,4763156.1482,1809969.889,4753156.1482,,
10656,1799969.889,4753156.1482,1809969.889,4743156.1482,,
10657,1809969.889,6223156.1482,1819969.889,6213156.1482,,
10658,1809969.889,6213156.1482,1819969.889,6203156.1482,,
10659,1809969.889,6203156.1482,1819969.889,6193156.1482,,
10660,1809969.889,6193156.1482,1819969.889,6183156.1482,,
10661,1809969.889,6183156.1482,1819969.889,6173156.1482,,
10662,1809969.889,6173156.1482,1819969.889,6163156.1482,,
10663,1809969.889,6163156.1482,1819969.889,6153156.1482,,
10664,1809969.889,6153156.1482,1819969.889,6143156.1482,,
10665,1809969.889,6143156.1482,1819969.889,6133156.1482,,
10666,1809969.889,6133156.1482,1819969.889,6123156.1482,,
10667,1809969.889,6123156.1482,1819969.889,6113156.1482,,
10668,1809969.889,6113156.1482,1819969.889,6103156.1482,,
10669,1809969.889,6103156.1482,1819969.889,6093156.1482,,
10670,1809969.889,6093156.1482,1819969.889,6083156.1482,,
10671,1809969.889,6083156.1482,1819969.889,6073156.1482,,
10672,1809969.889,6073156.1482,1819969.889,6063156.1482,,
10673,1809969.889,6063156.1482,1819969.889,6053156.1482,,
10674,1809969.889,6053156.1482,1819969.889,6043156.1482,,
10675,1809969.889,6043156.1482,1819969.889,6033156.1482,,
10676,1809969.889,6033156.1482,1819969.889,6023156.1482,,
10677,1809969.889,6023156.1482,1819969.889,6013156.1482,,
10678,1809969.889,6013156.1482,1819969.889,6003156.1482,250834858.8443,75679102.109
10679,1809969.889,6003156.1482,1819969.889,5993156.1482,817088587.5871,246522875.398
10680,1809969.889,5993156.1482,1819969.889,5983156.1482,793779031.8397,239490175.646
10681,1809969.889,5983156.1482,1819969.889,5973156.1482,63968765.2405,19299943.95
10682,1809969.889,5973156.1482,1819969.889,5963156.1482,,
10683,1809969.889,5963156.1482,1819969.889,5953156.1482,663485916.9197,242514839.548
10684,1809969.889,5953156.1482,1819969.889,5943156.1482,489399209.7686,178883330.913
10685,1809969.889,5943156.1482,1819969.889,5933156.1482,223490399.2919,80543312.043
10686,1809969.889,5933156.1482,1819969.889,5923156.1482,157830759.1502,70270705.315
10687,1809969.889,5923156.1482,1819969.889,5913156.1482,331524732.9852,120632741.673
10688,1809969.889,5913156.1482,1819969.889,5903156.1482,73794963.9001,26989644.019
10689,1809969.889,5903156.1482,1819969.889,5893156.1482,,
10690,1809969.889,5893156.1482,1819969.889,5883156.1482,,
10691,1809969.889,5883156.1482,1819969.889,5873156.1482,378831190.021,508868313.164
10692,1809969.889,5873156.1482,1819969.889,5863156.1482,631174713.1268,843198630.879
10693,1809969.889,5863156.1482,1819969.889,5853156.1482,452568340.7225,591968699.366
10694,1809969.889,5853156.1482,1819969.889,5843156.1482,592120676.4008,786505869.078
10695,1809969.889,5843156.1482,1819969.889,5833156.1482,644642759.3507,863251697.231
10696,1809969.889,5833156.1482,1819969.889,5823156.1482,1034622661.8718,1468481534.122
10697,1809969.889,5823156.1482,1819969.889,5813156.1482,1943731690.1156,2808421277.932
10698,1809969.889,5813156.1482,1819969.889,5803156.1482,11485708665.7264,17124550588.11
10699,1809969.889,5803156.1482,1819969.889,5793156.1482,9522671427.5298,14179865881.9
10700,1809969.889,5793156.1482,1819969.889,5783156.1482,1466174260.6038,1966982522.564
10701,1809969.889,5783156.1482,1819969.889,5773156.1482,483887009.4111,588377036.342
10702,1809969.889,5773156.1482,1819969.889,5763156.1482,401916786.7427,527049398.181
10703,1809969.889,5763156.1482,1819969.889,5753156.1482,508450730.9516,675282418.386
10704,1809969.889,5753156.1482,1819969.889,5743156.1482,302590412.3562,407447816.175
10705,1809969.889,5743156.1482,1819969.889,5733156.1482,123920510.8208,186054110.559
10706,1809969.889,5733156.1482,1819969.889,5723156.1482,48793540.9197,52717023.396
10707,1809969.889,5723156.1482,1819969.889,5713156.1482,80952612.0262,87360444.122
10708,1809969.889,5713156.1482,1819969.889,5703156.1482,132352674.0279,128593260.438
10709,1809969.889,5703156.1482,1819969.889,5693156.1482,667624649.5761,675285127.782
10710,1809969.889,5693156.1482,1819969.889,5683156.1482,653066536.7397,657127883.446
10711,1809969.889,5683156.1482,1819969.889,5673156.1482,286624691.1553,258001066.044
10712,1809969.889,5673156.1482,1819969.889,5663156.1482,248156074.0122,216096916.368
10713,1809969.889,5663156.1482,1819969.889,5653156.1482,248156079.8781,216096921.476
10714,1809969.889,5653156.1482,1819969.889,5643156.1482,189898712.928,179363772.821
10715,1809969.889,5643156.1482,1819969.889,5633156.1482,174940847.7596,169932541.204
10716,1809969.889,5633156.1482,1819969.889,5623156.1482,174940851.6029,169932544.937
10717,1809969.889,5623156.1482,1819969.889,5613156.1482,108256555.4466,106253068.74
10718,1809969.889,5613156.1482,1819969.889,5603156.1482,76750253.6628,76485376.789
10719,1809969.889,5603156.1482,1819969.889,5593156.1482,87680862.93,86966281.383
10720,1809969.889,5593156.1482,1819969.889,5583156.1482,337102251.7348,317905052.832
10721,1809969.889,5583156.1482,1819969.889,5573156.1482,339115385.8556,319801913.419
10722,1809969.889,5573156.1482,1819969.889,5563156.1482,515694418.4102,520019851.325
10723,1809969.889,5563156.1482,1819969.889,5553156.1482,615005025.2264,642349579.937
10724,1809969.889,5553156.1482,1819969.889,5543156.1482,5730745874.6207,5626033939.561
10725,1809969.889,5543156.1482,1819969.889,5533156.1482,2303726726.3373,2522667470.107
10726,1809969.889,5533156.1482,1819969.889,5523156.1482,14155080024.737,16173388563.655
10727,1809969.889,5523156.1482,1819969.889,5513156.1482,890528537.164,966968878.495
10728,1809969.889,5513156.1482,1819969.889,5503156.1482,607661109.8958,542690336.36
10729,1809969.889,5503156.1482,1819969.889,5493156.1482,358692521.0183,321402799.99
10730,1809969.889,5493156.1482,1819969.889,5483156.1482,423273799.4684,399988637.474
10731,1809969.889,5483156.1482,1819969.889,5473156.1482,876114345.3024,820553913.001
10732,1809969.889,5473156.1482,1819969.889,5463156.1482,2302168546.7217,2113271962.027
10733,1809969.889,5463156.1482,1819969.889,5453156.1482,8353552110.8549,7714145771.461
10734,1809969.889,5453156.1482,1819969.889,5443156.1482,1452496140.3792,1504004851.283
10735,1809969.889,5443156.1482,1819969.889,5433156.1482,214705891.0173,143769397.563
10736,1809969.889,5433156.1482,1819969.889,5423156.1482,234550812.9341,146810435.1
10737,1809969.889,5423156.1482,1819969.889,5413156.1482,234550819.5345,146810439.231
10738,1809969.889,5413156.1482,1819969.889,5403156.1482,203876980.7609,127611019.028
10739,1809969.889,5403156.1482,1819969.889,5393156.1482,3840561.208,2403890.462
10740,1809969.889,5393156.1482,1819969.889,5383156.1482,,
10741,1809969.889,5383156.1482,1819969.889,5373156.1482,,
10742,1809969.889,5373156.1482,1819969.889,5363156.1482,,
10743,1809969.889,5363156.1482,1819969.889,5353156.1482,,
10744,1809969.889,5353156.1482,1819969.889,5343156.1482,,
10745,1809969.889,5343156.1482,1819969.889,5333156.1482,,
10746,1809969.889,5333156.1482,1819969.889,5323156.1482,,
10747,1809969.889,5323156.1482,1819969.889,5313156.1482,,
10748,1809969.889,5313156.1482,1819969.889,5303156.1482,,
10749,1809969.889,5303156.1482,1819969.889,5293156.1482,,
10750,1809969.889,5293156.1482,1819969.889,5283156.1482,,
10751,1809969.889,5283156.1482,1819969.889,5273156.1482,,
10752,1809969.889,5273156.1482,1819969.889,5263156.1482,,
10753,1809969.889,5263156.1482,1819969.889,5253156.1482,,
10754,1809969.889,5253156.1482,1819969.889,5243156.1482,,
10755,1809969.889,5243156.1482,1819969.889,5233156.1482,,
10756,1809969.889,5233156.1482,1819969.889,5223156.1482,,
10757,1809969.889,5223156.1482,1819969.889,5213156.1482,,
10758,1809969.889,5213156.1482,1819969.889,5203156.1482,,
10759,1809969.889,5203156.1482,1819969.889,5193156.1482,,
10760,1809969.889,5193156.1482,1819969.889,5183156.1482,,
10761,1809969.889,5183156.1482,1819969.889,5173156.1482,,
10762,1809969.889,5173156.1482,1819969.889,5163156.1482,,
10763,1809969.889,5163156.1482,1819969.889,5153156.1482,,
10764,1809969.889,5153156.1482,1819969.889,5143156.1482,,
10765,1809969.889,5143156.1482,1819969.889,5133156.1482,,
10766,1809969.889,5133156.1482,1819969.889,5123156.1482,,
10767,1809969.889,5123156.1482,1819969.889,5113156.1482,,
10768,1809969.889,5113156.1482,1819969.889,5103156.1482,,
10769,1809969.889,5103156.1482,1819969.889,5093156.1482,,
10770,1809969.889,5093156.1482,1819969.889,5083156.1482,,
10771,1809969.889,5083156.1482,1819969.889,5073156.1482,,
10772,1809969.889,5073156.1482,1819969.889,5063156.1482,,
10773,1809969.889,5063156.1482,1819969.889,5053156.1482,,
10774,1809969.889,5053156.1482,1819969.889,5043156.1482,,
10775,1809969.889,5043156.1482,1819969.889,5033156.1482,,
10776,1809969.889,5033156.1482,1819969.889,5023156.1482,,
10777,1809969.889,5023156.1482,1819969.889,5013156.1482,,
10778,1809969.889,5013156.1482,1819969.889,5003156.1482,,
10779,1809969.889,5003156.1482,1819969.889,4993156.1482,,
10780,1809969.889,4993156.1482,1819969.889,4983156.1482,,
10781,1809969.889,4983156.1482,1819969.889,4973156.1482,,
10782,1809969.889,4973156.1482,1819969.889,4963156.1482,,
10783,1809969.889,4963156.1482,1819969.889,4953156.1482,,
10784,1809969.889,4953156.1482,1819969.889,4943156.1482,,
10785,1809969.889,4943156.1482,1819969.889,4933156.1482,,
10786,1809969.889,4933156.1482,1819969.889,4923156.1482,,
10787,1809969.889,4923156.1482,1819969.889,4913156.1482,,
10788,1809969.889,4913156.1482,1819969.889,4903156.1482,,
10789,1809969.889,4903156.1482,1819969.889,4893156.1482,,
10790,1809969.889,4893156.1482,1819969.889,4883156.1482,,
10791,1809969.889,4883156.1482,1819969.889,4873156.1482,,
10792,1809969.889,4873156.1482,1819969.889,4863156.1482,,
10793,1809969.889,4863156.1482,1819969.889,4853156.1482,,
10794,1809969.889,4853156.1482,1819969.889,4843156.1482,,
10795,1809969.889,4843156.1482,1819969.889,4833156.1482,,
10796,1809969.889,4833156.1482,1819969.889,4823156.1482,,
10797,1809969.889,4823156.1482,1819969.889,4813156.1482,,
10798,1809969.889,4813156.1482,1819969.889,4803156.1482,,
10799,1809969.889,4803156.1482,1819969.889,4793156.1482,,
10800,1809969.889,4793156.1482,1819969.889,4783156.1482,,
10801,1809969.889,4783156.1482,1819969.889,4773156.1482,,
10802,1809969.889,4773156.1482,1819969.889,4763156.1482,,
10803,1809969.889,4763156.1482,1819969.889,4753156.1482,,
10804,1809969.889,4753156.1482,1819969.889,4743156.1482,,
10805,1819969.889,6223156.1482,1829969.889,6213156.1482,,
10806,1819969.889,6213156.1482,1829969.889,6203156.1482,,
10807,1819969.889,6203156.1482,1829969.889,6193156.1482,,
10808,1819969.889,6193156.1482,1829969.889,6183156.1482,,
10809,1819969.889,6183156.1482,1829969.889,6173156.1482,,
10810,1819969.889,6173156.1482,1829969.889,6163156.1482,,
10811,1819969.889,6163156.1482,1829969.889,6153156.1482,,
10812,1819969.889,6153156.1482,1829969.889,6143156.1482,,
10813,1819969.889,6143156.1482,1829969.889,6133156.1482,,
10814,1819969.889,6133156.1482,1829969.889,6123156.1482,,
10815,1819969.889,6123156.1482,1829969.889,6113156.1482,,
10816,1819969.889,6113156.1482,1829969.889,6103156.1482,,
10817,1819969.889,6103156.1482,1829969.889,6093156.1482,,
10818,1819969.889,6093156.1482,1829969.889,6083156.1482,,
10819,1819969.889,6083156.1482,1829969.889,6073156.1482,,
10820,1819969.889,6073156.1482,1829969.889,6063156.1482,,
10821,1819969.889,6063156.1482,1829969.889,6053156.1482,,
10822,1819969.889,6053156.1482,1829969.889,6043156.1482,,
10823,1819969.889,6043156.1482,1829969.889,6033156.1482,,
10824,1819969.889,6033156.1482,1829969.889,6023156.1482,,
10825,1819969.889,6023156.1482,1829969.889,6013156.1482,,
10826,1819969.889,6013156.1482,1829969.889,6003156.1482,,
10827,1819969.889,6003156.1482,1829969.889,5993156.1482,152789516.4803,46097952.542
10828,1819969.889,5993156.1482,1829969.889,5983156.1482,371752774.3895,112161109.911
10829,1819969.889,5983156.1482,1829969.889,5973156.1482,537254312.5278,162094392.158
10830,1819969.889,5973156.1482,1829969.889,5963156.1482,,
10831,1819969.889,5963156.1482,1829969.889,5953156.1482,129105494.1475,47190147.371
10832,1819969.889,5953156.1482,1829969.889,5943156.1482,738274640.353,269851328.238
10833,1819969.889,5943156.1482,1829969.889,5933156.1482,1037207765.4802,370995253.687
10834,1819969.889,5933156.1482,1829969.889,5923156.1482,3276148335.3494,1508990397.431
10835,1819969.889,5923156.1482,1829969.889,5913156.1482,1121699088.8762,388258964.586
10836,1819969.889,5913156.1482,1829969.889,5903156.1482,1422765227.4625,677270034.594
10837,1819969.889,5903156.1482,1829969.889,5893156.1482,1074974121.1519,618060577.808
10838,1819969.889,5893156.1482,1829969.889,5883156.1482,5231724916.7325,6127644542.373
10839,1819969.889,5883156.1482,1829969.889,5873156.1482,1340842497.3358,1720008175.073
10840,1819969.889,5873156.1482,1829969.889,5863156.1482,1665322890.3179,2282659169.929
10841,1819969.889,5863156.1482,1829969.889,5853156.1482,668503135.9862,848966346.612
10842,1819969.889,5853156.1482,1829969.889,5843156.1482,625012339.9575,812071666.162
10843,1819969.889,5843156.1482,1829969.889,5833156.1482,1075240656.7117,1505812389.383
10844,1819969.889,5833156.1482,1829969.889,5823156.1482,5506291899.8636,8100773467.175
10845,1819969.889,5823156.1482,1829969.889,5813156.1482,1233611038.6468,1770657444.769
10846,1819969.889,5813156.1482,1829969.889,5803156.1482,1578914561.3805,2218825382.42
10847,1819969.889,5803156.1482,1829969.889,5793156.1482,1596397185.5142,2056616034.916
10848,1819969.889,5793156.1482,1829969.889,5783156.1482,1101981121.7225,1294648515.53
10849,1819969.889,5783156.1482,1829969.889,5773156.1482,645438529.3683,731636985.728
10850,1819969.889,5773156.1482,1829969.889,5763156.1482,280469653.1308,342398251.129
10851,1819969.889,5763156.1482,1829969.889,5753156.1482,232236232.1201,290959993.147
10852,1819969.889,5753156.1482,1829969.889,5743156.1482,232920788.9011,291301623.606
10853,1819969.889,5743156.1482,1829969.889,5733156.1482,223637277.7199,232271541.528
10854,1819969.889,5733156.1482,1829969.889,5723156.1482,79048904.7664,60300515.198
10855,1819969.889,5723156.1482,1829969.889,5713156.1482,385401861.4939,167093536.235
10856,1819969.889,5713156.1482,1829969.889,5703156.1482,657248832.565,241700001.994
10857,1819969.889,5703156.1482,1829969.889,5693156.1482,695980496.0435,353318539.557
10858,1819969.889,5693156.1482,1829969.889,5683156.1482,695962035.3596,357469468.555
10859,1819969.889,5683156.1482,1829969.889,5673156.1482,343845490.7567,238389681.171
10860,1819969.889,5673156.1482,1829969.889,5663156.1482,291032065.2268,204062444.776
10861,1819969.889,5663156.1482,1829969.889,5653156.1482,161767677.9804,134504596.778
10862,1819969.889,5653156.1482,1829969.889,5643156.1482,130812064.4567,117064210.754
10863,1819969.889,5643156.1482,1829969.889,5633156.1482,174921896.8507,169914132.832
10864,1819969.889,5633156.1482,1829969.889,5623156.1482,229979289.8918,304583082.451
10865,1819969.889,5623156.1482,1829969.889,5613156.1482,111815706.7907,111882287.895
10866,1819969.889,5613156.1482,1829969.889,5603156.1482,90019812.9348,91839000.804
10867,1819969.889,5603156.1482,1829969.889,5593156.1482,114680077.5993,114407733.328
10868,1819969.889,5593156.1482,1829969.889,5583156.1482,336696723.7666,317586802.569
10869,1819969.889,5583156.1482,1829969.889,5573156.1482,308957207.1352,287469654.958
10870,1819969.889,5573156.1482,1829969.889,5563156.1482,253581945.7255,227662694.356
10871,1819969.889,5563156.1482,1829969.889,5553156.1482,358404775.9899,349539104.345
10872,1819969.889,5553156.1482,1829969.889,5543156.1482,1456211132.754,1502894320.644
10873,1819969.889,5543156.1482,1829969.889,5533156.1482,5094351825.7314,5782495448.467
10874,1819969.889,5533156.1482,1829969.889,5523156.1482,54771687592.1569,59749190503.681
10875,1819969.889,5523156.1482,1829969.889,5513156.1482,1033183974.166,1205348485.063
10876,1819969.889,5513156.1482,1829969.889,5503156.1482,406563303.5818,405585720.474
10877,1819969.889,5503156.1482,1829969.889,5493156.1482,228767940.6559,211305731.003
10878,1819969.889,5493156.1482,1829969.889,5483156.1482,397853356.2973,375330532.314
10879,1819969.889,5483156.1482,1829969.889,5473156.1482,628603116.0118,600049639.646
10880,1819969.889,5473156.1482,1829969.889,5463156.1482,16188757280.7851,16520267839.727
10881,1819969.889,5463156.1482,1829969.889,5453156.1482,13240875051.7561,13819682434.845
10882,1819969.889,5453156.1482,1829969.889,5443156.1482,456093638.8853,437696048.707
10883,1819969.889,5443156.1482,1829969.889,5433156.1482,190197228.4209,140012522.991
10884,1819969.889,5433156.1482,1829969.889,5423156.1482,232006033.5921,146396876.023
10885,1819969.889,5423156.1482,1829969.889,5413156.1482,228849184.9267,143241662.611
10886,1819969.889,5413156.1482,1829969.889,5403156.1482,35798681.2442,22407170.13
10887,1819969.889,5403156.1482,1829969.889,5393156.1482,,
10888,1819969.889,5393156.1482,1829969.889,5383156.1482,,
10889,1819969.889,5383156.1482,1829969.889,5373156.1482,,
10890,1819969.889,5373156.1482,1829969.889,5363156.1482,,
10891,1819969.889,5363156.1482,1829969.889,5353156.1482,,
10892,1819969.889,5353156.1482,1829969.889,5343156.1482,,
10893,1819969.889,5343156.1482,1829969.889,5333156.1482,,
10894,1819969.889,5333156.1482,1829969.889,5323156.1482,,
10895,1819969.889,5323156.1482,1829969.889,5313156.1482,,
10896,1819969.889,5313156.1482,1829969.889,5303156.1482,,
10897,1819969.889,5303156.1482,1829969.889,5293156.1482,,
10898,1819969.889,5293156.1482,1829969.889,5283156.1482,,
10899,1819969.889,5283156.1482,1829969.889,5273156.1482,,
10900,1819969.889,5273156.1482,1829969.889,5263156.1482,,
10901,1819969.889,5263156.1482,1829969.889,5253156.1482,,
10902,1819969.889,5253156.1482,1829969.889,5243156.1482,,
10903,1819969.889,5243156.1482,1829969.889,5233156.1482,,
10904,1819969.889,5233156.1482,1829969.889,5223156.1482,,
10905,1819969.889,5223156.1482,1829969.889,5213156.1482,,
10906,1819969.889,5213156.1482,1829969.889,5203156.1482,,
10907,1819969.889,5203156.1482,1829969.889,5193156.1482,,
10908,1819969.889,5193156.1482,1829969.889,5183156.1482,,
10909,1819969.889,5183156.1482,1829969.889,5173156.1482,,
10910,1819969.889,5173156.1482,1829969.889,5163156.1482,,
10911,1819969.889,5163156.1482,1829969.889,5153156.1482,,
10912,1819969.889,5153156.1482,1829969.889,5143156.1482,,
10913,1819969.889,5143156.1482,1829969.889,5133156.1482,,
10914,1819969.889,5133156.1482,1829969.889,5123156.1482,,
10915,1819969.889,5123156.1482,1829969.889,5113156.1482,,
10916,1819969.889,5113156.1482,1829969.889,5103156.1482,,
10917,1819969.889,5103156.1482,1829969.889,5093156.1482,,
10918,1819969.889,5093156.1482,1829969.889,5083156.1482,,
10919,1819969.889,5083156.1482,1829969.889,5073156.1482,,
10920,1819969.889,5073156.1482,1829969.889,5063156.1482,,
10921,1819969.889,5063156.1482,1829969.889,5053156.1482,,
10922,1819969.889,5053156.1482,1829969.889,5043156.1482,,
10923,1819969.889,5043156.1482,1829969.889,5033156.1482,,
10924,1819969.889,5033156.1482,1829969.889,5023156.1482,,
10925,1819969.889,5023156.1482,1829969.889,5013156.1482,,
10926,1819969.889,5013156.1482,1829969.889,5003156.1482,,
10927,1819969.889,5003156.1482,1829969.889,4993156.1482,,
10928,1819969.889,4993156.1482,1829969.889,4983156.1482,,
10929,1819969.889,4983156.1482,1829969.889,4973156.1482,,
10930,1819969.889,4973156.1482,1829969.889,4963156.1482,,
10931,1819969.889,4963156.1482,1829969.889,4953156.1482,,
10932,1819969.889,4953156.1482,1829969.889,4943156.1482,,
10933,1819969.889,4943156.1482,1829969.889,4933156.1482,,
10934,1819969.889,4933156.1482,1829969.889,4923156.1482,,
10935,1819969.889,4923156.1482,1829969.889,4913156.1482,,
10936,1819969.889,4913156.1482,1829969.889,4903156.1482,,
10937,1819969.889,4903156.1482,1829969.889,4893156.1482,,
10938,1819969.889,4893156.1482,1829969.889,4883156.1482,,
10939,1819969.889,4883156.1482,1829969.889,4873156.1482,,
10940,1819969.889,4873156.1482,1829969.889,4863156.1482,,
10941,1819969.889,4863156.1482,1829969.889,4853156.1482,,
10942,1819969.889,4853156.1482,1829969.889,4843156.1482,,
10943,1819969.889,4843156.1482,1829969.889,4833156.1482,,
10944,1819969.889,4833156.1482,1829969.889,4823156.1482,,
10945,1819969.889,4823156.1482,1829969.889,4813156.1482,,
10946,1819969.889,4813156.1482,1829969.889,4803156.1482,,
10947,1819969.889,4803156.1482,1829969.889,4793156.1482,,
10948,1819969.889,4793156.1482,1829969.889,4783156.1482,,
10949,1819969.889,4783156.1482,1829969.889,4773156.1482,,
10950,1819969.889,4773156.1482,1829969.889,4763156.1482,,
10951,1819969.889,4763156.1482,1829969.889,4753156.1482,,
10952,1819969.889,4753156.1482,1829969.889,4743156.1482,,
10953,1829969.889,6223156.1482,1839969.889,6213156.1482,,
10954,1829969.889,6213156.1482,1839969.889,6203156.1482,,
10955,1829969.889,6203156.1482,1839969.889,6193156.1482,,
10956,1829969.889,6193156.1482,1839969.889,6183156.1482,,
10957,1829969.889,6183156.1482,1839969.889,6173156.1482,,
10958,1829969.889,6173156.1482,1839969.889,6163156.1482,,
10959,1829969.889,6163156.1482,1839969.889,6153156.1482,,
10960,1829969.889,6153156.1482,1839969.889,6143156.1482,,
10961,1829969.889,6143156.1482,1839969.889,6133156.1482,,
10962,1829969.889,6133156.1482,1839969.889,6123156.1482,,
10963,1829969.889,6123156.1482,1839969.889,6113156.1482,,
10964,1829969.889,6113156.1482,1839969.889,6103156.1482,,
10965,1829969.889,6103156.1482,1839969.889,6093156.1482,,
10966,1829969.889,6093156.1482,1839969.889,6083156.1482,,
10967,1829969.889,6083156.1482,1839969.889,6073156.1482,,
10968,1829969.889,6073156.1482,1839969.889,6063156.1482,,
10969,1829969.889,6063156.1482,1839969.889,6053156.1482,,
10970,1829969.889,6053156.1482,1839969.889,6043156.1482,,
10971,1829969.889,6043156.1482,1839969.889,6033156.1482,,
10972,1829969.889,6033156.1482,1839969.889,6023156.1482,,
10973,1829969.889,6023156.1482,1839969.889,6013156.1482,,
10974,1829969.889,6013156.1482,1839969.889,6003156.1482,,
10975,1829969.889,6003156.1482,1839969.889,5993156.1482,,
10976,1829969.889,5993156.1482,1839969.889,5983156.1482,,
10977,1829969.889,5983156.1482,1839969.889,5973156.1482,,
10978,1829969.889,5973156.1482,1839969.889,5963156.1482,,
10979,1829969.889,5963156.1482,1839969.889,5953156.1482,,
10980,1829969.889,5953156.1482,1839969.889,5943156.1482,10950538.6571,4002599.087
10981,1829969.889,5943156.1482,1839969.889,5933156.1482,297506808.4978,72599559.29
10982,1829969.889,5933156.1482,1839969.889,5923156.1482,2032647031.0978,453740782.53
10983,1829969.889,5923156.1482,1839969.889,5913156.1482,6112690808.6523,2476913854.462
10984,1829969.889,5913156.1482,1839969.889,5903156.1482,2003401905.3131,573117584.848
10985,1829969.889,5903156.1482,1839969.889,5893156.1482,1460249795.0326,710122027.615
10986,1829969.889,5893156.1482,1839969.889,5883156.1482,863048170.5493,822558028.353
10987,1829969.889,5883156.1482,1839969.889,5873156.1482,830952753.9877,1019653713.35
10988,1829969.889,5873156.1482,1839969.889,5863156.1482,846239952.6217,1068692773.44
10989,1829969.889,5863156.1482,1839969.889,5853156.1482,3659498371.2568,4517912006.942
10990,1829969.889,5853156.1482,1839969.889,5843156.1482,1035168796.1676,1266533659.617
10991,1829969.889,5843156.1482,1839969.889,5833156.1482,3090617264.8164,3939771348.292
10992,1829969.889,5833156.1482,1839969.889,5823156.1482,1306252605.7855,1833542600.487
10993,1829969.889,5823156.1482,1839969.889,5813156.1482,868468869.3627,1133587659.058
10994,1829969.889,5813156.1482,1839969.889,5803156.1482,1241357166.77,1588937136.582
10995,1829969.889,5803156.1482,1839969.889,5793156.1482,1310250710.7629,1633328126.934
10996,1829969.889,5793156.1482,1839969.889,5783156.1482,1021162452.157,1158962815.634
10997,1829969.889,5783156.1482,1839969.889,5773156.1482,649986246.6084,712148264.364
10998,1829969.889,5773156.1482,1839969.889,5763156.1482,419492413.3269,486190224.716
10999,1829969.889,5763156.1482,1839969.889,5753156.1482,371702735.1719,420061686.887
11000,1829969.889,5753156.1482,1839969.889,5743156.1482,431006889.5586,390248127.784
11001,1829969.889,5743156.1482,1839969.889,5733156.1482,560026328.1281,452456578.161
11002,1829969.889,5733156.1482,1839969.889,5723156.1482,567536177.7629,441343827.883
11003,1829969.889,5723156.1482,1839969.889,5713156.1482,687122080.7258,262501459.82
11004,1829969.889,5713156.1482,1839969.889,5703156.1482,789461120.2252,296817885.943
11005,1829969.889,5703156.1482,1839969.889,5693156.1482,704082906.7593,252503526.489
11006,1829969.889,5693156.1482,1839969.889,5683156.1482,741673194.5638,272014054.771
11007,1829969.889,5683156.1482,1839969.889,5673156.1482,680108724.5058,247382231.896
11008,1829969.889,5673156.1482,1839969.889,5663156.1482,191553275.5364,82307982.791
11009,1829969.889,5663156.1482,1839969.889,5653156.1482,60985856.1837,39317987.254
11010,1829969.889,5653156.1482,1839969.889,5643156.1482,107407269.7626,92528714.528
11011,1829969.889,5643156.1482,1839969.889,5633156.1482,174902088.0266,169894891.107
11012,1829969.889,5633156.1482,1839969.889,5623156.1482,288005271.4468,446534925.36
11013,1829969.889,5623156.1482,1839969.889,5613156.1482,132712169.3246,131097469.501
11014,1829969.889,5613156.1482,1839969.889,5603156.1482,863276435.9355,1099793898.467
11015,1829969.889,5603156.1482,1839969.889,5593156.1482,94061514.0627,97111432.898
11016,1829969.889,5593156.1482,1839969.889,5583156.1482,169791657.8043,161532549.368
11017,1829969.889,5583156.1482,1839969.889,5573156.1482,234357236.4271,207890470.119
11018,1829969.889,5573156.1482,1839969.889,5563156.1482,237919359.9412,210756454.823
11019,1829969.889,5563156.1482,1839969.889,5553156.1482,226822647.3156,202564613.697
11020,1829969.889,5553156.1482,1839969.889,5543156.1482,444301151.2554,467726339.568
11021,1829969.889,5543156.1482,1839969.889,5533156.1482,3742626266.9761,4336236191.306
11022,1829969.889,5533156.1482,1839969.889,5523156.1482,1124853788.6774,1233475769.704
11023,1829969.889,5523156.1482,1839969.889,5513156.1482,1199986221.4373,1307107864.894
11024,1829969.889,5513156.1482,1839969.889,5503156.1482,625433362.9566,661255910.115
11025,1829969.889,5503156.1482,1839969.889,5493156.1482,228514831.0702,211158715.642
11026,1829969.889,5493156.1482,1839969.889,5483156.1482,347740637.3354,325504863.211
11027,1829969.889,5483156.1482,1839969.889,5473156.1482,467507547.3614,294387817.668
11028,1829969.889,5473156.1482,1839969.889,5463156.1482,698642165.2053,560346912.782
11029,1829969.889,5463156.1482,1839969.889,5453156.1482,682957320.2297,510820326.541
11030,1829969.889,5453156.1482,1839969.889,5443156.1482,359111538.5144,134647677.534
11031,1829969.889,5443156.1482,1839969.889,5433156.1482,211791802.787,138898410.663
11032,1829969.889,5433156.1482,1839969.889,5423156.1482,193599328.6702,140485374.672
11033,1829969.889,5423156.1482,1839969.889,5413156.1482,104857091.3507,70859362.842
11034,1829969.889,5413156.1482,1839969.889,5403156.1482,,
11035,1829969.889,5403156.1482,1839969.889,5393156.1482,,
11036,1829969.889,5393156.1482,1839969.889,5383156.1482,,
11037,1829969.889,5383156.1482,1839969.889,5373156.1482,,
11038,1829969.889,5373156.1482,1839969.889,5363156.1482,,
11039,1829969.889,5363156.1482,1839969.889,5353156.1482,,
11040,1829969.889,5353156.1482,1839969.889,5343156.1482,,
11041,1829969.889,5343156.1482,1839969.889,5333156.1482,,
11042,1829969.889,5333156.1482,1839969.889,5323156.1482,,
11043,1829969.889,5323156.1482,1839969.889,5313156.1482,,
11044,1829969.889,5313156.1482,1839969.889,5303156.1482,,
11045,1829969.889,5303156.1482,1839969.889,5293156.1482,,
11046,1829969.889,5293156.1482,1839969.889,5283156.1482,,
11047,1829969.889,5283156.1482,1839969.889,5273156.1482,,
11048,1829969.889,5273156.1482,1839969.889,5263156.1482,,
11049,1829969.889,5263156.1482,1839969.889,5253156.1482,,
11050,1829969.889,5253156.1482,1839969.889,5243156.1482,,
11051,1829969.889,5243156.1482,1839969.889,5233156.1482,,
11052,1829969.889,5233156.1482,1839969.889,5223156.1482,,
11053,1829969.889,5223156.1482,1839969.889,5213156.1482,,
11054,1829969.889,5213156.1482,1839969.889,5203156.1482,,
11055,1829969.889,5203156.1482,1839969.889,5193156.1482,,
11056,1829969.889,5193156.1482,1839969.889,5183156.1482,,
11057,1829969.889,5183156.1482,1839969.889,5173156.1482,,
11058,1829969.889,5173156.1482,1839969.889,5163156.1482,,
11059,1829969.889,5163156.1482,1839969.889,5153156.1482,,
11060,1829969.889,5153156.1482,1839969.889,5143156.1482,,
11061,1829969.889,5143156.1482,1839969.889,5133156.1482,,
11062,1829969.889,5133156.1482,1839969.889,5123156.1482,,
11063,1829969.889,5123156.1482,1839969.889,5113156.1482,,
11064,1829969.889,5113156.1482,1839969.889,5103156.1482,,
11065,1829969.889,5103156.1482,1839969.889,5093156.1482,,
11066,1829969.889,5093156.1482,1839969.889,5083156.1482,,
11067,1829969.889,5083156.1482,1839969.889,5073156.1482,,
11068,1829969.889,5073156.1482,1839969.889,5063156.1482,,
11069,1829969.889,5063156.1482,1839969.889,5053156.1482,,
11070,1829969.889,5053156.1482,1839969.889,5043156.1482,,
11071,1829969.889,5043156.1482,1839969.889,5033156.1482,,
11072,1829969.889,5033156.1482,1839969.889,5023156.1482,,
11073,1829969.889,5023156.1482,1839969.889,5013156.1482,,
11074,1829969.889,5013156.1482,1839969.889,5003156.1482,,
11075,1829969.889,5003156.1482,1839969.889,4993156.1482,,
11076,1829969.889,4993156.1482,1839969.889,4983156.1482,,
11077,1829969.889,4983156.1482,1839969.889,4973156.1482,,
11078,1829969.889,4973156.1482,1839969.889,4963156.1482,,
11079,1829969.889,4963156.1482,1839969.889,4953156.1482,,
11080,1829969.889,4953156.1482,1839969.889,4943156.1482,,
11081,1829969.889,4943156.1482,1839969.889,4933156.1482,,
11082,1829969.889,4933156.1482,1839969.889,4923156.1482,,
11083,1829969.889,4923156.1482,1839969.889,4913156.1482,,
11084,1829969.889,4913156.1482,1839969.889,4903156.1482,,
11085,1829969.889,4903156.1482,1839969.889,4893156.1482,,
11086,1829969.889,4893156.1482,1839969.889,4883156.1482,,
11087,1829969.889,4883156.1482,1839969.889,4873156.1482,,
11088,1829969.889,4873156.1482,1839969.889,4863156.1482,,
11089,1829969.889,4863156.1482,1839969.889,4853156.1482,,
11090,1829969.889,4853156.1482,1839969.889,4843156.1482,,
11091,1829969.889,4843156.1482,1839969.889,4833156.1482,,
11092,1829969.889,4833156.1482,1839969.889,4823156.1482,,
11093,1829969.889,4823156.1482,1839969.889,4813156.1482,,
11094,1829969.889,4813156.1482,1839969.889,4803156.1482,,
11095,1829969.889,4803156.1482,1839969.889,4793156.1482,,
11096,1829969.889,4793156.1482,1839969.889,4783156.1482,,
11097,1829969.889,4783156.1482,1839969.889,4773156.1482,,
11098,1829969.889,4773156.1482,1839969.889,4763156.1482,,
11099,1829969.889,4763156.1482,1839969.889,4753156.1482,,
11100,1829969.889,4753156.1482,1839969.889,4743156.1482,,
11101,1839969.889,6223156.1482,1849969.889,6213156.1482,,
11102,1839969.889,6213156.1482,1849969.889,6203156.1482,,
11103,1839969.889,6203156.1482,1849969.889,6193156.1482,,
11104,1839969.889,6193156.1482,1849969.889,6183156.1482,,
11105,1839969.889,6183156.1482,1849969.889,6173156.1482,,
11106,1839969.889,6173156.1482,1849969.889,6163156.1482,,
11107,1839969.889,6163156.1482,1849969.889,6153156.1482,,
11108,1839969.889,6153156.1482,1849969.889,6143156.1482,,
11109,1839969.889,6143156.1482,1849969.889,6133156.1482,,
11110,1839969.889,6133156.1482,1849969.889,6123156.1482,,
11111,1839969.889,6123156.1482,1849969.889,6113156.1482,,
11112,1839969.889,6113156.1482,1849969.889,6103156.1482,,
11113,1839969.889,6103156.1482,1849969.889,6093156.1482,,
11114,1839969.889,6093156.1482,1849969.889,6083156.1482,,
11115,1839969.889,6083156.1482,1849969.889,6073156.1482,,
11116,1839969.889,6073156.1482,1849969.889,6063156.1482,,
11117,1839969.889,6063156.1482,1849969.889,6053156.1482,,
11118,1839969.889,6053156.1482,1849969.889,6043156.1482,,
11119,1839969.889,6043156.1482,1849969.889,6033156.1482,,
11120,1839969.889,6033156.1482,1849969.889,6023156.1482,,
11121,1839969.889,6023156.1482,1849969.889,6013156.1482,,
11122,1839969.889,6013156.1482,1849969.889,6003156.1482,,
11123,1839969.889,6003156.1482,1849969.889,5993156.1482,,
11124,1839969.889,5993156.1482,1849969.889,5983156.1482,,
11125,1839969.889,5983156.1482,1849969.889,5973156.1482,,
11126,1839969.889,5973156.1482,1849969.889,5963156.1482,10356615.5335,1582258.35
11127,1839969.889,5963156.1482,1849969.889,5953156.1482,,
11128,1839969.889,5953156.1482,1849969.889,5943156.1482,45881034.6536,7009592.077
11129,1839969.889,5943156.1482,1849969.889,5933156.1482,174289666.594,37677378.779
11130,1839969.889,5933156.1482,1849969.889,5923156.1482,2491884766.9118,791929927.791
11131,1839969.889,5923156.1482,1849969.889,5913156.1482,8822739937.984,3483286068.173
11132,1839969.889,5913156.1482,1849969.889,5903156.1482,1852920658.2629,574848392.295
11133,1839969.889,5903156.1482,1849969.889,5893156.1482,1557226313.0371,480159006.816
11134,1839969.889,5893156.1482,1849969.889,5883156.1482,1738248183.6501,390392552.184
11135,1839969.889,5883156.1482,1849969.889,5873156.1482,4839478250.8513,521496500.648
11136,1839969.889,5873156.1482,1849969.889,5863156.1482,1781924058.933,1028728312.746
11137,1839969.889,5863156.1482,1849969.889,5853156.1482,1642240530.5978,1231562771.524
11138,1839969.889,5853156.1482,1849969.889,5843156.1482,1649567708.2744,1290925849.619
11139,1839969.889,5843156.1482,1849969.889,5833156.1482,1340250055.5218,1512059927.047
11140,1839969.889,5833156.1482,1849969.889,5823156.1482,953042015.3532,1258711259.296
11141,1839969.889,5823156.1482,1849969.889,5813156.1482,1259271351.6338,1583609176.611
11142,1839969.889,5813156.1482,1849969.889,5803156.1482,6910327681.1924,9170100325.72
11143,1839969.889,5803156.1482,1849969.889,5793156.1482,1053966452.1281,1269341427.224
11144,1839969.889,5793156.1482,1849969.889,5783156.1482,3396450491.7639,4207741393.197
11145,1839969.889,5783156.1482,1849969.889,5773156.1482,670836351.4001,736666537.594
11146,1839969.889,5773156.1482,1849969.889,5763156.1482,2259306699.9461,2981982466.869
11147,1839969.889,5763156.1482,1849969.889,5753156.1482,458514069.1713,544414332.288
11148,1839969.889,5753156.1482,1849969.889,5743156.1482,477950614.8519,511303690.306
11149,1839969.889,5743156.1482,1849969.889,5733156.1482,554674996.1208,456130178.108
11150,1839969.889,5733156.1482,1849969.889,5723156.1482,559960158.4657,452403118.355
11151,1839969.889,5723156.1482,1849969.889,5713156.1482,737772232.2756,465394687.666
11152,1839969.889,5713156.1482,1849969.889,5703156.1482,1253748967.6959,537875033.776
11153,1839969.889,5703156.1482,1849969.889,5693156.1482,1089262516.4458,452491660.36
11154,1839969.889,5693156.1482,1849969.889,5683156.1482,1111665590.0317,464118499.198
11155,1839969.889,5683156.1482,1849969.889,5673156.1482,5186314284.6916,3977578331.37
11156,1839969.889,5673156.1482,1849969.889,5663156.1482,259712483.9135,104747426.123
11157,1839969.889,5663156.1482,1849969.889,5653156.1482,61567117.0179,40375608.759
11158,1839969.889,5653156.1482,1849969.889,5643156.1482,109117364.7246,99160065.003
11159,1839969.889,5643156.1482,1849969.889,5633156.1482,174670806.2786,169681358.335
11160,1839969.889,5633156.1482,1849969.889,5623156.1482,166263396.9236,161949829.907
11161,1839969.889,5623156.1482,1849969.889,5613156.1482,102086402.6218,102932979.574
11162,1839969.889,5613156.1482,1849969.889,5603156.1482,705356115.992,893945015.761
11163,1839969.889,5603156.1482,1849969.889,5593156.1482,158946128.8089,181692329.199
11164,1839969.889,5593156.1482,1849969.889,5583156.1482,189669371.3297,171958111.957
11165,1839969.889,5583156.1482,1849969.889,5573156.1482,233676886.6304,207621998.288
11166,1839969.889,5573156.1482,1849969.889,5563156.1482,208547472.86,189058752.731
11167,1839969.889,5563156.1482,1849969.889,5553156.1482,201214491.1267,183646210.182
11168,1839969.889,5553156.1482,1849969.889,5543156.1482,399383996.8293,399121642.204
11169,1839969.889,5543156.1482,1849969.889,5533156.1482,889519911.8902,945105626.927
11170,1839969.889,5533156.1482,1849969.889,5523156.1482,1382147393.4332,1515108526.933
11171,1839969.889,5523156.1482,1849969.889,5513156.1482,1395215460.3275,1568854533.943
11172,1839969.889,5513156.1482,1849969.889,5503156.1482,172167536.5624,181413106.689
11173,1839969.889,5503156.1482,1849969.889,5493156.1482,214346048.2831,203669849.706
11174,1839969.889,5493156.1482,1849969.889,5483156.1482,243135381.2992,205109645.571
11175,1839969.889,5483156.1482,1849969.889,5473156.1482,407493963.9516,134645804.112
11176,1839969.889,5473156.1482,1849969.889,5463156.1482,410991547.4833,133179768.846
11177,1839969.889,5463156.1482,1849969.889,5453156.1482,410991558.9546,133179772.563
11178,1839969.889,5453156.1482,1849969.889,5443156.1482,410991571.9703,133179776.78
11179,1839969.889,5443156.1482,1849969.889,5433156.1482,282700521.3801,136764123.941
11180,1839969.889,5433156.1482,1849969.889,5423156.1482,81668735.1292,60987131.007
11181,1839969.889,5423156.1482,1849969.889,5413156.1482,,
11182,1839969.889,5413156.1482,1849969.889,5403156.1482,,
11183,1839969.889,5403156.1482,1849969.889,5393156.1482,,
11184,1839969.889,5393156.1482,1849969.889,5383156.1482,,
11185,1839969.889,5383156.1482,1849969.889,5373156.1482,,
11186,1839969.889,5373156.1482,1849969.889,5363156.1482,,
11187,1839969.889,5363156.1482,1849969.889,5353156.1482,,
11188,1839969.889,5353156.1482,1849969.889,5343156.1482,,
11189,1839969.889,5343156.1482,1849969.889,5333156.1482,,
11190,1839969.889,5333156.1482,1849969.889,5323156.1482,,
11191,1839969.889,5323156.1482,1849969.889,5313156.1482,,
11192,1839969.889,5313156.1482,1849969.889,5303156.1482,,
11193,1839969.889,5303156.1482,1849969.889,5293156.1482,,
11194,1839969.889,5293156.1482,1849969.889,5283156.1482,,
11195,1839969.889,5283156.1482,1849969.889,5273156.1482,,
11196,1839969.889,5273156.1482,1849969.889,5263156.1482,,
11197,1839969.889,5263156.1482,1849969.889,5253156.1482,,
11198,1839969.889,5253156.1482,1849969.889,5243156.1482,,
11199,1839969.889,5243156.1482,1849969.889,5233156.1482,,
11200,1839969.889,5233156.1482,1849969.889,5223156.1482,,
11201,1839969.889,5223156.1482,1849969.889,5213156.1482,,
11202,1839969.889,5213156.1482,1849969.889,5203156.1482,,
11203,1839969.889,5203156.1482,1849969.889,5193156.1482,,
11204,1839969.889,5193156.1482,1849969.889,5183156.1482,,
11205,1839969.889,5183156.1482,1849969.889,5173156.1482,,
11206,1839969.889,5173156.1482,1849969.889,5163156.1482,,
11207,1839969.889,5163156.1482,1849969.889,5153156.1482,,
11208,1839969.889,5153156.1482,1849969.889,5143156.1482,,
11209,1839969.889,5143156.1482,1849969.889,5133156.1482,,
11210,1839969.889,5133156.1482,1849969.889,5123156.1482,,
11211,1839969.889,5123156.1482,1849969.889,5113156.1482,,
11212,1839969.889,5113156.1482,1849969.889,5103156.1482,,
11213,1839969.889,5103156.1482,1849969.889,5093156.1482,,
11214,1839969.889,5093156.1482,1849969.889,5083156.1482,,
11215,1839969.889,5083156.1482,1849969.889,5073156.1482,,
11216,1839969.889,5073156.1482,1849969.889,5063156.1482,,
11217,1839969.889,5063156.1482,1849969.889,5053156.1482,,
11218,1839969.889,5053156.1482,1849969.889,5043156.1482,,
11219,1839969.889,5043156.1482,1849969.889,5033156.1482,,
11220,1839969.889,5033156.1482,1849969.889,5023156.1482,,
11221,1839969.889,5023156.1482,1849969.889,5013156.1482,,
11222,1839969.889,5013156.1482,1849969.889,5003156.1482,,
11223,1839969.889,5003156.1482,1849969.889,4993156.1482,,
11224,1839969.889,4993156.1482,1849969.889,4983156.1482,,
11225,1839969.889,4983156.1482,1849969.889,4973156.1482,,
11226,1839969.889,4973156.1482,1849969.889,4963156.1482,,
11227,1839969.889,4963156.1482,1849969.889,4953156.1482,,
11228,1839969.889,4953156.1482,1849969.889,4943156.1482,,
11229,1839969.889,4943156.1482,1849969.889,4933156.1482,,
11230,1839969.889,4933156.1482,1849969.889,4923156.1482,,
11231,1839969.889,4923156.1482,1849969.889,4913156.1482,,
11232,1839969.889,4913156.1482,1849969.889,4903156.1482,,
11233,1839969.889,4903156.1482,1849969.889,4893156.1482,,
11234,1839969.889,4893156.1482,1849969.889,4883156.1482,,
11235,1839969.889,4883156.1482,1849969.889,4873156.1482,,
11236,1839969.889,4873156.1482,1849969.889,4863156.1482,,
11237,1839969.889,4863156.1482,1849969.889,4853156.1482,,
11238,1839969.889,4853156.1482,1849969.889,4843156.1482,,
11239,1839969.889,4843156.1482,1849969.889,4833156.1482,,
11240,1839969.889,4833156.1482,1849969.889,4823156.1482,,
11241,1839969.889,4823156.1482,1849969.889,4813156.1482,,
11242,1839969.889,4813156.1482,1849969.889,4803156.1482,,
11243,1839969.889,4803156.1482,1849969.889,4793156.1482,,
11244,1839969.889,4793156.1482,1849969.889,4783156.1482,,
11245,1839969.889,4783156.1482,1849969.889,4773156.1482,,
11246,1839969.889,4773156.1482,1849969.889,4763156.1482,,
11247,1839969.889,4763156.1482,1849969.889,4753156.1482,,
11248,1839969.889,4753156.1482,1849969.889,4743156.1482,,
11249,1849969.889,6223156.1482,1859969.889,6213156.1482,,
11250,1849969.889,6213156.1482,1859969.889,6203156.1482,,
11251,1849969.889,6203156.1482,1859969.889,6193156.1482,,
11252,1849969.889,6193156.1482,1859969.889,6183156.1482,,
11253,1849969.889,6183156.1482,1859969.889,6173156.1482,,
11254,1849969.889,6173156.1482,1859969.889,6163156.1482,,
11255,1849969.889,6163156.1482,1859969.889,6153156.1482,,
11256,1849969.889,6153156.1482,1859969.889,6143156.1482,,
11257,1849969.889,6143156.1482,1859969.889,6133156.1482,,
11258,1849969.889,6133156.1482,1859969.889,6123156.1482,,
11259,1849969.889,6123156.1482,1859969.889,6113156.1482,,
11260,1849969.889,6113156.1482,1859969.889,6103156.1482,,
11261,1849969.889,6103156.1482,1859969.889,6093156.1482,,
11262,1849969.889,6093156.1482,1859969.889,6083156.1482,,
11263,1849969.889,6083156.1482,1859969.889,6073156.1482,,
11264,1849969.889,6073156.1482,1859969.889,6063156.1482,,
11265,1849969.889,6063156.1482,1859969.889,6053156.1482,,
11266,1849969.889,6053156.1482,1859969.889,6043156.1482,,
11267,1849969.889,6043156.1482,1859969.889,6033156.1482,,
11268,1849969.889,6033156.1482,1859969.889,6023156.1482,,
11269,1849969.889,6023156.1482,1859969.889,6013156.1482,,
11270,1849969.889,6013156.1482,1859969.889,6003156.1482,,
11271,1849969.889,6003156.1482,1859969.889,5993156.1482,,
11272,1849969.889,5993156.1482,1859969.889,5983156.1482,,
11273,1849969.889,5983156.1482,1859969.889,5973156.1482,,
11274,1849969.889,5973156.1482,1859969.889,5963156.1482,,
11275,1849969.889,5963156.1482,1859969.889,5953156.1482,,
11276,1849969.889,5953156.1482,1859969.889,5943156.1482,22406762.9776,3423250.357
11277,1849969.889,5943156.1482,1859969.889,5933156.1482,45045066.0442,6911194.713
11278,1849969.889,5933156.1482,1859969.889,5923156.1482,120149954.9046,26374364.873
11279,1849969.889,5923156.1482,1859969.889,5913156.1482,184150540.8565,56865694.073
11280,1849969.889,5913156.1482,1859969.889,5903156.1482,565393195.0827,176960914.885
11281,1849969.889,5903156.1482,1859969.889,5893156.1482,9455385063.9423,2387896446.008
11282,1849969.889,5893156.1482,1859969.889,5883156.1482,5134222949.0595,352452521.937
11283,1849969.889,5883156.1482,1859969.889,5873156.1482,23679264864.4433,4505880559.757
11284,1849969.889,5873156.1482,1859969.889,5863156.1482,1606070726.4496,838169217.418
11285,1849969.889,5863156.1482,1859969.889,5853156.1482,6726872463.3579,5411864044.397
11286,1849969.889,5853156.1482,1859969.889,5843156.1482,2971154331.9172,2181487861.753
11287,1849969.889,5843156.1482,1859969.889,5833156.1482,5127744728.3974,5106788919.268
11288,1849969.889,5833156.1482,1859969.889,5823156.1482,2093885873.7361,2124970851.162
11289,1849969.889,5823156.1482,1859969.889,5813156.1482,1545568155.9663,1725223334.973
11290,1849969.889,5813156.1482,1859969.889,5803156.1482,900058166.025,1043847621.744
11291,1849969.889,5803156.1482,1859969.889,5793156.1482,943609755.2208,1124089033.448
11292,1849969.889,5793156.1482,1859969.889,5783156.1482,835389883.0113,961597935.222
11293,1849969.889,5783156.1482,1859969.889,5773156.1482,625006234.6775,688738545.712
11294,1849969.889,5773156.1482,1859969.889,5763156.1482,7177307766.6379,9258645588.941
11295,1849969.889,5763156.1482,1859969.889,5753156.1482,483173695.1603,576589177.171
11296,1849969.889,5753156.1482,1859969.889,5743156.1482,451216417.0831,532710811.361
11297,1849969.889,5743156.1482,1859969.889,5733156.1482,570723698.8377,505236911.057
11298,1849969.889,5733156.1482,1859969.889,5723156.1482,787182509.0162,662223810.897
11299,1849969.889,5723156.1482,1859969.889,5713156.1482,2692783476.0552,1876953195.502
11300,1849969.889,5713156.1482,1859969.889,5703156.1482,1467042589.5676,718387438.799
11301,1849969.889,5703156.1482,1859969.889,5693156.1482,1268073716.334,545332948.935
11302,1849969.889,5693156.1482,1859969.889,5683156.1482,835980647.012,321915582.223
11303,1849969.889,5683156.1482,1859969.889,5673156.1482,275644193.3302,109990663.696
11304,1849969.889,5673156.1482,1859969.889,5663156.1482,152698139.4159,68266038.5
11305,1849969.889,5663156.1482,1859969.889,5653156.1482,77455192.2772,71146688.593
11306,1849969.889,5653156.1482,1859969.889,5643156.1482,126365427.8433,125259597.31
11307,1849969.889,5643156.1482,1859969.889,5633156.1482,161200969.8698,157293251.62
11308,1849969.889,5633156.1482,1859969.889,5623156.1482,90556673.8595,92328771.71
11309,1849969.889,5623156.1482,1859969.889,5613156.1482,89987904.5815,91806447.623
11310,1849969.889,5613156.1482,1859969.889,5603156.1482,89987907.4682,91806450.568
11311,1849969.889,5603156.1482,1859969.889,5593156.1482,89987910.2961,91806453.453
11312,1849969.889,5593156.1482,1859969.889,5583156.1482,131396021.6604,125100944.657
11313,1849969.889,5583156.1482,1859969.889,5573156.1482,234648286.323,208335030.531
11314,1849969.889,5573156.1482,1859969.889,5563156.1482,201208302.116,183634745.581
11315,1849969.889,5563156.1482,1859969.889,5553156.1482,274897832.2426,284580003.928
11316,1849969.889,5553156.1482,1859969.889,5543156.1482,918210329.2444,980740250.482
11317,1849969.889,5543156.1482,1859969.889,5533156.1482,949401080.3229,1006055734.734
11318,1849969.889,5533156.1482,1859969.889,5523156.1482,339986923.7974,361714457.61
11319,1849969.889,5523156.1482,1859969.889,5513156.1482,172122159.8786,181364758.154
11320,1849969.889,5513156.1482,1859969.889,5503156.1482,169367523.4634,174237934.49
11321,1849969.889,5503156.1482,1859969.889,5493156.1482,226914957.6801,209995858.517
11322,1849969.889,5493156.1482,1859969.889,5483156.1482,317264070.4368,173288787.61
11323,1849969.889,5483156.1482,1859969.889,5473156.1482,410940965.2517,133163377.925
11324,1849969.889,5473156.1482,1859969.889,5463156.1482,410940976.9029,133163381.7
11325,1849969.889,5463156.1482,1859969.889,5453156.1482,410940991.2416,133163386.347
11326,1849969.889,5453156.1482,1859969.889,5443156.1482,366482015.0276,118756676.01
11327,1849969.889,5443156.1482,1859969.889,5433156.1482,124049801.0116,41207145.095
11328,1849969.889,5433156.1482,1859969.889,5423156.1482,163645.7288,122204.458
11329,1849969.889,5423156.1482,1859969.889,5413156.1482,,
11330,1849969.889,5413156.1482,1859969.889,5403156.1482,,
11331,1849969.889,5403156.1482,1859969.889,5393156.1482,,
11332,1849969.889,5393156.1482,1859969.889,5383156.1482,,
11333,1849969.889,5383156.1482,1859969.889,5373156.1482,,
11334,1849969.889,5373156.1482,1859969.889,5363156.1482,,
11335,1849969.889,5363156.1482,1859969.889,5353156.1482,,
11336,1849969.889,5353156.1482,1859969.889,5343156.1482,,
11337,1849969.889,5343156.1482,1859969.889,5333156.1482,,
11338,1849969.889,5333156.1482,1859969.889,5323156.1482,,
11339,1849969.889,5323156.1482,1859969.889,5313156.1482,,
11340,1849969.889,5313156.1482,1859969.889,5303156.1482,,
11341,1849969.889,5303156.1482,1859969.889,5293156.1482,,
11342,1849969.889,5293156.1482,1859969.889,5283156.1482,,
11343,1849969.889,5283156.1482,1859969.889,5273156.1482,,
11344,1849969.889,5273156.1482,1859969.889,5263156.1482,,
11345,1849969.889,5263156.1482,1859969.889,5253156.1482,,
11346,1849969.889,5253156.1482,1859969.889,5243156.1482,,
11347,1849969.889,5243156.1482,1859969.889,5233156.1482,,
11348,1849969.889,5233156.1482,1859969.889,5223156.1482,,
11349,1849969.889,5223156.1482,1859969.889,5213156.1482,,
11350,1849969.889,5213156.1482,1859969.889,5203156.1482,,
11351,1849969.889,5203156.1482,1859969.889,5193156.1482,,
11352,1849969.889,5193156.1482,1859969.889,5183156.1482,,
11353,1849969.889,5183156.1482,1859969.889,5173156.1482,,
11354,1849969.889,5173156.1482,1859969.889,5163156.1482,,
11355,1849969.889,5163156.1482,1859969.889,5153156.1482,,
11356,1849969.889,5153156.1482,1859969.889,5143156.1482,,
11357,1849969.889,5143156.1482,1859969.889,5133156.1482,,
11358,1849969.889,5133156.1482,1859969.889,5123156.1482,,
11359,1849969.889,5123156.1482,1859969.889,5113156.1482,,
11360,1849969.889,5113156.1482,1859969.889,5103156.1482,,
11361,1849969.889,5103156.1482,1859969.889,5093156.1482,,
11362,1849969.889,5093156.1482,1859969.889,5083156.1482,,
11363,1849969.889,5083156.1482,1859969.889,5073156.1482,,
11364,1849969.889,5073156.1482,1859969.889,5063156.1482,,
11365,1849969.889,5063156.1482,1859969.889,5053156.1482,,
11366,1849969.889,5053156.1482,1859969.889,5043156.1482,,
11367,1849969.889,5043156.1482,1859969.889,5033156.1482,,
11368,1849969.889,5033156.1482,1859969.889,5023156.1482,,
11369,1849969.889,5023156.1482,1859969.889,5013156.1482,,
11370,1849969.889,5013156.1482,1859969.889,5003156.1482,,
11371,1849969.889,5003156.1482,1859969.889,4993156.1482,,
11372,1849969.889,4993156.1482,1859969.889,4983156.1482,,
11373,1849969.889,4983156.1482,1859969.889,4973156.1482,,
11374,1849969.889,4973156.1482,1859969.889,4963156.1482,,
11375,1849969.889,4963156.1482,1859969.889,4953156.1482,,
11376,1849969.889,4953156.1482,1859969.889,4943156.1482,,
11377,1849969.889,4943156.1482,1859969.889,4933156.1482,,
11378,1849969.889,4933156.1482,1859969.889,4923156.1482,,
11379,1849969.889,4923156.1482,1859969.889,4913156.1482,,
11380,1849969.889,4913156.1482,1859969.889,4903156.1482,,
11381,1849969.889,4903156.1482,1859969.889,4893156.1482,,
11382,1849969.889,4893156.1482,1859969.889,4883156.1482,,
11383,1849969.889,4883156.1482,1859969.889,4873156.1482,,
11384,1849969.889,4873156.1482,1859969.889,4863156.1482,,
11385,1849969.889,4863156.1482,1859969.889,4853156.1482,,
11386,1849969.889,4853156.1482,1859969.889,4843156.1482,,
11387,1849969.889,4843156.1482,1859969.889,4833156.1482,,
11388,1849969.889,4833156.1482,1859969.889,4823156.1482,,
11389,1849969.889,4823156.1482,1859969.889,4813156.1482,,
11390,1849969.889,4813156.1482,1859969.889,4803156.1482,,
11391,1849969.889,4803156.1482,1859969.889,4793156.1482,,
11392,1849969.889,4793156.1482,1859969.889,4783156.1482,,
11393,1849969.889,4783156.1482,1859969.889,4773156.1482,,
11394,1849969.889,4773156.1482,1859969.889,4763156.1482,,
11395,1849969.889,4763156.1482,1859969.889,4753156.1482,,
11396,1849969.889,4753156.1482,1859969.889,4743156.1482,,
11397,1859969.889,6223156.1482,1869969.889,6213156.1482,,
11398,1859969.889,6213156.1482,1869969.889,6203156.1482,,
11399,1859969.889,6203156.1482,1869969.889,6193156.1482,,
11400,1859969.889,6193156.1482,1869969.889,6183156.1482,,
11401,1859969.889,6183156.1482,1869969.889,6173156.1482,,
11402,1859969.889,6173156.1482,1869969.889,6163156.1482,,
11403,1859969.889,6163156.1482,1869969.889,6153156.1482,,
11404,1859969.889,6153156.1482,1869969.889,6143156.1482,,
11405,1859969.889,6143156.1482,1869969.889,6133156.1482,,
11406,1859969.889,6133156.1482,1869969.889,6123156.1482,,
11407,1859969.889,6123156.1482,1869969.889,6113156.1482,,
11408,1859969.889,6113156.1482,1869969.889,6103156.1482,,
11409,1859969.889,6103156.1482,1869969.889,6093156.1482,,
11410,1859969.889,6093156.1482,1869969.889,6083156.1482,,
11411,1859969.889,6083156.1482,1869969.889,6073156.1482,,
11412,1859969.889,6073156.1482,1869969.889,6063156.1482,,
11413,1859969.889,6063156.1482,1869969.889,6053156.1482,,
11414,1859969.889,6053156.1482,1869969.889,6043156.1482,,
11415,1859969.889,6043156.1482,1869969.889,6033156.1482,,
11416,1859969.889,6033156.1482,1869969.889,6023156.1482,,
11417,1859969.889,6023156.1482,1869969.889,6013156.1482,,
11418,1859969.889,6013156.1482,1869969.889,6003156.1482,,
11419,1859969.889,6003156.1482,1869969.889,5993156.1482,,
11420,1859969.889,5993156.1482,1869969.889,5983156.1482,,
11421,1859969.889,5983156.1482,1869969.889,5973156.1482,,
11422,1859969.889,5973156.1482,1869969.889,5963156.1482,,
11423,1859969.889,5963156.1482,1869969.889,5953156.1482,,
11424,1859969.889,5953156.1482,1869969.889,5943156.1482,4044604.2489,617924.729
11425,1859969.889,5943156.1482,1869969.889,5933156.1482,10367678.1537,1583948.47
11426,1859969.889,5933156.1482,1869969.889,5923156.1482,,
11427,1859969.889,5923156.1482,1869969.889,5913156.1482,,
11428,1859969.889,5913156.1482,1869969.889,5903156.1482,,
11429,1859969.889,5903156.1482,1869969.889,5893156.1482,15227344.6891,2326396.418
11430,1859969.889,5893156.1482,1869969.889,5883156.1482,18457.0666,2819.825
11431,1859969.889,5883156.1482,1869969.889,5873156.1482,,
11432,1859969.889,5873156.1482,1869969.889,5863156.1482,3026638.9559,1847864.311
11433,1859969.889,5863156.1482,1869969.889,5853156.1482,2711237349.7776,843101389.071
11434,1859969.889,5853156.1482,1869969.889,5843156.1482,3330522014.2541,1521792579.76
11435,1859969.889,5843156.1482,1869969.889,5833156.1482,847855154.6993,797622124.175
11436,1859969.889,5833156.1482,1869969.889,5823156.1482,5514868271.1833,5952051434.633
11437,1859969.889,5823156.1482,1869969.889,5813156.1482,3086968291.4473,3481862859.813
11438,1859969.889,5813156.1482,1869969.889,5803156.1482,1127357460.1397,1212102250.097
11439,1859969.889,5803156.1482,1869969.889,5793156.1482,1013112017.7366,1079631511.296
11440,1859969.889,5793156.1482,1869969.889,5783156.1482,773194107.6965,842920677.22
11441,1859969.889,5783156.1482,1869969.889,5773156.1482,518581582.2903,611731807.226
11442,1859969.889,5773156.1482,1869969.889,5763156.1482,444482208.8516,529584266.098
11443,1859969.889,5763156.1482,1869969.889,5753156.1482,446798035.3812,530207357.304
11444,1859969.889,5753156.1482,1869969.889,5743156.1482,423352016.8918,463595933.916
11445,1859969.889,5743156.1482,1869969.889,5733156.1482,603738690.18,642372771.182
11446,1859969.889,5733156.1482,1869969.889,5723156.1482,606313027.4245,644028917.154
11447,1859969.889,5723156.1482,1869969.889,5713156.1482,15367573055.7228,10762868731.981
11448,1859969.889,5713156.1482,1869969.889,5703156.1482,16044371858.6042,12328273177.489
11449,1859969.889,5703156.1482,1869969.889,5693156.1482,730800859.9549,337712721.784
11450,1859969.889,5693156.1482,1869969.889,5683156.1482,193311629.801,83101034.904
11451,1859969.889,5683156.1482,1869969.889,5673156.1482,62516520.5282,39815038.235
11452,1859969.889,5673156.1482,1869969.889,5663156.1482,38661137.2415,24799180.933
11453,1859969.889,5663156.1482,1869969.889,5653156.1482,56573631.6021,57705205.802
11454,1859969.889,5653156.1482,1869969.889,5643156.1482,64555144.6535,66267753.525
11455,1859969.889,5643156.1482,1869969.889,5633156.1482,61664496.6995,63286786.604
11456,1859969.889,5633156.1482,1869969.889,5623156.1482,85877995.0659,87679190.665
11457,1859969.889,5623156.1482,1869969.889,5613156.1482,89970948.0932,91792236.191
11458,1859969.889,5613156.1482,1869969.889,5603156.1482,89976389.5881,91794699.926
11459,1859969.889,5603156.1482,1869969.889,5593156.1482,89976392.8537,91794703.258
11460,1859969.889,5593156.1482,1869969.889,5583156.1482,123380373.5523,133724074.431
11461,1859969.889,5583156.1482,1869969.889,5573156.1482,283410250.543,305668064.607
11462,1859969.889,5573156.1482,1869969.889,5563156.1482,375691028.0044,430059453.94
11463,1859969.889,5563156.1482,1869969.889,5553156.1482,544120817.2331,654406516.629
11464,1859969.889,5553156.1482,1869969.889,5543156.1482,5304819510.1961,5909146149.573
11465,1859969.889,5543156.1482,1869969.889,5533156.1482,836421996.5738,895723197.597
11466,1859969.889,5533156.1482,1869969.889,5523156.1482,130214103.7379,140193267.354
11467,1859969.889,5523156.1482,1869969.889,5513156.1482,135331049.4608,123554561.542
11468,1859969.889,5513156.1482,1869969.889,5503156.1482,95614083.352,61144494.391
11469,1859969.889,5503156.1482,1869969.889,5493156.1482,131650715.4158,100320845.975
11470,1859969.889,5493156.1482,1869969.889,5483156.1482,350282909.8239,122517234.632
11471,1859969.889,5483156.1482,1869969.889,5473156.1482,410888379.6758,133146337.83
11472,1859969.889,5473156.1482,1869969.889,5463156.1482,394158197.9401,127725005.567
11473,1859969.889,5463156.1482,1869969.889,5453156.1482,141964019.0447,46002734.987
11474,1859969.889,5453156.1482,1869969.889,5443156.1482,6881239.0629,2229831.327
11475,1859969.889,5443156.1482,1869969.889,5433156.1482,,
11476,1859969.889,5433156.1482,1869969.889,5423156.1482,,
11477,1859969.889,5423156.1482,1869969.889,5413156.1482,,
11478,1859969.889,5413156.1482,1869969.889,5403156.1482,,
11479,1859969.889,5403156.1482,1869969.889,5393156.1482,,
11480,1859969.889,5393156.1482,1869969.889,5383156.1482,,
11481,1859969.889,5383156.1482,1869969.889,5373156.1482,,
11482,1859969.889,5373156.1482,1869969.889,5363156.1482,,
11483,1859969.889,5363156.1482,1869969.889,5353156.1482,,
11484,1859969.889,5353156.1482,1869969.889,5343156.1482,,
11485,1859969.889,5343156.1482,1869969.889,5333156.1482,,
11486,1859969.889,5333156.1482,1869969.889,5323156.1482,,
11487,1859969.889,5323156.1482,1869969.889,5313156.1482,,
11488,1859969.889,5313156.1482,1869969.889,5303156.1482,,
11489,1859969.889,5303156.1482,1869969.889,5293156.1482,,
11490,1859969.889,5293156.1482,1869969.889,5283156.1482,,
11491,1859969.889,5283156.1482,1869969.889,5273156.1482,,
11492,1859969.889,5273156.1482,1869969.889,5263156.1482,,
11493,1859969.889,5263156.1482,1869969.889,5253156.1482,,
11494,1859969.889,5253156.1482,1869969.889,5243156.1482,,
11495,1859969.889,5243156.1482,1869969.889,5233156.1482,,
11496,1859969.889,5233156.1482,1869969.889,5223156.1482,,
11497,1859969.889,5223156.1482,1869969.889,5213156.1482,,
11498,1859969.889,5213156.1482,1869969.889,5203156.1482,,
11499,1859969.889,5203156.1482,1869969.889,5193156.1482,,
11500,1859969.889,5193156.1482,1869969.889,5183156.1482,,
11501,1859969.889,5183156.1482,1869969.889,5173156.1482,,
11502,1859969.889,5173156.1482,1869969.889,5163156.1482,,
11503,1859969.889,5163156.1482,1869969.889,5153156.1482,,
11504,1859969.889,5153156.1482,1869969.889,5143156.1482,,
11505,1859969.889,5143156.1482,1869969.889,5133156.1482,,
11506,1859969.889,5133156.1482,1869969.889,5123156.1482,,
11507,1859969.889,5123156.1482,1869969.889,5113156.1482,,
11508,1859969.889,5113156.1482,1869969.889,5103156.1482,,
11509,1859969.889,5103156.1482,1869969.889,5093156.1482,,
11510,1859969.889,5093156.1482,1869969.889,5083156.1482,,
11511,1859969.889,5083156.1482,1869969.889,5073156.1482,,
11512,1859969.889,5073156.1482,1869969.889,5063156.1482,,
11513,1859969.889,5063156.1482,1869969.889,5053156.1482,,
11514,1859969.889,5053156.1482,1869969.889,5043156.1482,,
11515,1859969.889,5043156.1482,1869969.889,5033156.1482,,
11516,1859969.889,5033156.1482,1869969.889,5023156.1482,,
11517,1859969.889,5023156.1482,1869969.889,5013156.1482,,
11518,1859969.889,5013156.1482,1869969.889,5003156.1482,,
11519,1859969.889,5003156.1482,1869969.889,4993156.1482,,
11520,1859969.889,4993156.1482,1869969.889,4983156.1482,,
11521,1859969.889,4983156.1482,1869969.889,4973156.1482,,
11522,1859969.889,4973156.1482,1869969.889,4963156.1482,,
11523,1859969.889,4963156.1482,1869969.889,4953156.1482,,
11524,1859969.889,4953156.1482,1869969.889,4943156.1482,,
11525,1859969.889,4943156.1482,1869969.889,4933156.1482,,
11526,1859969.889,4933156.1482,1869969.889,4923156.1482,,
11527,1859969.889,4923156.1482,1869969.889,4913156.1482,,
11528,1859969.889,4913156.1482,1869969.889,4903156.1482,,
11529,1859969.889,4903156.1482,1869969.889,4893156.1482,,
11530,1859969.889,4893156.1482,1869969.889,4883156.1482,,
11531,1859969.889,4883156.1482,1869969.889,4873156.1482,,
11532,1859969.889,4873156.1482,1869969.889,4863156.1482,,
11533,1859969.889,4863156.1482,1869969.889,4853156.1482,,
11534,1859969.889,4853156.1482,1869969.889,4843156.1482,,
11535,1859969.889,4843156.1482,1869969.889,4833156.1482,,
11536,1859969.889,4833156.1482,1869969.889,4823156.1482,,
11537,1859969.889,4823156.1482,1869969.889,4813156.1482,,
11538,1859969.889,4813156.1482,1869969.889,4803156.1482,,
11539,1859969.889,4803156.1482,1869969.889,4793156.1482,,
11540,1859969.889,4793156.1482,1869969.889,4783156.1482,,
11541,1859969.889,4783156.1482,1869969.889,4773156.1482,,
11542,1859969.889,4773156.1482,1869969.889,4763156.1482,,
11543,1859969.889,4763156.1482,1869969.889,4753156.1482,,
11544,1859969.889,4753156.1482,1869969.889,4743156.1482,,
11545,1869969.889,6223156.1482,1879969.889,6213156.1482,,
11546,1869969.889,6213156.1482,1879969.889,6203156.1482,,
11547,1869969.889,6203156.1482,1879969.889,6193156.1482,,
11548,1869969.889,6193156.1482,1879969.889,6183156.1482,,
11549,1869969.889,6183156.1482,1879969.889,6173156.1482,,
11550,1869969.889,6173156.1482,1879969.889,6163156.1482,,
11551,1869969.889,6163156.1482,1879969.889,6153156.1482,,
11552,1869969.889,6153156.1482,1879969.889,6143156.1482,,
11553,1869969.889,6143156.1482,1879969.889,6133156.1482,,
11554,1869969.889,6133156.1482,1879969.889,6123156.1482,,
11555,1869969.889,6123156.1482,1879969.889,6113156.1482,,
11556,1869969.889,6113156.1482,1879969.889,6103156.1482,,
11557,1869969.889,6103156.1482,1879969.889,6093156.1482,,
11558,1869969.889,6093156.1482,1879969.889,6083156.1482,,
11559,1869969.889,6083156.1482,1879969.889,6073156.1482,,
11560,1869969.889,6073156.1482,1879969.889,6063156.1482,,
11561,1869969.889,6063156.1482,1879969.889,6053156.1482,,
11562,1869969.889,6053156.1482,1879969.889,6043156.1482,,
11563,1869969.889,6043156.1482,1879969.889,6033156.1482,,
11564,1869969.889,6033156.1482,1879969.889,6023156.1482,,
11565,1869969.889,6023156.1482,1879969.889,6013156.1482,,
11566,1869969.889,6013156.1482,1879969.889,6003156.1482,,
11567,1869969.889,6003156.1482,1879969.889,5993156.1482,,
11568,1869969.889,5993156.1482,1879969.889,5983156.1482,,
11569,1869969.889,5983156.1482,1879969.889,5973156.1482,,
11570,1869969.889,5973156.1482,1879969.889,5963156.1482,,
11571,1869969.889,5963156.1482,1879969.889,5953156.1482,,
11572,1869969.889,5953156.1482,1879969.889,5943156.1482,,
11573,1869969.889,5943156.1482,1879969.889,5933156.1482,,
11574,1869969.889,5933156.1482,1879969.889,5923156.1482,,
11575,1869969.889,5923156.1482,1879969.889,5913156.1482,,
11576,1869969.889,5913156.1482,1879969.889,5903156.1482,6872365.4139,1049943.152
11577,1869969.889,5903156.1482,1879969.889,5893156.1482,10929.477,1669.779
11578,1869969.889,5893156.1482,1879969.889,5883156.1482,,
11579,1869969.889,5883156.1482,1879969.889,5873156.1482,,
11580,1869969.889,5873156.1482,1879969.889,5863156.1482,,
11581,1869969.889,5863156.1482,1879969.889,5853156.1482,,
11582,1869969.889,5853156.1482,1879969.889,5843156.1482,,
11583,1869969.889,5843156.1482,1879969.889,5833156.1482,220955230.0325,169832167.493
11584,1869969.889,5833156.1482,1879969.889,5823156.1482,27577885413.9994,29175887276.023
11585,1869969.889,5823156.1482,1879969.889,5813156.1482,40808669578.691,47697117865.36
11586,1869969.889,5813156.1482,1879969.889,5803156.1482,2116019336.5742,2418042955.067
11587,1869969.889,5803156.1482,1879969.889,5793156.1482,1529416734.4616,1754234213.696
11588,1869969.889,5793156.1482,1879969.889,5783156.1482,863879806.1365,1024621217.907
11589,1869969.889,5783156.1482,1879969.889,5773156.1482,1513432486.3675,1899394043.848
11590,1869969.889,5773156.1482,1879969.889,5763156.1482,971632570.3579,1200810399.81
11591,1869969.889,5763156.1482,1879969.889,5753156.1482,311126006.4215,324883487.037
11592,1869969.889,5753156.1482,1879969.889,5743156.1482,255416822.2023,238299035.52
11593,1869969.889,5743156.1482,1879969.889,5733156.1482,423708511.5154,446267860.68
11594,1869969.889,5733156.1482,1879969.889,5723156.1482,589511730.9573,627822976.678
11595,1869969.889,5723156.1482,1879969.889,5713156.1482,2474872409.9212,2301412496.064
11596,1869969.889,5713156.1482,1879969.889,5703156.1482,2749896841.5919,2369825634.719
11597,1869969.889,5703156.1482,1879969.889,5693156.1482,121267870.2276,92277886.607
11598,1869969.889,5693156.1482,1879969.889,5683156.1482,60955228.0802,39298241.112
11599,1869969.889,5683156.1482,1879969.889,5673156.1482,44772284.711,28485340.531
11600,1869969.889,5673156.1482,1879969.889,5663156.1482,33809475.8267,22767421.825
11601,1869969.889,5663156.1482,1879969.889,5653156.1482,53191238.8313,43454167.474
11602,1869969.889,5653156.1482,1879969.889,5643156.1482,8060862.8464,9016558.244
11603,1869969.889,5643156.1482,1879969.889,5633156.1482,5883748.9863,7352188.886
11604,1869969.889,5633156.1482,1879969.889,5623156.1482,9167684.7545,10649874.599
11605,1869969.889,5623156.1482,1879969.889,5613156.1482,102731704.1383,119532727.053
11606,1869969.889,5613156.1482,1879969.889,5603156.1482,171405661.3493,201839979.735
11607,1869969.889,5603156.1482,1879969.889,5593156.1482,210357064.2668,231177154.521
11608,1869969.889,5593156.1482,1879969.889,5583156.1482,364815839.2818,422327577.202
11609,1869969.889,5583156.1482,1879969.889,5573156.1482,464326800.0941,565009856.291
11610,1869969.889,5573156.1482,1879969.889,5563156.1482,476384302.8764,579219897.673
11611,1869969.889,5563156.1482,1879969.889,5553156.1482,557938897.6828,675145326.933
11612,1869969.889,5553156.1482,1879969.889,5543156.1482,315109731.6494,374221165.823
11613,1869969.889,5543156.1482,1879969.889,5533156.1482,138009304.4142,155054307.395
11614,1869969.889,5533156.1482,1879969.889,5523156.1482,104077983.6326,98635583.094
11615,1869969.889,5523156.1482,1879969.889,5513156.1482,90753624.6405,53513171.954
11616,1869969.889,5513156.1482,1879969.889,5503156.1482,90753628.1667,53513174.033
11617,1869969.889,5503156.1482,1879969.889,5493156.1482,90359214.6094,53258403.285
11618,1869969.889,5493156.1482,1879969.889,5483156.1482,136259352.4369,51058632.997
11619,1869969.889,5483156.1482,1879969.889,5473156.1482,205794361.8853,66963233.487
11620,1869969.889,5473156.1482,1879969.889,5463156.1482,60233575.8096,19518390.955
11621,1869969.889,5463156.1482,1879969.889,5453156.1482,,
11622,1869969.889,5453156.1482,1879969.889,5443156.1482,,
11623,1869969.889,5443156.1482,1879969.889,5433156.1482,,
11624,1869969.889,5433156.1482,1879969.889,5423156.1482,,
11625,1869969.889,5423156.1482,1879969.889,5413156.1482,,
11626,1869969.889,5413156.1482,1879969.889,5403156.1482,,
11627,1869969.889,5403156.1482,1879969.889,5393156.1482,,
11628,1869969.889,5393156.1482,1879969.889,5383156.1482,,
11629,1869969.889,5383156.1482,1879969.889,5373156.1482,,
11630,1869969.889,5373156.1482,1879969.889,5363156.1482,,
11631,1869969.889,5363156.1482,1879969.889,5353156.1482,,
11632,1869969.889,5353156.1482,1879969.889,5343156.1482,,
11633,1869969.889,5343156.1482,1879969.889,5333156.1482,,
11634,1869969.889,5333156.1482,1879969.889,5323156.1482,,
11635,1869969.889,5323156.1482,1879969.889,5313156.1482,,
11636,1869969.889,5313156.1482,1879969.889,5303156.1482,,
11637,1869969.889,5303156.1482,1879969.889,5293156.1482,,
11638,1869969.889,5293156.1482,1879969.889,5283156.1482,,
11639,1869969.889,5283156.1482,1879969.889,5273156.1482,,
11640,1869969.889,5273156.1482,1879969.889,5263156.1482,,
11641,1869969.889,5263156.1482,1879969.889,5253156.1482,,
11642,1869969.889,5253156.1482,1879969.889,5243156.1482,,
11643,1869969.889,5243156.1482,1879969.889,5233156.1482,,
11644,1869969.889,5233156.1482,1879969.889,5223156.1482,,
11645,1869969.889,5223156.1482,1879969.889,5213156.1482,,
11646,1869969.889,5213156.1482,1879969.889,5203156.1482,,
11647,1869969.889,5203156.1482,1879969.889,5193156.1482,,
11648,1869969.889,5193156.1482,1879969.889,5183156.1482,,
11649,1869969.889,5183156.1482,1879969.889,5173156.1482,,
11650,1869969.889,5173156.1482,1879969.889,5163156.1482,,
11651,1869969.889,5163156.1482,1879969.889,5153156.1482,,
11652,1869969.889,5153156.1482,1879969.889,5143156.1482,,
11653,1869969.889,5143156.1482,1879969.889,5133156.1482,,
11654,1869969.889,5133156.1482,1879969.889,5123156.1482,,
11655,1869969.889,5123156.1482,1879969.889,5113156.1482,,
11656,1869969.889,5113156.1482,1879969.889,5103156.1482,,
11657,1869969.889,5103156.1482,1879969.889,5093156.1482,,
11658,1869969.889,5093156.1482,1879969.889,5083156.1482,,
11659,1869969.889,5083156.1482,1879969.889,5073156.1482,,
11660,1869969.889,5073156.1482,1879969.889,5063156.1482,,
11661,1869969.889,5063156.1482,1879969.889,5053156.1482,,
11662,1869969.889,5053156.1482,1879969.889,5043156.1482,,
11663,1869969.889,5043156.1482,1879969.889,5033156.1482,,
11664,1869969.889,5033156.1482,1879969.889,5023156.1482,,
11665,1869969.889,5023156.1482,1879969.889,5013156.1482,,
11666,1869969.889,5013156.1482,1879969.889,5003156.1482,,
11667,1869969.889,5003156.1482,1879969.889,4993156.1482,,
11668,1869969.889,4993156.1482,1879969.889,4983156.1482,,
11669,1869969.889,4983156.1482,1879969.889,4973156.1482,,
11670,1869969.889,4973156.1482,1879969.889,4963156.1482,,
11671,1869969.889,4963156.1482,1879969.889,4953156.1482,,
11672,1869969.889,4953156.1482,1879969.889,4943156.1482,,
11673,1869969.889,4943156.1482,1879969.889,4933156.1482,,
11674,1869969.889,4933156.1482,1879969.889,4923156.1482,,
11675,1869969.889,4923156.1482,1879969.889,4913156.1482,,
11676,1869969.889,4913156.1482,1879969.889,4903156.1482,,
11677,1869969.889,4903156.1482,1879969.889,4893156.1482,,
11678,1869969.889,4893156.1482,1879969.889,4883156.1482,,
11679,1869969.889,4883156.1482,1879969.889,4873156.1482,,
11680,1869969.889,4873156.1482,1879969.889,4863156.1482,,
11681,1869969.889,4863156.1482,1879969.889,4853156.1482,,
11682,1869969.889,4853156.1482,1879969.889,4843156.1482,,
11683,1869969.889,4843156.1482,1879969.889,4833156.1482,,
11684,1869969.889,4833156.1482,1879969.889,4823156.1482,,
11685,1869969.889,4823156.1482,1879969.889,4813156.1482,,
11686,1869969.889,4813156.1482,1879969.889,4803156.1482,,
11687,1869969.889,4803156.1482,1879969.889,4793156.1482,,
11688,1869969.889,4793156.1482,1879969.889,4783156.1482,,
11689,1869969.889,4783156.1482,1879969.889,4773156.1482,,
11690,1869969.889,4773156.1482,1879969.889,4763156.1482,,
11691,1869969.889,4763156.1482,1879969.889,4753156.1482,,
11692,1869969.889,4753156.1482,1879969.889,4743156.1482,,
11693,1879969.889,6223156.1482,1889969.889,6213156.1482,,
11694,1879969.889,6213156.1482,1889969.889,6203156.1482,,
11695,1879969.889,6203156.1482,1889969.889,6193156.1482,,
11696,1879969.889,6193156.1482,1889969.889,6183156.1482,,
11697,1879969.889,6183156.1482,1889969.889,6173156.1482,,
11698,1879969.889,6173156.1482,1889969.889,6163156.1482,,
11699,1879969.889,6163156.1482,1889969.889,6153156.1482,,
11700,1879969.889,6153156.1482,1889969.889,6143156.1482,,
11701,1879969.889,6143156.1482,1889969.889,6133156.1482,,
11702,1879969.889,6133156.1482,1889969.889,6123156.1482,,
11703,1879969.889,6123156.1482,1889969.889,6113156.1482,,
11704,1879969.889,6113156.1482,1889969.889,6103156.1482,,
11705,1879969.889,6103156.1482,1889969.889,6093156.1482,,
11706,1879969.889,6093156.1482,1889969.889,6083156.1482,,
11707,1879969.889,6083156.1482,1889969.889,6073156.1482,,
11708,1879969.889,6073156.1482,1889969.889,6063156.1482,,
11709,1879969.889,6063156.1482,1889969.889,6053156.1482,,
11710,1879969.889,6053156.1482,1889969.889,6043156.1482,,
11711,1879969.889,6043156.1482,1889969.889,6033156.1482,,
11712,1879969.889,6033156.1482,1889969.889,6023156.1482,,
11713,1879969.889,6023156.1482,1889969.889,6013156.1482,,
11714,1879969.889,6013156.1482,1889969.889,6003156.1482,,
11715,1879969.889,6003156.1482,1889969.889,5993156.1482,,
11716,1879969.889,5993156.1482,1889969.889,5983156.1482,,
11717,1879969.889,5983156.1482,1889969.889,5973156.1482,,
11718,1879969.889,5973156.1482,1889969.889,5963156.1482,,
11719,1879969.889,5963156.1482,1889969.889,5953156.1482,,
11720,1879969.889,5953156.1482,1889969.889,5943156.1482,,
11721,1879969.889,5943156.1482,1889969.889,5933156.1482,,
11722,1879969.889,5933156.1482,1889969.889,5923156.1482,,
11723,1879969.889,5923156.1482,1889969.889,5913156.1482,,
11724,1879969.889,5913156.1482,1889969.889,5903156.1482,,
11725,1879969.889,5903156.1482,1889969.889,5893156.1482,,
11726,1879969.889,5893156.1482,1889969.889,5883156.1482,,
11727,1879969.889,5883156.1482,1889969.889,5873156.1482,,
11728,1879969.889,5873156.1482,1889969.889,5863156.1482,17287493.2381,7203719.704
11729,1879969.889,5863156.1482,1889969.889,5853156.1482,,
11730,1879969.889,5853156.1482,1889969.889,5843156.1482,,
11731,1879969.889,5843156.1482,1889969.889,5833156.1482,,
11732,1879969.889,5833156.1482,1889969.889,5823156.1482,27641597268.4305,25700723149.598
11733,1879969.889,5823156.1482,1889969.889,5813156.1482,18318024308.6146,18929224640.928
11734,1879969.889,5813156.1482,1889969.889,5803156.1482,3877044944.8908,4420739367.274
11735,1879969.889,5803156.1482,1889969.889,5793156.1482,2260836246.2192,2647494072.202
11736,1879969.889,5793156.1482,1889969.889,5783156.1482,1867442827.8194,1940890429.808
11737,1879969.889,5783156.1482,1889969.889,5773156.1482,25324075390.5606,27224202592.202
11738,1879969.889,5773156.1482,1889969.889,5763156.1482,14213730098.8908,15969203934.736
11739,1879969.889,5763156.1482,1889969.889,5753156.1482,261756893.7315,242514508.08
11740,1879969.889,5753156.1482,1889969.889,5743156.1482,266807109.4491,266169013.213
11741,1879969.889,5743156.1482,1889969.889,5733156.1482,317697099.8415,348431821.209
11742,1879969.889,5733156.1482,1889969.889,5723156.1482,549782166.6114,575631740.588
11743,1879969.889,5723156.1482,1889969.889,5713156.1482,519349586.753,478672104.371
11744,1879969.889,5713156.1482,1889969.889,5703156.1482,454959038.2074,411457103.083
11745,1879969.889,5703156.1482,1889969.889,5693156.1482,25604470.6437,19847543.729
11746,1879969.889,5693156.1482,1889969.889,5683156.1482,22733953.0427,16236966.327
11747,1879969.889,5683156.1482,1889969.889,5673156.1482,17049805.7106,9979566.427
11748,1879969.889,5673156.1482,1889969.889,5663156.1482,23257183.178,15224323.026
11749,1879969.889,5663156.1482,1889969.889,5653156.1482,89905353.0329,70638745.202
11750,1879969.889,5653156.1482,1889969.889,5643156.1482,110268532.7335,107696305.685
11751,1879969.889,5643156.1482,1889969.889,5633156.1482,153746453.145,166061851.439
11752,1879969.889,5633156.1482,1889969.889,5623156.1482,127967724.6998,138392021.216
11753,1879969.889,5623156.1482,1889969.889,5613156.1482,188329137.0582,223702433.368
11754,1879969.889,5613156.1482,1889969.889,5603156.1482,200149761.5364,240691100.03
11755,1879969.889,5603156.1482,1889969.889,5593156.1482,215224312.1515,251184735.742
11756,1879969.889,5593156.1482,1889969.889,5583156.1482,316535793.1135,352717905.954
11757,1879969.889,5583156.1482,1889969.889,5573156.1482,464262805.872,564931985.778
11758,1879969.889,5573156.1482,1889969.889,5563156.1482,464262826.7592,564932011.194
11759,1879969.889,5563156.1482,1889969.889,5553156.1482,396370027.3424,439839736.907
11760,1879969.889,5553156.1482,1889969.889,5543156.1482,169370742.3894,150237649.754
11761,1879969.889,5543156.1482,1889969.889,5533156.1482,145303000.4304,138371288.874
11762,1879969.889,5533156.1482,1889969.889,5523156.1482,126286557.0865,98588828.214
11763,1879969.889,5523156.1482,1889969.889,5513156.1482,90741118.4792,53505797.655
11764,1879969.889,5513156.1482,1889969.889,5503156.1482,90741122.4452,53505799.993
11765,1879969.889,5503156.1482,1889969.889,5493156.1482,75663370.9559,44615154.454
11766,1879969.889,5493156.1482,1889969.889,5483156.1482,12452234.1434,7286255.578
11767,1879969.889,5483156.1482,1889969.889,5473156.1482,,
11768,1879969.889,5473156.1482,1889969.889,5463156.1482,,
11769,1879969.889,5463156.1482,1889969.889,5453156.1482,,
11770,1879969.889,5453156.1482,1889969.889,5443156.1482,,
11771,1879969.889,5443156.1482,1889969.889,5433156.1482,,
11772,1879969.889,5433156.1482,1889969.889,5423156.1482,,
11773,1879969.889,5423156.1482,1889969.889,5413156.1482,,
11774,1879969.889,5413156.1482,1889969.889,5403156.1482,,
11775,1879969.889,5403156.1482,1889969.889,5393156.1482,,
11776,1879969.889,5393156.1482,1889969.889,5383156.1482,,
11777,1879969.889,5383156.1482,1889969.889,5373156.1482,,
11778,1879969.889,5373156.1482,1889969.889,5363156.1482,,
11779,1879969.889,5363156.1482,1889969.889,5353156.1482,,
11780,1879969.889,5353156.1482,1889969.889,5343156.1482,,
11781,1879969.889,5343156.1482,1889969.889,5333156.1482,,
11782,1879969.889,5333156.1482,1889969.889,5323156.1482,,
11783,1879969.889,5323156.1482,1889969.889,5313156.1482,,
11784,1879969.889,5313156.1482,1889969.889,5303156.1482,,
11785,1879969.889,5303156.1482,1889969.889,5293156.1482,,
11786,1879969.889,5293156.1482,1889969.889,5283156.1482,,
11787,1879969.889,5283156.1482,1889969.889,5273156.1482,,
11788,1879969.889,5273156.1482,1889969.889,5263156.1482,,
11789,1879969.889,5263156.1482,1889969.889,5253156.1482,,
11790,1879969.889,5253156.1482,1889969.889,5243156.1482,,
11791,1879969.889,5243156.1482,1889969.889,5233156.1482,,
11792,1879969.889,5233156.1482,1889969.889,5223156.1482,,
11793,1879969.889,5223156.1482,1889969.889,5213156.1482,,
11794,1879969.889,5213156.1482,1889969.889,5203156.1482,,
11795,1879969.889,5203156.1482,1889969.889,5193156.1482,,
11796,1879969.889,5193156.1482,1889969.889,5183156.1482,,
11797,1879969.889,5183156.1482,1889969.889,5173156.1482,,
11798,1879969.889,5173156.1482,1889969.889,5163156.1482,,
11799,1879969.889,5163156.1482,1889969.889,5153156.1482,,
11800,1879969.889,5153156.1482,1889969.889,5143156.1482,,
11801,1879969.889,5143156.1482,1889969.889,5133156.1482,,
11802,1879969.889,5133156.1482,1889969.889,5123156.1482,,
11803,1879969.889,5123156.1482,1889969.889,5113156.1482,,
11804,1879969.889,5113156.1482,1889969.889,5103156.1482,,
11805,1879969.889,5103156.1482,1889969.889,5093156.1482,,
11806,1879969.889,5093156.1482,1889969.889,5083156.1482,,
11807,1879969.889,5083156.1482,1889969.889,5073156.1482,,
11808,1879969.889,5073156.1482,1889969.889,5063156.1482,,
11809,1879969.889,5063156.1482,1889969.889,5053156.1482,,
11810,1879969.889,5053156.1482,1889969.889,5043156.1482,,
11811,1879969.889,5043156.1482,1889969.889,5033156.1482,,
11812,1879969.889,5033156.1482,1889969.889,5023156.1482,,
11813,1879969.889,5023156.1482,1889969.889,5013156.1482,,
11814,1879969.889,5013156.1482,1889969.889,5003156.1482,,
11815,1879969.889,5003156.1482,1889969.889,4993156.1482,,
11816,1879969.889,4993156.1482,1889969.889,4983156.1482,,
11817,1879969.889,4983156.1482,1889969.889,4973156.1482,,
11818,1879969.889,4973156.1482,1889969.889,4963156.1482,,
11819,1879969.889,4963156.1482,1889969.889,4953156.1482,,
11820,1879969.889,4953156.1482,1889969.889,4943156.1482,,
11821,1879969.889,4943156.1482,1889969.889,4933156.1482,,
11822,1879969.889,4933156.1482,1889969.889,4923156.1482,,
11823,1879969.889,4923156.1482,1889969.889,4913156.1482,,
11824,1879969.889,4913156.1482,1889969.889,4903156.1482,,
11825,1879969.889,4903156.1482,1889969.889,4893156.1482,,
11826,1879969.889,4893156.1482,1889969.889,4883156.1482,,
11827,1879969.889,4883156.1482,1889969.889,4873156.1482,,
11828,1879969.889,4873156.1482,1889969.889,4863156.1482,,
11829,1879969.889,4863156.1482,1889969.889,4853156.1482,,
11830,1879969.889,4853156.1482,1889969.889,4843156.1482,,
11831,1879969.889,4843156.1482,1889969.889,4833156.1482,,
11832,1879969.889,4833156.1482,1889969.889,4823156.1482,,
11833,1879969.889,4823156.1482,1889969.889,4813156.1482,,
11834,1879969.889,4813156.1482,1889969.889,4803156.1482,,
11835,1879969.889,4803156.1482,1889969.889,4793156.1482,,
11836,1879969.889,4793156.1482,1889969.889,4783156.1482,,
11837,1879969.889,4783156.1482,1889969.889,4773156.1482,,
11838,1879969.889,4773156.1482,1889969.889,4763156.1482,,
11839,1879969.889,4763156.1482,1889969.889,4753156.1482,,
11840,1879969.889,4753156.1482,1889969.889,4743156.1482,,
11841,1889969.889,6223156.1482,1899969.889,6213156.1482,,
11842,1889969.889,6213156.1482,1899969.889,6203156.1482,,
11843,1889969.889,6203156.1482,1899969.889,6193156.1482,,
11844,1889969.889,6193156.1482,1899969.889,6183156.1482,,
11845,1889969.889,6183156.1482,1899969.889,6173156.1482,,
11846,1889969.889,6173156.1482,1899969.889,6163156.1482,,
11847,1889969.889,6163156.1482,1899969.889,6153156.1482,,
11848,1889969.889,6153156.1482,1899969.889,6143156.1482,,
11849,1889969.889,6143156.1482,1899969.889,6133156.1482,,
11850,1889969.889,6133156.1482,1899969.889,6123156.1482,,
11851,1889969.889,6123156.1482,1899969.889,6113156.1482,,
11852,1889969.889,6113156.1482,1899969.889,6103156.1482,,
11853,1889969.889,6103156.1482,1899969.889,6093156.1482,,
11854,1889969.889,6093156.1482,1899969.889,6083156.1482,,
11855,1889969.889,6083156.1482,1899969.889,6073156.1482,,
11856,1889969.889,6073156.1482,1899969.889,6063156.1482,,
11857,1889969.889,6063156.1482,1899969.889,6053156.1482,,
11858,1889969.889,6053156.1482,1899969.889,6043156.1482,,
11859,1889969.889,6043156.1482,1899969.889,6033156.1482,,
11860,1889969.889,6033156.1482,1899969.889,6023156.1482,,
11861,1889969.889,6023156.1482,1899969.889,6013156.1482,,
11862,1889969.889,6013156.1482,1899969.889,6003156.1482,,
11863,1889969.889,6003156.1482,1899969.889,5993156.1482,,
11864,1889969.889,5993156.1482,1899969.889,5983156.1482,,
11865,1889969.889,5983156.1482,1899969.889,5973156.1482,,
11866,1889969.889,5973156.1482,1899969.889,5963156.1482,,
11867,1889969.889,5963156.1482,1899969.889,5953156.1482,,
11868,1889969.889,5953156.1482,1899969.889,5943156.1482,,
11869,1889969.889,5943156.1482,1899969.889,5933156.1482,,
11870,1889969.889,5933156.1482,1899969.889,5923156.1482,,
11871,1889969.889,5923156.1482,1899969.889,5913156.1482,,
11872,1889969.889,5913156.1482,1899969.889,5903156.1482,,
11873,1889969.889,5903156.1482,1899969.889,5893156.1482,,
11874,1889969.889,5893156.1482,1899969.889,5883156.1482,,
11875,1889969.889,5883156.1482,1899969.889,5873156.1482,,
11876,1889969.889,5873156.1482,1899969.889,5863156.1482,1603399.9271,668138.723
11877,1889969.889,5863156.1482,1899969.889,5853156.1482,,
11878,1889969.889,5853156.1482,1899969.889,5843156.1482,,
11879,1889969.889,5843156.1482,1899969.889,5833156.1482,,
11880,1889969.889,5833156.1482,1899969.889,5823156.1482,,
11881,1889969.889,5823156.1482,1899969.889,5813156.1482,14790961276.0331,14973513483.376
11882,1889969.889,5813156.1482,1899969.889,5803156.1482,6870060225.2186,8501930487.046
11883,1889969.889,5803156.1482,1899969.889,5793156.1482,1448933250.5342,1581050454.053
11884,1889969.889,5793156.1482,1899969.889,5783156.1482,913865168.0945,527186779.18
11885,1889969.889,5783156.1482,1899969.889,5773156.1482,2687845794.8672,2344135308.722
11886,1889969.889,5773156.1482,1899969.889,5763156.1482,918738542.9621,637150302.027
11887,1889969.889,5763156.1482,1899969.889,5753156.1482,681906220.5717,461738553.317
11888,1889969.889,5753156.1482,1899969.889,5743156.1482,303085118.5223,329103811.287
11889,1889969.889,5743156.1482,1899969.889,5733156.1482,299737207.9096,331574424.502
11890,1889969.889,5733156.1482,1899969.889,5723156.1482,429375115.5574,413533924.833
11891,1889969.889,5723156.1482,1899969.889,5713156.1482,275826315.4608,253052669.465
11892,1889969.889,5713156.1482,1899969.889,5703156.1482,22165606.6547,22502894.26
11893,1889969.889,5703156.1482,1899969.889,5693156.1482,9317480.6716,10825454.5
11894,1889969.889,5693156.1482,1899969.889,5683156.1482,9466967.2416,10798517.274
11895,1889969.889,5683156.1482,1899969.889,5673156.1482,21823610.3793,16609670.288
11896,1889969.889,5673156.1482,1899969.889,5663156.1482,49581787.8394,37112620.449
11897,1889969.889,5663156.1482,1899969.889,5653156.1482,94748455.0482,74665819.103
11898,1889969.889,5653156.1482,1899969.889,5643156.1482,123699341.1651,107313480.753
11899,1889969.889,5643156.1482,1899969.889,5633156.1482,186655113.1634,187326916.674
11900,1889969.889,5633156.1482,1899969.889,5623156.1482,257863606.9203,277816803.413
11901,1889969.889,5623156.1482,1899969.889,5613156.1482,243948223.659,268862380.879
11902,1889969.889,5613156.1482,1899969.889,5603156.1482,200121190.9291,240656742.303
11903,1889969.889,5603156.1482,1899969.889,5593156.1482,251915673.8095,276684339.856
11904,1889969.889,5593156.1482,1899969.889,5583156.1482,279776125.6823,298917908.229
11905,1889969.889,5583156.1482,1899969.889,5573156.1482,414425274.7905,492976926.696
11906,1889969.889,5573156.1482,1899969.889,5563156.1482,414477812.1198,471333565.958
11907,1889969.889,5563156.1482,1899969.889,5553156.1482,268799370.0229,212597650.063
11908,1889969.889,5553156.1482,1899969.889,5543156.1482,258612693.3075,194219171.279
11909,1889969.889,5543156.1482,1899969.889,5533156.1482,258612705.9434,194219180.769
11910,1889969.889,5533156.1482,1899969.889,5523156.1482,258506880.2694,194129591.354
11911,1889969.889,5523156.1482,1899969.889,5513156.1482,120487242.1563,78443339.718
11912,1889969.889,5513156.1482,1899969.889,5503156.1482,64367531.1912,37954525.547
11913,1889969.889,5503156.1482,1899969.889,5493156.1482,6406893.9523,3777845.999
11914,1889969.889,5493156.1482,1899969.889,5483156.1482,,
11915,1889969.889,5483156.1482,1899969.889,5473156.1482,,
11916,1889969.889,5473156.1482,1899969.889,5463156.1482,,
11917,1889969.889,5463156.1482,1899969.889,5453156.1482,,
11918,1889969.889,5453156.1482,1899969.889,5443156.1482,,
11919,1889969.889,5443156.1482,1899969.889,5433156.1482,,
11920,1889969.889,5433156.1482,1899969.889,5423156.1482,,
11921,1889969.889,5423156.1482,1899969.889,5413156.1482,,
11922,1889969.889,5413156.1482,1899969.889,5403156.1482,,
11923,1889969.889,5403156.1482,1899969.889,5393156.1482,,
11924,1889969.889,5393156.1482,1899969.889,5383156.1482,,
11925,1889969.889,5383156.1482,1899969.889,5373156.1482,,
11926,1889969.889,5373156.1482,1899969.889,5363156.1482,,
11927,1889969.889,5363156.1482,1899969.889,5353156.1482,,
11928,1889969.889,5353156.1482,1899969.889,5343156.1482,,
11929,1889969.889,5343156.1482,1899969.889,5333156.1482,,
11930,1889969.889,5333156.1482,1899969.889,5323156.1482,,
11931,1889969.889,5323156.1482,1899969.889,5313156.1482,,
11932,1889969.889,5313156.1482,1899969.889,5303156.1482,,
11933,1889969.889,5303156.1482,1899969.889,5293156.1482,,
11934,1889969.889,5293156.1482,1899969.889,5283156.1482,,
11935,1889969.889,5283156.1482,1899969.889,5273156.1482,,
11936,1889969.889,5273156.1482,1899969.889,5263156.1482,,
11937,1889969.889,5263156.1482,1899969.889,5253156.1482,,
11938,1889969.889,5253156.1482,1899969.889,5243156.1482,,
11939,1889969.889,5243156.1482,1899969.889,5233156.1482,,
11940,1889969.889,5233156.1482,1899969.889,5223156.1482,,
11941,1889969.889,5223156.1482,1899969.889,5213156.1482,,
11942,1889969.889,5213156.1482,1899969.889,5203156.1482,,
11943,1889969.889,5203156.1482,1899969.889,5193156.1482,,
11944,1889969.889,5193156.1482,1899969.889,5183156.1482,,
11945,1889969.889,5183156.1482,1899969.889,5173156.1482,,
11946,1889969.889,5173156.1482,1899969.889,5163156.1482,,
11947,1889969.889,5163156.1482,1899969.889,5153156.1482,,
11948,1889969.889,5153156.1482,1899969.889,5143156.1482,,
11949,1889969.889,5143156.1482,1899969.889,5133156.1482,,
11950,1889969.889,5133156.1482,1899969.889,5123156.1482,,
11951,1889969.889,5123156.1482,1899969.889,5113156.1482,,
11952,1889969.889,5113156.1482,1899969.889,5103156.1482,,
11953,1889969.889,5103156.1482,1899969.889,5093156.1482,,
11954,1889969.889,5093156.1482,1899969.889,5083156.1482,,
11955,1889969.889,5083156.1482,1899969.889,5073156.1482,,
11956,1889969.889,5073156.1482,1899969.889,5063156.1482,,
11957,1889969.889,5063156.1482,1899969.889,5053156.1482,,
11958,1889969.889,5053156.1482,1899969.889,5043156.1482,,
11959,1889969.889,5043156.1482,1899969.889,5033156.1482,,
11960,1889969.889,5033156.1482,1899969.889,5023156.1482,,
11961,1889969.889,5023156.1482,1899969.889,5013156.1482,,
11962,1889969.889,5013156.1482,1899969.889,5003156.1482,,
11963,1889969.889,5003156.1482,1899969.889,4993156.1482,,
11964,1889969.889,4993156.1482,1899969.889,4983156.1482,,
11965,1889969.889,4983156.1482,1899969.889,4973156.1482,,
11966,1889969.889,4973156.1482,1899969.889,4963156.1482,,
11967,1889969.889,4963156.1482,1899969.889,4953156.1482,,
11968,1889969.889,4953156.1482,1899969.889,4943156.1482,,
11969,1889969.889,4943156.1482,1899969.889,4933156.1482,,
11970,1889969.889,4933156.1482,1899969.889,4923156.1482,,
11971,1889969.889,4923156.1482,1899969.889,4913156.1482,,
11972,1889969.889,4913156.1482,1899969.889,4903156.1482,,
11973,1889969.889,4903156.1482,1899969.889,4893156.1482,,
11974,1889969.889,4893156.1482,1899969.889,4883156.1482,,
11975,1889969.889,4883156.1482,1899969.889,4873156.1482,,
11976,1889969.889,4873156.1482,1899969.889,4863156.1482,,
11977,1889969.889,4863156.1482,1899969.889,4853156.1482,,
11978,1889969.889,4853156.1482,1899969.889,4843156.1482,,
11979,1889969.889,4843156.1482,1899969.889,4833156.1482,,
11980,1889969.889,4833156.1482,1899969.889,4823156.1482,,
11981,1889969.889,4823156.1482,1899969.889,4813156.1482,,
11982,1889969.889,4813156.1482,1899969.889,4803156.1482,,
11983,1889969.889,4803156.1482,1899969.889,4793156.1482,,
11984,1889969.889,4793156.1482,1899969.889,4783156.1482,,
11985,1889969.889,4783156.1482,1899969.889,4773156.1482,,
11986,1889969.889,4773156.1482,1899969.889,4763156.1482,,
11987,1889969.889,4763156.1482,1899969.889,4753156.1482,,
11988,1889969.889,4753156.1482,1899969.889,4743156.1482,,
11989,1899969.889,6223156.1482,1909969.889,6213156.1482,,
11990,1899969.889,6213156.1482,1909969.889,6203156.1482,,
11991,1899969.889,6203156.1482,1909969.889,6193156.1482,,
11992,1899969.889,6193156.1482,1909969.889,6183156.1482,,
11993,1899969.889,6183156.1482,1909969.889,6173156.1482,,
11994,1899969.889,6173156.1482,1909969.889,6163156.1482,,
11995,1899969.889,6163156.1482,1909969.889,6153156.1482,,
11996,1899969.889,6153156.1482,1909969.889,6143156.1482,,
11997,1899969.889,6143156.1482,1909969.889,6133156.1482,,
11998,1899969.889,6133156.1482,1909969.889,6123156.1482,,
11999,1899969.889,6123156.1482,1909969.889,6113156.1482,,
12000,1899969.889,6113156.1482,1909969.889,6103156.1482,,
12001,1899969.889,6103156.1482,1909969.889,6093156.1482,,
12002,1899969.889,6093156.1482,1909969.889,6083156.1482,,
12003,1899969.889,6083156.1482,1909969.889,6073156.1482,,
12004,1899969.889,6073156.1482,1909969.889,6063156.1482,,
12005,1899969.889,6063156.1482,1909969.889,6053156.1482,,
12006,1899969.889,6053156.1482,1909969.889,6043156.1482,,
12007,1899969.889,6043156.1482,1909969.889,6033156.1482,,
12008,1899969.889,6033156.1482,1909969.889,6023156.1482,,
12009,1899969.889,6023156.1482,1909969.889,6013156.1482,,
12010,1899969.889,6013156.1482,1909969.889,6003156.1482,,
12011,1899969.889,6003156.1482,1909969.889,5993156.1482,,
12012,1899969.889,5993156.1482,1909969.889,5983156.1482,,
12013,1899969.889,5983156.1482,1909969.889,5973156.1482,,
12014,1899969.889,5973156.1482,1909969.889,5963156.1482,,
12015,1899969.889,5963156.1482,1909969.889,5953156.1482,,
12016,1899969.889,5953156.1482,1909969.889,5943156.1482,,
12017,1899969.889,5943156.1482,1909969.889,5933156.1482,,
12018,1899969.889,5933156.1482,1909969.889,5923156.1482,,
12019,1899969.889,5923156.1482,1909969.889,5913156.1482,,
12020,1899969.889,5913156.1482,1909969.889,5903156.1482,,
12021,1899969.889,5903156.1482,1909969.889,5893156.1482,,
12022,1899969.889,5893156.1482,1909969.889,5883156.1482,,
12023,1899969.889,5883156.1482,1909969.889,5873156.1482,,
12024,1899969.889,5873156.1482,1909969.889,5863156.1482,,
12025,1899969.889,5863156.1482,1909969.889,5853156.1482,,
12026,1899969.889,5853156.1482,1909969.889,5843156.1482,,
12027,1899969.889,5843156.1482,1909969.889,5833156.1482,,
12028,1899969.889,5833156.1482,1909969.889,5823156.1482,9839151.8663,4099986.689
12029,1899969.889,5823156.1482,1909969.889,5813156.1482,1919331841.3628,1369016211.885
12030,1899969.889,5813156.1482,1909969.889,5803156.1482,1545646821.9015,1415586302.407
12031,1899969.889,5803156.1482,1909969.889,5793156.1482,1075562033.9506,1044913079.378
12032,1899969.889,5793156.1482,1909969.889,5783156.1482,876162370.4878,499280722.111
12033,1899969.889,5783156.1482,1909969.889,5773156.1482,850730770.0185,429529172.933
12034,1899969.889,5773156.1482,1909969.889,5763156.1482,834799130.5494,494897465.522
12035,1899969.889,5763156.1482,1909969.889,5753156.1482,821468079.073,535534948.144
12036,1899969.889,5753156.1482,1909969.889,5743156.1482,653585016.9008,469687766.683
12037,1899969.889,5743156.1482,1909969.889,5733156.1482,229758701.6818,236347732.644
12038,1899969.889,5733156.1482,1909969.889,5723156.1482,109465799.1046,112646621.431
12039,1899969.889,5723156.1482,1909969.889,5713156.1482,9316103.7018,10823854.676
12040,1899969.889,5713156.1482,1909969.889,5703156.1482,9316104.1434,10823855.189
12041,1899969.889,5703156.1482,1909969.889,5693156.1482,11751979.594,10386703.35
12042,1899969.889,5693156.1482,1909969.889,5683156.1482,15593813.3812,9694530.066
12043,1899969.889,5683156.1482,1909969.889,5673156.1482,52406755.5678,39461887.332
12044,1899969.889,5673156.1482,1909969.889,5663156.1482,104154663.5695,82486978.789
12045,1899969.889,5663156.1482,1909969.889,5653156.1482,104154668.9931,82486983.084
12046,1899969.889,5653156.1482,1909969.889,5643156.1482,104154673.4244,82486986.594
12047,1899969.889,5643156.1482,1909969.889,5633156.1482,105295034.797,83934586.678
12048,1899969.889,5633156.1482,1909969.889,5623156.1482,206379127.6273,212398283.201
12049,1899969.889,5623156.1482,1909969.889,5613156.1482,257417574.522,277517963.132
12050,1899969.889,5613156.1482,1909969.889,5603156.1482,211741655.611,248112979.576
12051,1899969.889,5603156.1482,1909969.889,5593156.1482,292535613.103,337216997.098
12052,1899969.889,5593156.1482,1909969.889,5583156.1482,413436264.4729,447275832.983
12053,1899969.889,5583156.1482,1909969.889,5573156.1482,649620747.1997,666183703.028
12054,1899969.889,5573156.1482,1909969.889,5563156.1482,4273934332.6733,4975146037.212
12055,1899969.889,5563156.1482,1909969.889,5553156.1482,274892633.9646,222892062.491
12056,1899969.889,5553156.1482,1909969.889,5543156.1482,258574512.3284,194190497.21
12057,1899969.889,5543156.1482,1909969.889,5533156.1482,258574524.4941,194190506.347
12058,1899969.889,5533156.1482,1909969.889,5523156.1482,255310712.1101,191739370.139
12059,1899969.889,5523156.1482,1909969.889,5513156.1482,123576257.9866,85757594.372
12060,1899969.889,5513156.1482,1909969.889,5503156.1482,13159741.1365,7759684.454
12061,1899969.889,5503156.1482,1909969.889,5493156.1482,,
12062,1899969.889,5493156.1482,1909969.889,5483156.1482,,
12063,1899969.889,5483156.1482,1909969.889,5473156.1482,,
12064,1899969.889,5473156.1482,1909969.889,5463156.1482,,
12065,1899969.889,5463156.1482,1909969.889,5453156.1482,,
12066,1899969.889,5453156.1482,1909969.889,5443156.1482,,
12067,1899969.889,5443156.1482,1909969.889,5433156.1482,,
12068,1899969.889,5433156.1482,1909969.889,5423156.1482,,
12069,1899969.889,5423156.1482,1909969.889,5413156.1482,,
12070,1899969.889,5413156.1482,1909969.889,5403156.1482,,
12071,1899969.889,5403156.1482,1909969.889,5393156.1482,,
12072,1899969.889,5393156.1482,1909969.889,5383156.1482,,
12073,1899969.889,5383156.1482,1909969.889,5373156.1482,,
12074,1899969.889,5373156.1482,1909969.889,5363156.1482,,
12075,1899969.889,5363156.1482,1909969.889,5353156.1482,,
12076,1899969.889,5353156.1482,1909969.889,5343156.1482,,
12077,1899969.889,5343156.1482,1909969.889,5333156.1482,,
12078,1899969.889,5333156.1482,1909969.889,5323156.1482,,
12079,1899969.889,5323156.1482,1909969.889,5313156.1482,,
12080,1899969.889,5313156.1482,1909969.889,5303156.1482,,
12081,1899969.889,5303156.1482,1909969.889,5293156.1482,,
12082,1899969.889,5293156.1482,1909969.889,5283156.1482,,
12083,1899969.889,5283156.1482,1909969.889,5273156.1482,,
12084,1899969.889,5273156.1482,1909969.889,5263156.1482,,
12085,1899969.889,5263156.1482,1909969.889,5253156.1482,,
12086,1899969.889,5253156.1482,1909969.889,5243156.1482,,
12087,1899969.889,5243156.1482,1909969.889,5233156.1482,,
12088,1899969.889,5233156.1482,1909969.889,5223156.1482,,
12089,1899969.889,5223156.1482,1909969.889,5213156.1482,,
12090,1899969.889,5213156.1482,1909969.889,5203156.1482,,
12091,1899969.889,5203156.1482,1909969.889,5193156.1482,,
12092,1899969.889,5193156.1482,1909969.889,5183156.1482,,
12093,1899969.889,5183156.1482,1909969.889,5173156.1482,,
12094,1899969.889,5173156.1482,1909969.889,5163156.1482,,
12095,1899969.889,5163156.1482,1909969.889,5153156.1482,,
12096,1899969.889,5153156.1482,1909969.889,5143156.1482,,
12097,1899969.889,5143156.1482,1909969.889,5133156.1482,,
12098,1899969.889,5133156.1482,1909969.889,5123156.1482,,
12099,1899969.889,5123156.1482,1909969.889,5113156.1482,,
12100,1899969.889,5113156.1482,1909969.889,5103156.1482,,
12101,1899969.889,5103156.1482,1909969.889,5093156.1482,,
12102,1899969.889,5093156.1482,1909969.889,5083156.1482,,
12103,1899969.889,5083156.1482,1909969.889,5073156.1482,,
12104,1899969.889,5073156.1482,1909969.889,5063156.1482,,
12105,1899969.889,5063156.1482,1909969.889,5053156.1482,,
12106,1899969.889,5053156.1482,1909969.889,5043156.1482,,
12107,1899969.889,5043156.1482,1909969.889,5033156.1482,,
12108,1899969.889,5033156.1482,1909969.889,5023156.1482,,
12109,1899969.889,5023156.1482,1909969.889,5013156.1482,,
12110,1899969.889,5013156.1482,1909969.889,5003156.1482,,
12111,1899969.889,5003156.1482,1909969.889,4993156.1482,,
12112,1899969.889,4993156.1482,1909969.889,4983156.1482,,
12113,1899969.889,4983156.1482,1909969.889,4973156.1482,,
12114,1899969.889,4973156.1482,1909969.889,4963156.1482,,
12115,1899969.889,4963156.1482,1909969.889,4953156.1482,,
12116,1899969.889,4953156.1482,1909969.889,4943156.1482,,
12117,1899969.889,4943156.1482,1909969.889,4933156.1482,,
12118,1899969.889,4933156.1482,1909969.889,4923156.1482,,
12119,1899969.889,4923156.1482,1909969.889,4913156.1482,,
12120,1899969.889,4913156.1482,1909969.889,4903156.1482,,
12121,1899969.889,4903156.1482,1909969.889,4893156.1482,,
12122,1899969.889,4893156.1482,1909969.889,4883156.1482,,
12123,1899969.889,4883156.1482,1909969.889,4873156.1482,,
12124,1899969.889,4873156.1482,1909969.889,4863156.1482,,
12125,1899969.889,4863156.1482,1909969.889,4853156.1482,,
12126,1899969.889,4853156.1482,1909969.889,4843156.1482,,
12127,1899969.889,4843156.1482,1909969.889,4833156.1482,,
12128,1899969.889,4833156.1482,1909969.889,4823156.1482,,
12129,1899969.889,4823156.1482,1909969.889,4813156.1482,,
12130,1899969.889,4813156.1482,1909969.889,4803156.1482,,
12131,1899969.889,4803156.1482,1909969.889,4793156.1482,,
12132,1899969.889,4793156.1482,1909969.889,4783156.1482,,
12133,1899969.889,4783156.1482,1909969.889,4773156.1482,,
12134,1899969.889,4773156.1482,1909969.889,4763156.1482,,
12135,1899969.889,4763156.1482,1909969.889,4753156.1482,,
12136,1899969.889,4753156.1482,1909969.889,4743156.1482,,
12137,1909969.889,6223156.1482,1919969.889,6213156.1482,,
12138,1909969.889,6213156.1482,1919969.889,6203156.1482,,
12139,1909969.889,6203156.1482,1919969.889,6193156.1482,,
12140,1909969.889,6193156.1482,1919969.889,6183156.1482,,
12141,1909969.889,6183156.1482,1919969.889,6173156.1482,,
12142,1909969.889,6173156.1482,1919969.889,6163156.1482,,
12143,1909969.889,6163156.1482,1919969.889,6153156.1482,,
12144,1909969.889,6153156.1482,1919969.889,6143156.1482,,
12145,1909969.889,6143156.1482,1919969.889,6133156.1482,,
12146,1909969.889,6133156.1482,1919969.889,6123156.1482,,
12147,1909969.889,6123156.1482,1919969.889,6113156.1482,,
12148,1909969.889,6113156.1482,1919969.889,6103156.1482,,
12149,1909969.889,6103156.1482,1919969.889,6093156.1482,,
12150,1909969.889,6093156.1482,1919969.889,6083156.1482,,
12151,1909969.889,6083156.1482,1919969.889,6073156.1482,,
12152,1909969.889,6073156.1482,1919969.889,6063156.1482,,
12153,1909969.889,6063156.1482,1919969.889,6053156.1482,,
12154,1909969.889,6053156.1482,1919969.889,6043156.1482,,
12155,1909969.889,6043156.1482,1919969.889,6033156.1482,,
12156,1909969.889,6033156.1482,1919969.889,6023156.1482,,
12157,1909969.889,6023156.1482,1919969.889,6013156.1482,,
12158,1909969.889,6013156.1482,1919969.889,6003156.1482,,
12159,1909969.889,6003156.1482,1919969.889,5993156.1482,,
12160,1909969.889,5993156.1482,1919969.889,5983156.1482,,
12161,1909969.889,5983156.1482,1919969.889,5973156.1482,,
12162,1909969.889,5973156.1482,1919969.889,5963156.1482,,
12163,1909969.889,5963156.1482,1919969.889,5953156.1482,,
12164,1909969.889,5953156.1482,1919969.889,5943156.1482,,
12165,1909969.889,5943156.1482,1919969.889,5933156.1482,,
12166,1909969.889,5933156.1482,1919969.889,5923156.1482,,
12167,1909969.889,5923156.1482,1919969.889,5913156.1482,,
12168,1909969.889,5913156.1482,1919969.889,5903156.1482,,
12169,1909969.889,5903156.1482,1919969.889,5893156.1482,,
12170,1909969.889,5893156.1482,1919969.889,5883156.1482,,
12171,1909969.889,5883156.1482,1919969.889,5873156.1482,,
12172,1909969.889,5873156.1482,1919969.889,5863156.1482,,
12173,1909969.889,5863156.1482,1919969.889,5853156.1482,,
12174,1909969.889,5853156.1482,1919969.889,5843156.1482,,
12175,1909969.889,5843156.1482,1919969.889,5833156.1482,,
12176,1909969.889,5833156.1482,1919969.889,5823156.1482,58485.7834,24371.098
12177,1909969.889,5823156.1482,1919969.889,5813156.1482,,
12178,1909969.889,5813156.1482,1919969.889,5803156.1482,666201771.6569,563422739.659
12179,1909969.889,5803156.1482,1919969.889,5793156.1482,938569744.307,915458286.661
12180,1909969.889,5793156.1482,1919969.889,5783156.1482,859654992.799,727020016.204
12181,1909969.889,5783156.1482,1919969.889,5773156.1482,1007842944.1024,846751236.182
12182,1909969.889,5773156.1482,1919969.889,5763156.1482,379930231.307,270868366.107
12183,1909969.889,5763156.1482,1919969.889,5753156.1482,341750189.1375,251179785.445
12184,1909969.889,5753156.1482,1919969.889,5743156.1482,301739252.5958,227516263.339
12185,1909969.889,5743156.1482,1919969.889,5733156.1482,133733595.8924,128151954.853
12186,1909969.889,5733156.1482,1919969.889,5723156.1482,94739121.5209,105079528.712
12187,1909969.889,5723156.1482,1919969.889,5713156.1482,47174198.8467,52596428.599
12188,1909969.889,5713156.1482,1919969.889,5703156.1482,52384335.9494,58345254.519
12189,1909969.889,5703156.1482,1919969.889,5693156.1482,26247449.9768,26782214.81
12190,1909969.889,5693156.1482,1919969.889,5683156.1482,51795189.8403,38983833.54
12191,1909969.889,5683156.1482,1919969.889,5673156.1482,93088994.7055,73287357.681
12192,1909969.889,5673156.1482,1919969.889,5663156.1482,104138770.3919,82474391.929
12193,1909969.889,5663156.1482,1919969.889,5653156.1482,104138775.3869,82474395.885
12194,1909969.889,5653156.1482,1919969.889,5643156.1482,104138781.1057,82474400.414
12195,1909969.889,5643156.1482,1919969.889,5633156.1482,104138786.4715,82474404.663
12196,1909969.889,5633156.1482,1919969.889,5623156.1482,204015962.8972,198101732.103
12197,1909969.889,5623156.1482,1919969.889,5613156.1482,265765026.7961,286284722.796
12198,1909969.889,5613156.1482,1919969.889,5603156.1482,297191869.5683,335462772.123
12199,1909969.889,5603156.1482,1919969.889,5593156.1482,413893855.5406,464021350.548
12200,1909969.889,5593156.1482,1919969.889,5583156.1482,605885027.4579,663241088.134
12201,1909969.889,5583156.1482,1919969.889,5573156.1482,417339220.6725,459475234.403
12202,1909969.889,5573156.1482,1919969.889,5563156.1482,397500126.6498,438402752.628
12203,1909969.889,5563156.1482,1919969.889,5553156.1482,362855373.5496,377474079.412
12204,1909969.889,5553156.1482,1919969.889,5543156.1482,295518805.2154,259175825.767
12205,1909969.889,5543156.1482,1919969.889,5533156.1482,149578642.8239,112334161.478
12206,1909969.889,5533156.1482,1919969.889,5523156.1482,24318683.3301,18263428.846
12207,1909969.889,5523156.1482,1919969.889,5513156.1482,,
12208,1909969.889,5513156.1482,1919969.889,5503156.1482,,
12209,1909969.889,5503156.1482,1919969.889,5493156.1482,,
12210,1909969.889,5493156.1482,1919969.889,5483156.1482,,
12211,1909969.889,5483156.1482,1919969.889,5473156.1482,,
12212,1909969.889,5473156.1482,1919969.889,5463156.1482,,
12213,1909969.889,5463156.1482,1919969.889,5453156.1482,,
12214,1909969.889,5453156.1482,1919969.889,5443156.1482,,
12215,1909969.889,5443156.1482,1919969.889,5433156.1482,,
12216,1909969.889,5433156.1482,1919969.889,5423156.1482,,
12217,1909969.889,5423156.1482,1919969.889,5413156.1482,,
12218,1909969.889,5413156.1482,1919969.889,5403156.1482,,
12219,1909969.889,5403156.1482,1919969.889,5393156.1482,,
12220,1909969.889,5393156.1482,1919969.889,5383156.1482,,
12221,1909969.889,5383156.1482,1919969.889,5373156.1482,,
12222,1909969.889,5373156.1482,1919969.889,5363156.1482,,
12223,1909969.889,5363156.1482,1919969.889,5353156.1482,,
12224,1909969.889,5353156.1482,1919969.889,5343156.1482,,
12225,1909969.889,5343156.1482,1919969.889,5333156.1482,,
12226,1909969.889,5333156.1482,1919969.889,5323156.1482,,
12227,1909969.889,5323156.1482,1919969.889,5313156.1482,,
12228,1909969.889,5313156.1482,1919969.889,5303156.1482,,
12229,1909969.889,5303156.1482,1919969.889,5293156.1482,,
12230,1909969.889,5293156.1482,1919969.889,5283156.1482,,
12231,1909969.889,5283156.1482,1919969.889,5273156.1482,,
12232,1909969.889,5273156.1482,1919969.889,5263156.1482,,
12233,1909969.889,5263156.1482,1919969.889,5253156.1482,,
12234,1909969.889,5253156.1482,1919969.889,5243156.1482,,
12235,1909969.889,5243156.1482,1919969.889,5233156.1482,,
12236,1909969.889,5233156.1482,1919969.889,5223156.1482,,
12237,1909969.889,5223156.1482,1919969.889,5213156.1482,,
12238,1909969.889,5213156.1482,1919969.889,5203156.1482,,
12239,1909969.889,5203156.1482,1919969.889,5193156.1482,,
12240,1909969.889,5193156.1482,1919969.889,5183156.1482,,
12241,1909969.889,5183156.1482,1919969.889,5173156.1482,,
12242,1909969.889,5173156.1482,1919969.889,5163156.1482,,
12243,1909969.889,5163156.1482,1919969.889,5153156.1482,,
12244,1909969.889,5153156.1482,1919969.889,5143156.1482,,
12245,1909969.889,5143156.1482,1919969.889,5133156.1482,,
12246,1909969.889,5133156.1482,1919969.889,5123156.1482,,
12247,1909969.889,5123156.1482,1919969.889,5113156.1482,,
12248,1909969.889,5113156.1482,1919969.889,5103156.1482,,
12249,1909969.889,5103156.1482,1919969.889,5093156.1482,,
12250,1909969.889,5093156.1482,1919969.889,5083156.1482,,
12251,1909969.889,5083156.1482,1919969.889,5073156.1482,,
12252,1909969.889,5073156.1482,1919969.889,5063156.1482,,
12253,1909969.889,5063156.1482,1919969.889,5053156.1482,,
12254,1909969.889,5053156.1482,1919969.889,5043156.1482,,
12255,1909969.889,5043156.1482,1919969.889,5033156.1482,,
12256,1909969.889,5033156.1482,1919969.889,5023156.1482,,
12257,1909969.889,5023156.1482,1919969.889,5013156.1482,,
12258,1909969.889,5013156.1482,1919969.889,5003156.1482,,
12259,1909969.889,5003156.1482,1919969.889,4993156.1482,,
12260,1909969.889,4993156.1482,1919969.889,4983156.1482,,
12261,1909969.889,4983156.1482,1919969.889,4973156.1482,,
12262,1909969.889,4973156.1482,1919969.889,4963156.1482,,
12263,1909969.889,4963156.1482,1919969.889,4953156.1482,,
12264,1909969.889,4953156.1482,1919969.889,4943156.1482,,
12265,1909969.889,4943156.1482,1919969.889,4933156.1482,,
12266,1909969.889,4933156.1482,1919969.889,4923156.1482,,
12267,1909969.889,4923156.1482,1919969.889,4913156.1482,,
12268,1909969.889,4913156.1482,1919969.889,4903156.1482,,
12269,1909969.889,4903156.1482,1919969.889,4893156.1482,,
12270,1909969.889,4893156.1482,1919969.889,4883156.1482,,
12271,1909969.889,4883156.1482,1919969.889,4873156.1482,,
12272,1909969.889,4873156.1482,1919969.889,4863156.1482,,
12273,1909969.889,4863156.1482,1919969.889,4853156.1482,,
12274,1909969.889,4853156.1482,1919969.889,4843156.1482,,
12275,1909969.889,4843156.1482,1919969.889,4833156.1482,,
12276,1909969.889,4833156.1482,1919969.889,4823156.1482,,
12277,1909969.889,4823156.1482,1919969.889,4813156.1482,,
12278,1909969.889,4813156.1482,1919969.889,4803156.1482,,
12279,1909969.889,4803156.1482,1919969.889,4793156.1482,,
12280,1909969.889,4793156.1482,1919969.889,4783156.1482,,
12281,1909969.889,4783156.1482,1919969.889,4773156.1482,,
12282,1909969.889,4773156.1482,1919969.889,4763156.1482,,
12283,1909969.889,4763156.1482,1919969.889,4753156.1482,,
12284,1909969.889,4753156.1482,1919969.889,4743156.1482,,
12285,1919969.889,6223156.1482,1929969.889,6213156.1482,,
12286,1919969.889,6213156.1482,1929969.889,6203156.1482,,
12287,1919969.889,6203156.1482,1929969.889,6193156.1482,,
12288,1919969.889,6193156.1482,1929969.889,6183156.1482,,
12289,1919969.889,6183156.1482,1929969.889,6173156.1482,,
12290,1919969.889,6173156.1482,1929969.889,6163156.1482,,
12291,1919969.889,6163156.1482,1929969.889,6153156.1482,,
12292,1919969.889,6153156.1482,1929969.889,6143156.1482,,
12293,1919969.889,6143156.1482,1929969.889,6133156.1482,,
12294,1919969.889,6133156.1482,1929969.889,6123156.1482,,
12295,1919969.889,6123156.1482,1929969.889,6113156.1482,,
12296,1919969.889,6113156.1482,1929969.889,6103156.1482,,
12297,1919969.889,6103156.1482,1929969.889,6093156.1482,,
12298,1919969.889,6093156.1482,1929969.889,6083156.1482,,
12299,1919969.889,6083156.1482,1929969.889,6073156.1482,,
12300,1919969.889,6073156.1482,1929969.889,6063156.1482,,
12301,1919969.889,6063156.1482,1929969.889,6053156.1482,,
12302,1919969.889,6053156.1482,1929969.889,6043156.1482,,
12303,1919969.889,6043156.1482,1929969.889,6033156.1482,,
12304,1919969.889,6033156.1482,1929969.889,6023156.1482,,
12305,1919969.889,6023156.1482,1929969.889,6013156.1482,,
12306,1919969.889,6013156.1482,1929969.889,6003156.1482,,
12307,1919969.889,6003156.1482,1929969.889,5993156.1482,,
12308,1919969.889,5993156.1482,1929969.889,5983156.1482,,
12309,1919969.889,5983156.1482,1929969.889,5973156.1482,,
12310,1919969.889,5973156.1482,1929969.889,5963156.1482,,
12311,1919969.889,5963156.1482,1929969.889,5953156.1482,,
12312,1919969.889,5953156.1482,1929969.889,5943156.1482,,
12313,1919969.889,5943156.1482,1929969.889,5933156.1482,,
12314,1919969.889,5933156.1482,1929969.889,5923156.1482,,
12315,1919969.889,5923156.1482,1929969.889,5913156.1482,,
12316,1919969.889,5913156.1482,1929969.889,5903156.1482,,
12317,1919969.889,5903156.1482,1929969.889,5893156.1482,,
12318,1919969.889,5893156.1482,1929969.889,5883156.1482,,
12319,1919969.889,5883156.1482,1929969.889,5873156.1482,,
12320,1919969.889,5873156.1482,1929969.889,5863156.1482,,
12321,1919969.889,5863156.1482,1929969.889,5853156.1482,,
12322,1919969.889,5853156.1482,1929969.889,5843156.1482,,
12323,1919969.889,5843156.1482,1929969.889,5833156.1482,,
12324,1919969.889,5833156.1482,1929969.889,5823156.1482,,
12325,1919969.889,5823156.1482,1929969.889,5813156.1482,,
12326,1919969.889,5813156.1482,1929969.889,5803156.1482,26131530.4896,25588993.439
12327,1919969.889,5803156.1482,1929969.889,5793156.1482,599067063.3416,586310637.877
12328,1919969.889,5793156.1482,1929969.889,5783156.1482,993732235.882,1054131339.104
12329,1919969.889,5783156.1482,1929969.889,5773156.1482,5817730786.2288,6902117369.809
12330,1919969.889,5773156.1482,1929969.889,5763156.1482,94749206.7675,105090565.618
12331,1919969.889,5763156.1482,1929969.889,5753156.1482,94749212.0586,105090571.487
12332,1919969.889,5753156.1482,1929969.889,5743156.1482,94749217.0704,105090577.046
12333,1919969.889,5743156.1482,1929969.889,5733156.1482,657886393.9683,676569939.359
12334,1919969.889,5733156.1482,1929969.889,5723156.1482,94749227.2264,105090588.31
12335,1919969.889,5723156.1482,1929969.889,5713156.1482,94749232.4947,105090594.153
12336,1919969.889,5713156.1482,1929969.889,5703156.1482,80184198.1592,84481620.81
12337,1919969.889,5703156.1482,1929969.889,5693156.1482,65848720.6862,64337083.101
12338,1919969.889,5693156.1482,1929969.889,5683156.1482,66427778.1444,60514014.572
12339,1919969.889,5683156.1482,1929969.889,5673156.1482,78531754.0182,67631488.641
12340,1919969.889,5673156.1482,1929969.889,5663156.1482,104122367.5517,82461401.433
12341,1919969.889,5663156.1482,1929969.889,5653156.1482,104122373.5112,82461406.152
12342,1919969.889,5653156.1482,1929969.889,5643156.1482,104122378.9465,82461410.457
12343,1919969.889,5643156.1482,1929969.889,5633156.1482,687643866.5652,737235276.578
12344,1919969.889,5633156.1482,1929969.889,5623156.1482,1631932764.039,1792204113.183
12345,1919969.889,5623156.1482,1929969.889,5613156.1482,4759892494.935,5633541366.399
12346,1919969.889,5613156.1482,1929969.889,5603156.1482,26441362123.0613,30115391499.373
12347,1919969.889,5603156.1482,1929969.889,5593156.1482,3278087774.6495,3884858544.524
12348,1919969.889,5593156.1482,1929969.889,5583156.1482,748035523.623,656733467.992
12349,1919969.889,5583156.1482,1929969.889,5573156.1482,428386704.489,450138731.651
12350,1919969.889,5573156.1482,1929969.889,5563156.1482,397244368.8978,437971000.346
12351,1919969.889,5563156.1482,1929969.889,5553156.1482,397016042.9368,437719265.753
12352,1919969.889,5553156.1482,1929969.889,5543156.1482,294938801.8014,324583055.337
12353,1919969.889,5543156.1482,1929969.889,5533156.1482,18199520.3203,17124773.786
12354,1919969.889,5533156.1482,1929969.889,5523156.1482,,
12355,1919969.889,5523156.1482,1929969.889,5513156.1482,,
12356,1919969.889,5513156.1482,1929969.889,5503156.1482,,
12357,1919969.889,5503156.1482,1929969.889,5493156.1482,,
12358,1919969.889,5493156.1482,1929969.889,5483156.1482,,
12359,1919969.889,5483156.1482,1929969.889,5473156.1482,,
12360,1919969.889,5473156.1482,1929969.889,5463156.1482,,
12361,1919969.889,5463156.1482,1929969.889,5453156.1482,,
12362,1919969.889,5453156.1482,1929969.889,5443156.1482,,
12363,1919969.889,5443156.1482,1929969.889,5433156.1482,,
12364,1919969.889,5433156.1482,1929969.889,5423156.1482,,
12365,1919969.889,5423156.1482,1929969.889,5413156.1482,,
12366,1919969.889,5413156.1482,1929969.889,5403156.1482,,
12367,1919969.889,5403156.1482,1929969.889,5393156.1482,,
12368,1919969.889,5393156.1482,1929969.889,5383156.1482,,
12369,1919969.889,5383156.1482,1929969.889,5373156.1482,,
12370,1919969.889,5373156.1482,1929969.889,5363156.1482,,
12371,1919969.889,5363156.1482,1929969.889,5353156.1482,,
12372,1919969.889,5353156.1482,1929969.889,5343156.1482,,
12373,1919969.889,5343156.1482,1929969.889,5333156.1482,,
12374,1919969.889,5333156.1482,1929969.889,5323156.1482,,
12375,1919969.889,5323156.1482,1929969.889,5313156.1482,,
12376,1919969.889,5313156.1482,1929969.889,5303156.1482,,
12377,1919969.889,5303156.1482,1929969.889,5293156.1482,,
12378,1919969.889,5293156.1482,1929969.889,5283156.1482,,
12379,1919969.889,5283156.1482,1929969.889,5273156.1482,,
12380,1919969.889,5273156.1482,1929969.889,5263156.1482,,
12381,1919969.889,5263156.1482,1929969.889,5253156.1482,,
12382,1919969.889,5253156.1482,1929969.889,5243156.1482,,
12383,1919969.889,5243156.1482,1929969.889,5233156.1482,,
12384,1919969.889,5233156.1482,1929969.889,5223156.1482,,
12385,1919969.889,5223156.1482,1929969.889,5213156.1482,,
12386,1919969.889,5213156.1482,1929969.889,5203156.1482,,
12387,1919969.889,5203156.1482,1929969.889,5193156.1482,,
12388,1919969.889,5193156.1482,1929969.889,5183156.1482,,
12389,1919969.889,5183156.1482,1929969.889,5173156.1482,,
12390,1919969.889,5173156.1482,1929969.889,5163156.1482,,
12391,1919969.889,5163156.1482,1929969.889,5153156.1482,,
12392,1919969.889,5153156.1482,1929969.889,5143156.1482,,
12393,1919969.889,5143156.1482,1929969.889,5133156.1482,,
12394,1919969.889,5133156.1482,1929969.889,5123156.1482,,
12395,1919969.889,5123156.1482,1929969.889,5113156.1482,,
12396,1919969.889,5113156.1482,1929969.889,5103156.1482,,
12397,1919969.889,5103156.1482,1929969.889,5093156.1482,,
12398,1919969.889,5093156.1482,1929969.889,5083156.1482,,
12399,1919969.889,5083156.1482,1929969.889,5073156.1482,,
12400,1919969.889,5073156.1482,1929969.889,5063156.1482,,
12401,1919969.889,5063156.1482,1929969.889,5053156.1482,,
12402,1919969.889,5053156.1482,1929969.889,5043156.1482,,
12403,1919969.889,5043156.1482,1929969.889,5033156.1482,,
12404,1919969.889,5033156.1482,1929969.889,5023156.1482,,
12405,1919969.889,5023156.1482,1929969.889,5013156.1482,,
12406,1919969.889,5013156.1482,1929969.889,5003156.1482,,
12407,1919969.889,5003156.1482,1929969.889,4993156.1482,,
12408,1919969.889,4993156.1482,1929969.889,4983156.1482,,
12409,1919969.889,4983156.1482,1929969.889,4973156.1482,,
12410,1919969.889,4973156.1482,1929969.889,4963156.1482,,
12411,1919969.889,4963156.1482,1929969.889,4953156.1482,,
12412,1919969.889,4953156.1482,1929969.889,4943156.1482,,
12413,1919969.889,4943156.1482,1929969.889,4933156.1482,,
12414,1919969.889,4933156.1482,1929969.889,4923156.1482,,
12415,1919969.889,4923156.1482,1929969.889,4913156.1482,,
12416,1919969.889,4913156.1482,1929969.889,4903156.1482,,
12417,1919969.889,4903156.1482,1929969.889,4893156.1482,,
12418,1919969.889,4893156.1482,1929969.889,4883156.1482,,
12419,1919969.889,4883156.1482,1929969.889,4873156.1482,,
12420,1919969.889,4873156.1482,1929969.889,4863156.1482,,
12421,1919969.889,4863156.1482,1929969.889,4853156.1482,,
12422,1919969.889,4853156.1482,1929969.889,4843156.1482,,
12423,1919969.889,4843156.1482,1929969.889,4833156.1482,,
12424,1919969.889,4833156.1482,1929969.889,4823156.1482,,
12425,1919969.889,4823156.1482,1929969.889,4813156.1482,,
12426,1919969.889,4813156.1482,1929969.889,4803156.1482,,
12427,1919969.889,4803156.1482,1929969.889,4793156.1482,,
12428,1919969.889,4793156.1482,1929969.889,4783156.1482,,
12429,1919969.889,4783156.1482,1929969.889,4773156.1482,,
12430,1919969.889,4773156.1482,1929969.889,4763156.1482,,
12431,1919969.889,4763156.1482,1929969.889,4753156.1482,,
12432,1919969.889,4753156.1482,1929969.889,4743156.1482,,
12433,1929969.889,6223156.1482,1939969.889,6213156.1482,,
12434,1929969.889,6213156.1482,1939969.889,6203156.1482,,
12435,1929969.889,6203156.1482,1939969.889,6193156.1482,,
12436,1929969.889,6193156.1482,1939969.889,6183156.1482,,
12437,1929969.889,6183156.1482,1939969.889,6173156.1482,,
12438,1929969.889,6173156.1482,1939969.889,6163156.1482,,
12439,1929969.889,6163156.1482,1939969.889,6153156.1482,,
12440,1929969.889,6153156.1482,1939969.889,6143156.1482,,
12441,1929969.889,6143156.1482,1939969.889,6133156.1482,,
12442,1929969.889,6133156.1482,1939969.889,6123156.1482,,
12443,1929969.889,6123156.1482,1939969.889,6113156.1482,,
12444,1929969.889,6113156.1482,1939969.889,6103156.1482,,
12445,1929969.889,6103156.1482,1939969.889,6093156.1482,,
12446,1929969.889,6093156.1482,1939969.889,6083156.1482,,
12447,1929969.889,6083156.1482,1939969.889,6073156.1482,,
12448,1929969.889,6073156.1482,1939969.889,6063156.1482,,
12449,1929969.889,6063156.1482,1939969.889,6053156.1482,,
12450,1929969.889,6053156.1482,1939969.889,6043156.1482,,
12451,1929969.889,6043156.1482,1939969.889,6033156.1482,,
12452,1929969.889,6033156.1482,1939969.889,6023156.1482,,
12453,1929969.889,6023156.1482,1939969.889,6013156.1482,,
12454,1929969.889,6013156.1482,1939969.889,6003156.1482,,
12455,1929969.889,6003156.1482,1939969.889,5993156.1482,,
12456,1929969.889,5993156.1482,1939969.889,5983156.1482,,
12457,1929969.889,5983156.1482,1939969.889,5973156.1482,,
12458,1929969.889,5973156.1482,1939969.889,5963156.1482,,
12459,1929969.889,5963156.1482,1939969.889,5953156.1482,,
12460,1929969.889,5953156.1482,1939969.889,5943156.1482,,
12461,1929969.889,5943156.1482,1939969.889,5933156.1482,,
12462,1929969.889,5933156.1482,1939969.889,5923156.1482,,
12463,1929969.889,5923156.1482,1939969.889,5913156.1482,,
12464,1929969.889,5913156.1482,1939969.889,5903156.1482,,
12465,1929969.889,5903156.1482,1939969.889,5893156.1482,,
12466,1929969.889,5893156.1482,1939969.889,5883156.1482,,
12467,1929969.889,5883156.1482,1939969.889,5873156.1482,,
12468,1929969.889,5873156.1482,1939969.889,5863156.1482,,
12469,1929969.889,5863156.1482,1939969.889,5853156.1482,,
12470,1929969.889,5853156.1482,1939969.889,5843156.1482,,
12471,1929969.889,5843156.1482,1939969.889,5833156.1482,,
12472,1929969.889,5833156.1482,1939969.889,5823156.1482,,
12473,1929969.889,5823156.1482,1939969.889,5813156.1482,,
12474,1929969.889,5813156.1482,1939969.889,5803156.1482,,
12475,1929969.889,5803156.1482,1939969.889,5793156.1482,1438542845.5195,1358589370.629
12476,1929969.889,5793156.1482,1939969.889,5783156.1482,3274442347.4643,3519070656.858
12477,1929969.889,5783156.1482,1939969.889,5773156.1482,1096508791.5102,1214001833.091
12478,1929969.889,5773156.1482,1939969.889,5763156.1482,95280607.1947,105719123.823
12479,1929969.889,5763156.1482,1939969.889,5753156.1482,105043451.3028,117234205.196
12480,1929969.889,5753156.1482,1939969.889,5743156.1482,112593923.1987,126140832.712
12481,1929969.889,5743156.1482,1939969.889,5733156.1482,125440213.586,141294266.433
12482,1929969.889,5733156.1482,1939969.889,5723156.1482,101197424.4584,112698321.865
12483,1929969.889,5723156.1482,1939969.889,5713156.1482,94733841.7184,105073523.558
12484,1929969.889,5713156.1482,1939969.889,5703156.1482,65408494.6047,63582380.789
12485,1929969.889,5703156.1482,1939969.889,5693156.1482,61149843.6141,57556903.562
12486,1929969.889,5693156.1482,1939969.889,5683156.1482,61149847.0572,57556906.803
12487,1929969.889,5683156.1482,1939969.889,5673156.1482,61370938.9045,57685690.502
12488,1929969.889,5673156.1482,1939969.889,5663156.1482,78246828.5125,67463194.608
12489,1929969.889,5663156.1482,1939969.889,5653156.1482,104105461.9798,82448012.79
12490,1929969.889,5653156.1482,1939969.889,5643156.1482,104105468.3015,82448017.797
12491,1929969.889,5643156.1482,1939969.889,5633156.1482,535694359.2112,573256178.423
12492,1929969.889,5633156.1482,1939969.889,5623156.1482,2527470025.4601,2546540059.175
12493,1929969.889,5623156.1482,1939969.889,5613156.1482,54506169676.2435,54003913066.319
12494,1929969.889,5613156.1482,1939969.889,5603156.1482,23309934075.2235,24706271013.328
12495,1929969.889,5603156.1482,1939969.889,5593156.1482,12197772769.6063,13262146894.076
12496,1929969.889,5593156.1482,1939969.889,5583156.1482,1134588661.4294,727295733.78
12497,1929969.889,5583156.1482,1939969.889,5573156.1482,769609986.7797,563729700.668
12498,1929969.889,5573156.1482,1939969.889,5563156.1482,183009454.2435,201772108.111
12499,1929969.889,5563156.1482,1939969.889,5553156.1482,50000630.8565,55126838.865
12500,1929969.889,5553156.1482,1939969.889,5543156.1482,291796.8685,321712.72
12501,1929969.889,5543156.1482,1939969.889,5533156.1482,,
12502,1929969.889,5533156.1482,1939969.889,5523156.1482,,
12503,1929969.889,5523156.1482,1939969.889,5513156.1482,,
12504,1929969.889,5513156.1482,1939969.889,5503156.1482,,
12505,1929969.889,5503156.1482,1939969.889,5493156.1482,,
12506,1929969.889,5493156.1482,1939969.889,5483156.1482,,
12507,1929969.889,5483156.1482,1939969.889,5473156.1482,,
12508,1929969.889,5473156.1482,1939969.889,5463156.1482,,
12509,1929969.889,5463156.1482,1939969.889,5453156.1482,,
12510,1929969.889,5453156.1482,1939969.889,5443156.1482,,
12511,1929969.889,5443156.1482,1939969.889,5433156.1482,,
12512,1929969.889,5433156.1482,1939969.889,5423156.1482,,
12513,1929969.889,5423156.1482,1939969.889,5413156.1482,,
12514,1929969.889,5413156.1482,1939969.889,5403156.1482,,
12515,1929969.889,5403156.1482,1939969.889,5393156.1482,,
12516,1929969.889,5393156.1482,1939969.889,5383156.1482,,
12517,1929969.889,5383156.1482,1939969.889,5373156.1482,,
12518,1929969.889,5373156.1482,1939969.889,5363156.1482,,
12519,1929969.889,5363156.1482,1939969.889,5353156.1482,,
12520,1929969.889,5353156.1482,1939969.889,5343156.1482,,
12521,1929969.889,5343156.1482,1939969.889,5333156.1482,,
12522,1929969.889,5333156.1482,1939969.889,5323156.1482,,
12523,1929969.889,5323156.1482,1939969.889,5313156.1482,,
12524,1929969.889,5313156.1482,1939969.889,5303156.1482,,
12525,1929969.889,5303156.1482,1939969.889,5293156.1482,,
12526,1929969.889,5293156.1482,1939969.889,5283156.1482,,
12527,1929969.889,5283156.1482,1939969.889,5273156.1482,,
12528,1929969.889,5273156.1482,1939969.889,5263156.1482,,
12529,1929969.889,5263156.1482,1939969.889,5253156.1482,,
12530,1929969.889,5253156.1482,1939969.889,5243156.1482,,
12531,1929969.889,5243156.1482,1939969.889,5233156.1482,,
12532,1929969.889,5233156.1482,1939969.889,5223156.1482,,
12533,1929969.889,5223156.1482,1939969.889,5213156.1482,,
12534,1929969.889,5213156.1482,1939969.889,5203156.1482,,
12535,1929969.889,5203156.1482,1939969.889,5193156.1482,,
12536,1929969.889,5193156.1482,1939969.889,5183156.1482,,
12537,1929969.889,5183156.1482,1939969.889,5173156.1482,,
12538,1929969.889,5173156.1482,1939969.889,5163156.1482,,
12539,1929969.889,5163156.1482,1939969.889,5153156.1482,,
12540,1929969.889,5153156.1482,1939969.889,5143156.1482,,
12541,1929969.889,5143156.1482,1939969.889,5133156.1482,,
12542,1929969.889,5133156.1482,1939969.889,5123156.1482,,
12543,1929969.889,5123156.1482,1939969.889,5113156.1482,,
12544,1929969.889,5113156.1482,1939969.889,5103156.1482,,
12545,1929969.889,5103156.1482,1939969.889,5093156.1482,,
12546,1929969.889,5093156.1482,1939969.889,5083156.1482,,
12547,1929969.889,5083156.1482,1939969.889,5073156.1482,,
12548,1929969.889,5073156.1482,1939969.889,5063156.1482,,
12549,1929969.889,5063156.1482,1939969.889,5053156.1482,,
12550,1929969.889,5053156.1482,1939969.889,5043156.1482,,
12551,1929969.889,5043156.1482,1939969.889,5033156.1482,,
12552,1929969.889,5033156.1482,1939969.889,5023156.1482,,
12553,1929969.889,5023156.1482,1939969.889,5013156.1482,,
12554,1929969.889,5013156.1482,1939969.889,5003156.1482,,
12555,1929969.889,5003156.1482,1939969.889,4993156.1482,,
12556,1929969.889,4993156.1482,1939969.889,4983156.1482,,
12557,1929969.889,4983156.1482,1939969.889,4973156.1482,,
12558,1929969.889,4973156.1482,1939969.889,4963156.1482,,
12559,1929969.889,4963156.1482,1939969.889,4953156.1482,,
12560,1929969.889,4953156.1482,1939969.889,4943156.1482,,
12561,1929969.889,4943156.1482,1939969.889,4933156.1482,,
12562,1929969.889,4933156.1482,1939969.889,4923156.1482,,
12563,1929969.889,4923156.1482,1939969.889,4913156.1482,,
12564,1929969.889,4913156.1482,1939969.889,4903156.1482,,
12565,1929969.889,4903156.1482,1939969.889,4893156.1482,,
12566,1929969.889,4893156.1482,1939969.889,4883156.1482,,
12567,1929969.889,4883156.1482,1939969.889,4873156.1482,,
12568,1929969.889,4873156.1482,1939969.889,4863156.1482,,
12569,1929969.889,4863156.1482,1939969.889,4853156.1482,,
12570,1929969.889,4853156.1482,1939969.889,4843156.1482,,
12571,1929969.889,4843156.1482,1939969.889,4833156.1482,,
12572,1929969.889,4833156.1482,1939969.889,4823156.1482,,
12573,1929969.889,4823156.1482,1939969.889,4813156.1482,,
12574,1929969.889,4813156.1482,1939969.889,4803156.1482,,
12575,1929969.889,4803156.1482,1939969.889,4793156.1482,,
12576,1929969.889,4793156.1482,1939969.889,4783156.1482,,
12577,1929969.889,4783156.1482,1939969.889,4773156.1482,,
12578,1929969.889,4773156.1482,1939969.889,4763156.1482,,
12579,1929969.889,4763156.1482,1939969.889,4753156.1482,,
12580,1929969.889,4753156.1482,1939969.889,4743156.1482,,
12581,1939969.889,6223156.1482,1949969.889,6213156.1482,,
12582,1939969.889,6213156.1482,1949969.889,6203156.1482,,
12583,1939969.889,6203156.1482,1949969.889,6193156.1482,,
12584,1939969.889,6193156.1482,1949969.889,6183156.1482,,
12585,1939969.889,6183156.1482,1949969.889,6173156.1482,,
12586,1939969.889,6173156.1482,1949969.889,6163156.1482,,
12587,1939969.889,6163156.1482,1949969.889,6153156.1482,,
12588,1939969.889,6153156.1482,1949969.889,6143156.1482,,
12589,1939969.889,6143156.1482,1949969.889,6133156.1482,,
12590,1939969.889,6133156.1482,1949969.889,6123156.1482,,
12591,1939969.889,6123156.1482,1949969.889,6113156.1482,,
12592,1939969.889,6113156.1482,1949969.889,6103156.1482,,
12593,1939969.889,6103156.1482,1949969.889,6093156.1482,,
12594,1939969.889,6093156.1482,1949969.889,6083156.1482,,
12595,1939969.889,6083156.1482,1949969.889,6073156.1482,,
12596,1939969.889,6073156.1482,1949969.889,6063156.1482,,
12597,1939969.889,6063156.1482,1949969.889,6053156.1482,,
12598,1939969.889,6053156.1482,1949969.889,6043156.1482,,
12599,1939969.889,6043156.1482,1949969.889,6033156.1482,,
12600,1939969.889,6033156.1482,1949969.889,6023156.1482,,
12601,1939969.889,6023156.1482,1949969.889,6013156.1482,,
12602,1939969.889,6013156.1482,1949969.889,6003156.1482,,
12603,1939969.889,6003156.1482,1949969.889,5993156.1482,,
12604,1939969.889,5993156.1482,1949969.889,5983156.1482,,
12605,1939969.889,5983156.1482,1949969.889,5973156.1482,,
12606,1939969.889,5973156.1482,1949969.889,5963156.1482,,
12607,1939969.889,5963156.1482,1949969.889,5953156.1482,,
12608,1939969.889,5953156.1482,1949969.889,5943156.1482,,
12609,1939969.889,5943156.1482,1949969.889,5933156.1482,,
12610,1939969.889,5933156.1482,1949969.889,5923156.1482,,
12611,1939969.889,5923156.1482,1949969.889,5913156.1482,,
12612,1939969.889,5913156.1482,1949969.889,5903156.1482,,
12613,1939969.889,5903156.1482,1949969.889,5893156.1482,,
12614,1939969.889,5893156.1482,1949969.889,5883156.1482,,
12615,1939969.889,5883156.1482,1949969.889,5873156.1482,,
12616,1939969.889,5873156.1482,1949969.889,5863156.1482,,
12617,1939969.889,5863156.1482,1949969.889,5853156.1482,,
12618,1939969.889,5853156.1482,1949969.889,5843156.1482,,
12619,1939969.889,5843156.1482,1949969.889,5833156.1482,,
12620,1939969.889,5833156.1482,1949969.889,5823156.1482,,
12621,1939969.889,5823156.1482,1949969.889,5813156.1482,,
12622,1939969.889,5813156.1482,1949969.889,5803156.1482,631334.9399,263078.046
12623,1939969.889,5803156.1482,1949969.889,5793156.1482,1827932806.9106,1932005442.473
12624,1939969.889,5793156.1482,1949969.889,5783156.1482,9179140301.8901,10180378599.526
12625,1939969.889,5783156.1482,1949969.889,5773156.1482,361060486.8723,401755437.449
12626,1939969.889,5773156.1482,1949969.889,5763156.1482,147521776.9895,167342592.048
12627,1939969.889,5763156.1482,1949969.889,5753156.1482,151094955.4104,171557230.281
12628,1939969.889,5753156.1482,1949969.889,5743156.1482,151117672.2305,171584018.357
12629,1939969.889,5743156.1482,1949969.889,5733156.1482,143627750.601,162748905.845
12630,1939969.889,5733156.1482,1949969.889,5723156.1482,94807970.5445,105162250.26
12631,1939969.889,5723156.1482,1949969.889,5713156.1482,94710606.1064,105045511.114
12632,1939969.889,5713156.1482,1949969.889,5703156.1482,71538092.7461,72259488.736
12633,1939969.889,5703156.1482,1949969.889,5693156.1482,54386040.0849,51190516.267
12634,1939969.889,5693156.1482,1949969.889,5683156.1482,61139614.4576,57547275.433
12635,1939969.889,5683156.1482,1949969.889,5673156.1482,61139617.7636,57547278.545
12636,1939969.889,5673156.1482,1949969.889,5663156.1482,64500675.7105,59496778.078
12637,1939969.889,5663156.1482,1949969.889,5653156.1482,95911467.3941,77540289.885
12638,1939969.889,5653156.1482,1949969.889,5643156.1482,74014629.266,58617088.713
12639,1939969.889,5643156.1482,1949969.889,5633156.1482,8134468.7943,6442224.783
12640,1939969.889,5633156.1482,1949969.889,5623156.1482,,
12641,1939969.889,5623156.1482,1949969.889,5613156.1482,,
12642,1939969.889,5613156.1482,1949969.889,5603156.1482,1085469850.9568,909114057.468
12643,1939969.889,5603156.1482,1949969.889,5593156.1482,841398190.3953,554498422.38
12644,1939969.889,5593156.1482,1949969.889,5583156.1482,303900962.2349,194478685.626
12645,1939969.889,5583156.1482,1949969.889,5573156.1482,70632852.8925,45200858.502
12646,1939969.889,5573156.1482,1949969.889,5563156.1482,,
12647,1939969.889,5563156.1482,1949969.889,5553156.1482,,
12648,1939969.889,5553156.1482,1949969.889,5543156.1482,,
12649,1939969.889,5543156.1482,1949969.889,5533156.1482,,
12650,1939969.889,5533156.1482,1949969.889,5523156.1482,,
12651,1939969.889,5523156.1482,1949969.889,5513156.1482,,
12652,1939969.889,5513156.1482,1949969.889,5503156.1482,,
12653,1939969.889,5503156.1482,1949969.889,5493156.1482,,
12654,1939969.889,5493156.1482,1949969.889,5483156.1482,,
12655,1939969.889,5483156.1482,1949969.889,5473156.1482,,
12656,1939969.889,5473156.1482,1949969.889,5463156.1482,,
12657,1939969.889,5463156.1482,1949969.889,5453156.1482,,
12658,1939969.889,5453156.1482,1949969.889,5443156.1482,,
12659,1939969.889,5443156.1482,1949969.889,5433156.1482,,
12660,1939969.889,5433156.1482,1949969.889,5423156.1482,,
12661,1939969.889,5423156.1482,1949969.889,5413156.1482,,
12662,1939969.889,5413156.1482,1949969.889,5403156.1482,,
12663,1939969.889,5403156.1482,1949969.889,5393156.1482,,
12664,1939969.889,5393156.1482,1949969.889,5383156.1482,,
12665,1939969.889,5383156.1482,1949969.889,5373156.1482,,
12666,1939969.889,5373156.1482,1949969.889,5363156.1482,,
12667,1939969.889,5363156.1482,1949969.889,5353156.1482,,
12668,1939969.889,5353156.1482,1949969.889,5343156.1482,,
12669,1939969.889,5343156.1482,1949969.889,5333156.1482,,
12670,1939969.889,5333156.1482,1949969.889,5323156.1482,,
12671,1939969.889,5323156.1482,1949969.889,5313156.1482,,
12672,1939969.889,5313156.1482,1949969.889,5303156.1482,,
12673,1939969.889,5303156.1482,1949969.889,5293156.1482,,
12674,1939969.889,5293156.1482,1949969.889,5283156.1482,,
12675,1939969.889,5283156.1482,1949969.889,5273156.1482,,
12676,1939969.889,5273156.1482,1949969.889,5263156.1482,,
12677,1939969.889,5263156.1482,1949969.889,5253156.1482,,
12678,1939969.889,5253156.1482,1949969.889,5243156.1482,,
12679,1939969.889,5243156.1482,1949969.889,5233156.1482,,
12680,1939969.889,5233156.1482,1949969.889,5223156.1482,,
12681,1939969.889,5223156.1482,1949969.889,5213156.1482,,
12682,1939969.889,5213156.1482,1949969.889,5203156.1482,,
12683,1939969.889,5203156.1482,1949969.889,5193156.1482,,
12684,1939969.889,5193156.1482,1949969.889,5183156.1482,,
12685,1939969.889,5183156.1482,1949969.889,5173156.1482,,
12686,1939969.889,5173156.1482,1949969.889,5163156.1482,,
12687,1939969.889,5163156.1482,1949969.889,5153156.1482,,
12688,1939969.889,5153156.1482,1949969.889,5143156.1482,,
12689,1939969.889,5143156.1482,1949969.889,5133156.1482,,
12690,1939969.889,5133156.1482,1949969.889,5123156.1482,,
12691,1939969.889,5123156.1482,1949969.889,5113156.1482,,
12692,1939969.889,5113156.1482,1949969.889,5103156.1482,,
12693,1939969.889,5103156.1482,1949969.889,5093156.1482,,
12694,1939969.889,5093156.1482,1949969.889,5083156.1482,,
12695,1939969.889,5083156.1482,1949969.889,5073156.1482,,
12696,1939969.889,5073156.1482,1949969.889,5063156.1482,,
12697,1939969.889,5063156.1482,1949969.889,5053156.1482,,
12698,1939969.889,5053156.1482,1949969.889,5043156.1482,,
12699,1939969.889,5043156.1482,1949969.889,5033156.1482,,
12700,1939969.889,5033156.1482,1949969.889,5023156.1482,,
12701,1939969.889,5023156.1482,1949969.889,5013156.1482,,
12702,1939969.889,5013156.1482,1949969.889,5003156.1482,,
12703,1939969.889,5003156.1482,1949969.889,4993156.1482,,
12704,1939969.889,4993156.1482,1949969.889,4983156.1482,,
12705,1939969.889,4983156.1482,1949969.889,4973156.1482,,
12706,1939969.889,4973156.1482,1949969.889,4963156.1482,,
12707,1939969.889,4963156.1482,1949969.889,4953156.1482,,
12708,1939969.889,4953156.1482,1949969.889,4943156.1482,,
12709,1939969.889,4943156.1482,1949969.889,4933156.1482,,
12710,1939969.889,4933156.1482,1949969.889,4923156.1482,,
12711,1939969.889,4923156.1482,1949969.889,4913156.1482,,
12712,1939969.889,4913156.1482,1949969.889,4903156.1482,,
12713,1939969.889,4903156.1482,1949969.889,4893156.1482,,
12714,1939969.889,4893156.1482,1949969.889,4883156.1482,,
12715,1939969.889,4883156.1482,1949969.889,4873156.1482,,
12716,1939969.889,4873156.1482,1949969.889,4863156.1482,,
12717,1939969.889,4863156.1482,1949969.889,4853156.1482,,
12718,1939969.889,4853156.1482,1949969.889,4843156.1482,,
12719,1939969.889,4843156.1482,1949969.889,4833156.1482,,
12720,1939969.889,4833156.1482,1949969.889,4823156.1482,,
12721,1939969.889,4823156.1482,1949969.889,4813156.1482,,
12722,1939969.889,4813156.1482,1949969.889,4803156.1482,,
12723,1939969.889,4803156.1482,1949969.889,4793156.1482,,
12724,1939969.889,4793156.1482,1949969.889,4783156.1482,,
12725,1939969.889,4783156.1482,1949969.889,4773156.1482,,
12726,1939969.889,4773156.1482,1949969.889,4763156.1482,,
12727,1939969.889,4763156.1482,1949969.889,4753156.1482,,
12728,1939969.889,4753156.1482,1949969.889,4743156.1482,,
12729,1949969.889,6223156.1482,1959969.889,6213156.1482,,
12730,1949969.889,6213156.1482,1959969.889,6203156.1482,,
12731,1949969.889,6203156.1482,1959969.889,6193156.1482,,
12732,1949969.889,6193156.1482,1959969.889,6183156.1482,,
12733,1949969.889,6183156.1482,1959969.889,6173156.1482,,
12734,1949969.889,6173156.1482,1959969.889,6163156.1482,,
12735,1949969.889,6163156.1482,1959969.889,6153156.1482,,
12736,1949969.889,6153156.1482,1959969.889,6143156.1482,,
12737,1949969.889,6143156.1482,1959969.889,6133156.1482,,
12738,1949969.889,6133156.1482,1959969.889,6123156.1482,,
12739,1949969.889,6123156.1482,1959969.889,6113156.1482,,
12740,1949969.889,6113156.1482,1959969.889,6103156.1482,,
12741,1949969.889,6103156.1482,1959969.889,6093156.1482,,
12742,1949969.889,6093156.1482,1959969.889,6083156.1482,,
12743,1949969.889,6083156.1482,1959969.889,6073156.1482,,
12744,1949969.889,6073156.1482,1959969.889,6063156.1482,,
12745,1949969.889,6063156.1482,1959969.889,6053156.1482,,
12746,1949969.889,6053156.1482,1959969.889,6043156.1482,,
12747,1949969.889,6043156.1482,1959969.889,6033156.1482,,
12748,1949969.889,6033156.1482,1959969.889,6023156.1482,,
12749,1949969.889,6023156.1482,1959969.889,6013156.1482,,
12750,1949969.889,6013156.1482,1959969.889,6003156.1482,,
12751,1949969.889,6003156.1482,1959969.889,5993156.1482,,
12752,1949969.889,5993156.1482,1959969.889,5983156.1482,,
12753,1949969.889,5983156.1482,1959969.889,5973156.1482,,
12754,1949969.889,5973156.1482,1959969.889,5963156.1482,,
12755,1949969.889,5963156.1482,1959969.889,5953156.1482,,
12756,1949969.889,5953156.1482,1959969.889,5943156.1482,,
12757,1949969.889,5943156.1482,1959969.889,5933156.1482,,
12758,1949969.889,5933156.1482,1959969.889,5923156.1482,,
12759,1949969.889,5923156.1482,1959969.889,5913156.1482,,
12760,1949969.889,5913156.1482,1959969.889,5903156.1482,,
12761,1949969.889,5903156.1482,1959969.889,5893156.1482,,
12762,1949969.889,5893156.1482,1959969.889,5883156.1482,,
12763,1949969.889,5883156.1482,1959969.889,5873156.1482,,
12764,1949969.889,5873156.1482,1959969.889,5863156.1482,,
12765,1949969.889,5863156.1482,1959969.889,5853156.1482,,
12766,1949969.889,5853156.1482,1959969.889,5843156.1482,,
12767,1949969.889,5843156.1482,1959969.889,5833156.1482,,
12768,1949969.889,5833156.1482,1959969.889,5823156.1482,,
12769,1949969.889,5823156.1482,1959969.889,5813156.1482,,
12770,1949969.889,5813156.1482,1959969.889,5803156.1482,,
12771,1949969.889,5803156.1482,1959969.889,5793156.1482,96221792.5024,100326325.348
12772,1949969.889,5793156.1482,1959969.889,5783156.1482,11233053621.5388,10303374979.774
12773,1949969.889,5783156.1482,1959969.889,5773156.1482,879892600.6873,951075030.436
12774,1949969.889,5773156.1482,1959969.889,5763156.1482,151091619.4307,171554437.144
12775,1949969.889,5763156.1482,1959969.889,5753156.1482,151091629.0702,171554448.089
12776,1949969.889,5753156.1482,1959969.889,5743156.1482,151091638.757,171554459.088
12777,1949969.889,5743156.1482,1959969.889,5733156.1482,149011437.2908,169100136.048
12778,1949969.889,5733156.1482,1959969.889,5723156.1482,100916699.3827,112369570.347
12779,1949969.889,5723156.1482,1959969.889,5713156.1482,71381599.8355,69951422.72
12780,1949969.889,5713156.1482,1959969.889,5703156.1482,47065722.6815,36434349.388
12781,1949969.889,5703156.1482,1959969.889,5693156.1482,39218872.4033,36161915.677
12782,1949969.889,5693156.1482,1959969.889,5683156.1482,61129082.6201,57537362.407
12783,1949969.889,5683156.1482,1959969.889,5673156.1482,61129086.9535,57537366.486
12784,1949969.889,5673156.1482,1959969.889,5663156.1482,61129090.5245,57537369.847
12785,1949969.889,5663156.1482,1959969.889,5653156.1482,38850326.7495,35203572.967
12786,1949969.889,5653156.1482,1959969.889,5643156.1482,,
12787,1949969.889,5643156.1482,1959969.889,5633156.1482,,
12788,1949969.889,5633156.1482,1959969.889,5623156.1482,,
12789,1949969.889,5623156.1482,1959969.889,5613156.1482,,
12790,1949969.889,5613156.1482,1959969.889,5603156.1482,12048872.5508,7710567.547
12791,1949969.889,5603156.1482,1959969.889,5593156.1482,9920762.3132,6348702.554
12792,1949969.889,5593156.1482,1959969.889,5583156.1482,,
12793,1949969.889,5583156.1482,1959969.889,5573156.1482,,
12794,1949969.889,5573156.1482,1959969.889,5563156.1482,,
12795,1949969.889,5563156.1482,1959969.889,5553156.1482,,
12796,1949969.889,5553156.1482,1959969.889,5543156.1482,,
12797,1949969.889,5543156.1482,1959969.889,5533156.1482,,
12798,1949969.889,5533156.1482,1959969.889,5523156.1482,,
12799,1949969.889,5523156.1482,1959969.889,5513156.1482,,
12800,1949969.889,5513156.1482,1959969.889,5503156.1482,,
12801,1949969.889,5503156.1482,1959969.889,5493156.1482,,
12802,1949969.889,5493156.1482,1959969.889,5483156.1482,,
12803,1949969.889,5483156.1482,1959969.889,5473156.1482,,
12804,1949969.889,5473156.1482,1959969.889,5463156.1482,,
12805,1949969.889,5463156.1482,1959969.889,5453156.1482,,
12806,1949969.889,5453156.1482,1959969.889,5443156.1482,,
12807,1949969.889,5443156.1482,1959969.889,5433156.1482,,
12808,1949969.889,5433156.1482,1959969.889,5423156.1482,,
12809,1949969.889,5423156.1482,1959969.889,5413156.1482,,
12810,1949969.889,5413156.1482,1959969.889,5403156.1482,,
12811,1949969.889,5403156.1482,1959969.889,5393156.1482,,
12812,1949969.889,5393156.1482,1959969.889,5383156.1482,,
12813,1949969.889,5383156.1482,1959969.889,5373156.1482,,
12814,1949969.889,5373156.1482,1959969.889,5363156.1482,,
12815,1949969.889,5363156.1482,1959969.889,5353156.1482,,
12816,1949969.889,5353156.1482,1959969.889,5343156.1482,,
12817,1949969.889,5343156.1482,1959969.889,5333156.1482,,
12818,1949969.889,5333156.1482,1959969.889,5323156.1482,,
12819,1949969.889,5323156.1482,1959969.889,5313156.1482,,
12820,1949969.889,5313156.1482,1959969.889,5303156.1482,,
12821,1949969.889,5303156.1482,1959969.889,5293156.1482,,
12822,1949969.889,5293156.1482,1959969.889,5283156.1482,,
12823,1949969.889,5283156.1482,1959969.889,5273156.1482,,
12824,1949969.889,5273156.1482,1959969.889,5263156.1482,,
12825,1949969.889,5263156.1482,1959969.889,5253156.1482,,
12826,1949969.889,5253156.1482,1959969.889,5243156.1482,,
12827,1949969.889,5243156.1482,1959969.889,5233156.1482,,
12828,1949969.889,5233156.1482,1959969.889,5223156.1482,,
12829,1949969.889,5223156.1482,1959969.889,5213156.1482,,
12830,1949969.889,5213156.1482,1959969.889,5203156.1482,,
12831,1949969.889,5203156.1482,1959969.889,5193156.1482,,
12832,1949969.889,5193156.1482,1959969.889,5183156.1482,,
12833,1949969.889,5183156.1482,1959969.889,5173156.1482,,
12834,1949969.889,5173156.1482,1959969.889,5163156.1482,,
12835,1949969.889,5163156.1482,1959969.889,5153156.1482,,
12836,1949969.889,5153156.1482,1959969.889,5143156.1482,,
12837,1949969.889,5143156.1482,1959969.889,5133156.1482,,
12838,1949969.889,5133156.1482,1959969.889,5123156.1482,,
12839,1949969.889,5123156.1482,1959969.889,5113156.1482,,
12840,1949969.889,5113156.1482,1959969.889,5103156.1482,,
12841,1949969.889,5103156.1482,1959969.889,5093156.1482,,
12842,1949969.889,5093156.1482,1959969.889,5083156.1482,,
12843,1949969.889,5083156.1482,1959969.889,5073156.1482,,
12844,1949969.889,5073156.1482,1959969.889,5063156.1482,,
12845,1949969.889,5063156.1482,1959969.889,5053156.1482,,
12846,1949969.889,5053156.1482,1959969.889,5043156.1482,,
12847,1949969.889,5043156.1482,1959969.889,5033156.1482,,
12848,1949969.889,5033156.1482,1959969.889,5023156.1482,,
12849,1949969.889,5023156.1482,1959969.889,5013156.1482,,
12850,1949969.889,5013156.1482,1959969.889,5003156.1482,,
12851,1949969.889,5003156.1482,1959969.889,4993156.1482,,
12852,1949969.889,4993156.1482,1959969.889,4983156.1482,,
12853,1949969.889,4983156.1482,1959969.889,4973156.1482,,
12854,1949969.889,4973156.1482,1959969.889,4963156.1482,,
12855,1949969.889,4963156.1482,1959969.889,4953156.1482,,
12856,1949969.889,4953156.1482,1959969.889,4943156.1482,,
12857,1949969.889,4943156.1482,1959969.889,4933156.1482,,
12858,1949969.889,4933156.1482,1959969.889,4923156.1482,,
12859,1949969.889,4923156.1482,1959969.889,4913156.1482,,
12860,1949969.889,4913156.1482,1959969.889,4903156.1482,,
12861,1949969.889,4903156.1482,1959969.889,4893156.1482,,
12862,1949969.889,4893156.1482,1959969.889,4883156.1482,,
12863,1949969.889,4883156.1482,1959969.889,4873156.1482,,
12864,1949969.889,4873156.1482,1959969.889,4863156.1482,,
12865,1949969.889,4863156.1482,1959969.889,4853156.1482,,
12866,1949969.889,4853156.1482,1959969.889,4843156.1482,,
12867,1949969.889,4843156.1482,1959969.889,4833156.1482,,
12868,1949969.889,4833156.1482,1959969.889,4823156.1482,,
12869,1949969.889,4823156.1482,1959969.889,4813156.1482,,
12870,1949969.889,4813156.1482,1959969.889,4803156.1482,,
12871,1949969.889,4803156.1482,1959969.889,4793156.1482,,
12872,1949969.889,4793156.1482,1959969.889,4783156.1482,,
12873,1949969.889,4783156.1482,1959969.889,4773156.1482,,
12874,1949969.889,4773156.1482,1959969.889,4763156.1482,,
12875,1949969.889,4763156.1482,1959969.889,4753156.1482,,
12876,1949969.889,4753156.1482,1959969.889,4743156.1482,,
12877,1959969.889,6223156.1482,1969969.889,6213156.1482,,
12878,1959969.889,6213156.1482,1969969.889,6203156.1482,,
12879,1959969.889,6203156.1482,1969969.889,6193156.1482,,
12880,1959969.889,6193156.1482,1969969.889,6183156.1482,,
12881,1959969.889,6183156.1482,1969969.889,6173156.1482,,
12882,1959969.889,6173156.1482,1969969.889,6163156.1482,,
12883,1959969.889,6163156.1482,1969969.889,6153156.1482,,
12884,1959969.889,6153156.1482,1969969.889,6143156.1482,,
12885,1959969.889,6143156.1482,1969969.889,6133156.1482,,
12886,1959969.889,6133156.1482,1969969.889,6123156.1482,,
12887,1959969.889,6123156.1482,1969969.889,6113156.1482,,
12888,1959969.889,6113156.1482,1969969.889,6103156.1482,,
12889,1959969.889,6103156.1482,1969969.889,6093156.1482,,
12890,1959969.889,6093156.1482,1969969.889,6083156.1482,,
12891,1959969.889,6083156.1482,1969969.889,6073156.1482,,
12892,1959969.889,6073156.1482,1969969.889,6063156.1482,,
12893,1959969.889,6063156.1482,1969969.889,6053156.1482,,
12894,1959969.889,6053156.1482,1969969.889,6043156.1482,,
12895,1959969.889,6043156.1482,1969969.889,6033156.1482,,
12896,1959969.889,6033156.1482,1969969.889,6023156.1482,,
12897,1959969.889,6023156.1482,1969969.889,6013156.1482,,
12898,1959969.889,6013156.1482,1969969.889,6003156.1482,,
12899,1959969.889,6003156.1482,1969969.889,5993156.1482,,
12900,1959969.889,5993156.1482,1969969.889,5983156.1482,,
12901,1959969.889,5983156.1482,1969969.889,5973156.1482,,
12902,1959969.889,5973156.1482,1969969.889,5963156.1482,,
12903,1959969.889,5963156.1482,1969969.889,5953156.1482,,
12904,1959969.889,5953156.1482,1969969.889,5943156.1482,,
12905,1959969.889,5943156.1482,1969969.889,5933156.1482,,
12906,1959969.889,5933156.1482,1969969.889,5923156.1482,,
12907,1959969.889,5923156.1482,1969969.889,5913156.1482,,
12908,1959969.889,5913156.1482,1969969.889,5903156.1482,,
12909,1959969.889,5903156.1482,1969969.889,5893156.1482,,
12910,1959969.889,5893156.1482,1969969.889,5883156.1482,,
12911,1959969.889,5883156.1482,1969969.889,5873156.1482,,
12912,1959969.889,5873156.1482,1969969.889,5863156.1482,,
12913,1959969.889,5863156.1482,1969969.889,5853156.1482,,
12914,1959969.889,5853156.1482,1969969.889,5843156.1482,,
12915,1959969.889,5843156.1482,1969969.889,5833156.1482,3263006.5018,1359698.824
12916,1959969.889,5833156.1482,1969969.889,5823156.1482,,
12917,1959969.889,5823156.1482,1969969.889,5813156.1482,,
12918,1959969.889,5813156.1482,1969969.889,5803156.1482,,
12919,1959969.889,5803156.1482,1969969.889,5793156.1482,,
12920,1959969.889,5793156.1482,1969969.889,5783156.1482,2725345493.423,1834481997.102
12921,1959969.889,5783156.1482,1969969.889,5773156.1482,1485652772.0053,1167384510.818
12922,1959969.889,5773156.1482,1969969.889,5763156.1482,97028093.2695,100266784.23
12923,1959969.889,5763156.1482,1969969.889,5753156.1482,100285546.6498,109527998.174
12924,1959969.889,5753156.1482,1969969.889,5743156.1482,142825097.799,161463469.901
12925,1959969.889,5743156.1482,1969969.889,5733156.1482,108730178.2675,119834858.997
12926,1959969.889,5733156.1482,1969969.889,5723156.1482,100842672.6901,111508057.876
12927,1959969.889,5723156.1482,1969969.889,5713156.1482,59680333.0841,56907421.064
12928,1959969.889,5713156.1482,1969969.889,5703156.1482,46215855.5042,31860628.6
12929,1959969.889,5703156.1482,1969969.889,5693156.1482,47852288.678,35276363.488
12930,1959969.889,5693156.1482,1969969.889,5683156.1482,56405463.2037,49404189.447
12931,1959969.889,5683156.1482,1969969.889,5673156.1482,61069580.3112,57444107.639
12932,1959969.889,5673156.1482,1969969.889,5663156.1482,60611013.0525,57049732.703
12933,1959969.889,5663156.1482,1969969.889,5653156.1482,7685632.7663,7234053.234
12934,1959969.889,5653156.1482,1969969.889,5643156.1482,,
12935,1959969.889,5643156.1482,1969969.889,5633156.1482,,
12936,1959969.889,5633156.1482,1969969.889,5623156.1482,,
12937,1959969.889,5623156.1482,1969969.889,5613156.1482,,
12938,1959969.889,5613156.1482,1969969.889,5603156.1482,,
12939,1959969.889,5603156.1482,1969969.889,5593156.1482,,
12940,1959969.889,5593156.1482,1969969.889,5583156.1482,,
12941,1959969.889,5583156.1482,1969969.889,5573156.1482,,
12942,1959969.889,5573156.1482,1969969.889,5563156.1482,,
12943,1959969.889,5563156.1482,1969969.889,5553156.1482,,
12944,1959969.889,5553156.1482,1969969.889,5543156.1482,,
12945,1959969.889,5543156.1482,1969969.889,5533156.1482,,
12946,1959969.889,5533156.1482,1969969.889,5523156.1482,,
12947,1959969.889,5523156.1482,1969969.889,5513156.1482,,
12948,1959969.889,5513156.1482,1969969.889,5503156.1482,,
12949,1959969.889,5503156.1482,1969969.889,5493156.1482,,
12950,1959969.889,5493156.1482,1969969.889,5483156.1482,,
12951,1959969.889,5483156.1482,1969969.889,5473156.1482,,
12952,1959969.889,5473156.1482,1969969.889,5463156.1482,,
12953,1959969.889,5463156.1482,1969969.889,5453156.1482,,
12954,1959969.889,5453156.1482,1969969.889,5443156.1482,,
12955,1959969.889,5443156.1482,1969969.889,5433156.1482,,
12956,1959969.889,5433156.1482,1969969.889,5423156.1482,,
12957,1959969.889,5423156.1482,1969969.889,5413156.1482,,
12958,1959969.889,5413156.1482,1969969.889,5403156.1482,,
12959,1959969.889,5403156.1482,1969969.889,5393156.1482,,
12960,1959969.889,5393156.1482,1969969.889,5383156.1482,,
12961,1959969.889,5383156.1482,1969969.889,5373156.1482,,
12962,1959969.889,5373156.1482,1969969.889,5363156.1482,,
12963,1959969.889,5363156.1482,1969969.889,5353156.1482,,
12964,1959969.889,5353156.1482,1969969.889,5343156.1482,,
12965,1959969.889,5343156.1482,1969969.889,5333156.1482,,
12966,1959969.889,5333156.1482,1969969.889,5323156.1482,,
12967,1959969.889,5323156.1482,1969969.889,5313156.1482,,
12968,1959969.889,5313156.1482,1969969.889,5303156.1482,,
12969,1959969.889,5303156.1482,1969969.889,5293156.1482,,
12970,1959969.889,5293156.1482,1969969.889,5283156.1482,,
12971,1959969.889,5283156.1482,1969969.889,5273156.1482,,
12972,1959969.889,5273156.1482,1969969.889,5263156.1482,,
12973,1959969.889,5263156.1482,1969969.889,5253156.1482,,
12974,1959969.889,5253156.1482,1969969.889,5243156.1482,,
12975,1959969.889,5243156.1482,1969969.889,5233156.1482,,
12976,1959969.889,5233156.1482,1969969.889,5223156.1482,,
12977,1959969.889,5223156.1482,1969969.889,5213156.1482,,
12978,1959969.889,5213156.1482,1969969.889,5203156.1482,,
12979,1959969.889,5203156.1482,1969969.889,5193156.1482,,
12980,1959969.889,5193156.1482,1969969.889,5183156.1482,,
12981,1959969.889,5183156.1482,1969969.889,5173156.1482,,
12982,1959969.889,5173156.1482,1969969.889,5163156.1482,,
12983,1959969.889,5163156.1482,1969969.889,5153156.1482,,
12984,1959969.889,5153156.1482,1969969.889,5143156.1482,,
12985,1959969.889,5143156.1482,1969969.889,5133156.1482,,
12986,1959969.889,5133156.1482,1969969.889,5123156.1482,,
12987,1959969.889,5123156.1482,1969969.889,5113156.1482,,
12988,1959969.889,5113156.1482,1969969.889,5103156.1482,,
12989,1959969.889,5103156.1482,1969969.889,5093156.1482,,
12990,1959969.889,5093156.1482,1969969.889,5083156.1482,,
12991,1959969.889,5083156.1482,1969969.889,5073156.1482,,
12992,1959969.889,5073156.1482,1969969.889,5063156.1482,,
12993,1959969.889,5063156.1482,1969969.889,5053156.1482,,
12994,1959969.889,5053156.1482,1969969.889,5043156.1482,,
12995,1959969.889,5043156.1482,1969969.889,5033156.1482,,
12996,1959969.889,5033156.1482,1969969.889,5023156.1482,,
12997,1959969.889,5023156.1482,1969969.889,5013156.1482,,
12998,1959969.889,5013156.1482,1969969.889,5003156.1482,,
12999,1959969.889,5003156.1482,1969969.889,4993156.1482,,
13000,1959969.889,4993156.1482,1969969.889,4983156.1482,,
13001,1959969.889,4983156.1482,1969969.889,4973156.1482,,
13002,1959969.889,4973156.1482,1969969.889,4963156.1482,,
13003,1959969.889,4963156.1482,1969969.889,4953156.1482,,
13004,1959969.889,4953156.1482,1969969.889,4943156.1482,,
13005,1959969.889,4943156.1482,1969969.889,4933156.1482,,
13006,1959969.889,4933156.1482,1969969.889,4923156.1482,,
13007,1959969.889,4923156.1482,1969969.889,4913156.1482,,
13008,1959969.889,4913156.1482,1969969.889,4903156.1482,,
13009,1959969.889,4903156.1482,1969969.889,4893156.1482,,
13010,1959969.889,4893156.1482,1969969.889,4883156.1482,,
13011,1959969.889,4883156.1482,1969969.889,4873156.1482,,
13012,1959969.889,4873156.1482,1969969.889,4863156.1482,,
13013,1959969.889,4863156.1482,1969969.889,4853156.1482,,
13014,1959969.889,4853156.1482,1969969.889,4843156.1482,,
13015,1959969.889,4843156.1482,1969969.889,4833156.1482,,
13016,1959969.889,4833156.1482,1969969.889,4823156.1482,,
13017,1959969.889,4823156.1482,1969969.889,4813156.1482,,
13018,1959969.889,4813156.1482,1969969.889,4803156.1482,,
13019,1959969.889,4803156.1482,1969969.889,4793156.1482,,
13020,1959969.889,4793156.1482,1969969.889,4783156.1482,,
13021,1959969.889,4783156.1482,1969969.889,4773156.1482,,
13022,1959969.889,4773156.1482,1969969.889,4763156.1482,,
13023,1959969.889,4763156.1482,1969969.889,4753156.1482,,
13024,1959969.889,4753156.1482,1969969.889,4743156.1482,,
13025,1969969.889,6223156.1482,1979969.889,6213156.1482,,
13026,1969969.889,6213156.1482,1979969.889,6203156.1482,,
13027,1969969.889,6203156.1482,1979969.889,6193156.1482,,
13028,1969969.889,6193156.1482,1979969.889,6183156.1482,,
13029,1969969.889,6183156.1482,1979969.889,6173156.1482,,
13030,1969969.889,6173156.1482,1979969.889,6163156.1482,,
13031,1969969.889,6163156.1482,1979969.889,6153156.1482,,
13032,1969969.889,6153156.1482,1979969.889,6143156.1482,,
13033,1969969.889,6143156.1482,1979969.889,6133156.1482,,
13034,1969969.889,6133156.1482,1979969.889,6123156.1482,,
13035,1969969.889,6123156.1482,1979969.889,6113156.1482,,
13036,1969969.889,6113156.1482,1979969.889,6103156.1482,,
13037,1969969.889,6103156.1482,1979969.889,6093156.1482,,
13038,1969969.889,6093156.1482,1979969.889,6083156.1482,,
13039,1969969.889,6083156.1482,1979969.889,6073156.1482,,
13040,1969969.889,6073156.1482,1979969.889,6063156.1482,,
13041,1969969.889,6063156.1482,1979969.889,6053156.1482,,
13042,1969969.889,6053156.1482,1979969.889,6043156.1482,,
13043,1969969.889,6043156.1482,1979969.889,6033156.1482,,
13044,1969969.889,6033156.1482,1979969.889,6023156.1482,,
13045,1969969.889,6023156.1482,1979969.889,6013156.1482,,
13046,1969969.889,6013156.1482,1979969.889,6003156.1482,,
13047,1969969.889,6003156.1482,1979969.889,5993156.1482,,
13048,1969969.889,5993156.1482,1979969.889,5983156.1482,,
13049,1969969.889,5983156.1482,1979969.889,5973156.1482,,
13050,1969969.889,5973156.1482,1979969.889,5963156.1482,,
13051,1969969.889,5963156.1482,1979969.889,5953156.1482,,
13052,1969969.889,5953156.1482,1979969.889,5943156.1482,,
13053,1969969.889,5943156.1482,1979969.889,5933156.1482,,
13054,1969969.889,5933156.1482,1979969.889,5923156.1482,,
13055,1969969.889,5923156.1482,1979969.889,5913156.1482,,
13056,1969969.889,5913156.1482,1979969.889,5903156.1482,,
13057,1969969.889,5903156.1482,1979969.889,5893156.1482,,
13058,1969969.889,5893156.1482,1979969.889,5883156.1482,,
13059,1969969.889,5883156.1482,1979969.889,5873156.1482,,
13060,1969969.889,5873156.1482,1979969.889,5863156.1482,,
13061,1969969.889,5863156.1482,1979969.889,5853156.1482,,
13062,1969969.889,5853156.1482,1979969.889,5843156.1482,,
13063,1969969.889,5843156.1482,1979969.889,5833156.1482,1297480.3471,540661.657
13064,1969969.889,5833156.1482,1979969.889,5823156.1482,,
13065,1969969.889,5823156.1482,1979969.889,5813156.1482,,
13066,1969969.889,5813156.1482,1979969.889,5803156.1482,,
13067,1969969.889,5803156.1482,1979969.889,5793156.1482,,
13068,1969969.889,5793156.1482,1979969.889,5783156.1482,3449930684.1966,3450401667.451
13069,1969969.889,5783156.1482,1979969.889,5773156.1482,2056638433.357,1834666228.167
13070,1969969.889,5773156.1482,1979969.889,5763156.1482,33610395.2297,28125019.154
13071,1969969.889,5763156.1482,1979969.889,5753156.1482,33628174.235,28146690.994
13072,1969969.889,5753156.1482,1979969.889,5743156.1482,34725522.194,29486294.638
13073,1969969.889,5743156.1482,1979969.889,5733156.1482,87994527.2674,83740780.876
13074,1969969.889,5733156.1482,1979969.889,5723156.1482,83950513.5786,86150773.343
13075,1969969.889,5723156.1482,1979969.889,5713156.1482,64349536.4936,66836050.77
13076,1969969.889,5713156.1482,1979969.889,5703156.1482,46436158.135,32264966.633
13077,1969969.889,5703156.1482,1979969.889,5693156.1482,46236757.0279,31875037.848
13078,1969969.889,5693156.1482,1979969.889,5683156.1482,46539848.0986,32397115.222
13079,1969969.889,5683156.1482,1979969.889,5673156.1482,56604740.2107,49753403.597
13080,1969969.889,5673156.1482,1979969.889,5663156.1482,57990148.7368,52768946.206
13081,1969969.889,5663156.1482,1979969.889,5653156.1482,,
13082,1969969.889,5653156.1482,1979969.889,5643156.1482,,
13083,1969969.889,5643156.1482,1979969.889,5633156.1482,,
13084,1969969.889,5633156.1482,1979969.889,5623156.1482,,
13085,1969969.889,5623156.1482,1979969.889,5613156.1482,,
13086,1969969.889,5613156.1482,1979969.889,5603156.1482,,
13087,1969969.889,5603156.1482,1979969.889,5593156.1482,,
13088,1969969.889,5593156.1482,1979969.889,5583156.1482,,
13089,1969969.889,5583156.1482,1979969.889,5573156.1482,,
13090,1969969.889,5573156.1482,1979969.889,5563156.1482,,
13091,1969969.889,5563156.1482,1979969.889,5553156.1482,,
13092,1969969.889,5553156.1482,1979969.889,5543156.1482,,
13093,1969969.889,5543156.1482,1979969.889,5533156.1482,,
13094,1969969.889,5533156.1482,1979969.889,5523156.1482,,
13095,1969969.889,5523156.1482,1979969.889,5513156.1482,,
13096,1969969.889,5513156.1482,1979969.889,5503156.1482,,
13097,1969969.889,5503156.1482,1979969.889,5493156.1482,,
13098,1969969.889,5493156.1482,1979969.889,5483156.1482,,
13099,1969969.889,5483156.1482,1979969.889,5473156.1482,,
13100,1969969.889,5473156.1482,1979969.889,5463156.1482,,
13101,1969969.889,5463156.1482,1979969.889,5453156.1482,,
13102,1969969.889,5453156.1482,1979969.889,5443156.1482,,
13103,1969969.889,5443156.1482,1979969.889,5433156.1482,,
13104,1969969.889,5433156.1482,1979969.889,5423156.1482,,
13105,1969969.889,5423156.1482,1979969.889,5413156.1482,,
13106,1969969.889,5413156.1482,1979969.889,5403156.1482,,
13107,1969969.889,5403156.1482,1979969.889,5393156.1482,,
13108,1969969.889,5393156.1482,1979969.889,5383156.1482,,
13109,1969969.889,5383156.1482,1979969.889,5373156.1482,,
13110,1969969.889,5373156.1482,1979969.889,5363156.1482,,
13111,1969969.889,5363156.1482,1979969.889,5353156.1482,,
13112,1969969.889,5353156.1482,1979969.889,5343156.1482,,
13113,1969969.889,5343156.1482,1979969.889,5333156.1482,,
13114,1969969.889,5333156.1482,1979969.889,5323156.1482,,
13115,1969969.889,5323156.1482,1979969.889,5313156.1482,,
13116,1969969.889,5313156.1482,1979969.889,5303156.1482,,
13117,1969969.889,5303156.1482,1979969.889,5293156.1482,,
13118,1969969.889,5293156.1482,1979969.889,5283156.1482,,
13119,1969969.889,5283156.1482,1979969.889,5273156.1482,,
13120,1969969.889,5273156.1482,1979969.889,5263156.1482,,
13121,1969969.889,5263156.1482,1979969.889,5253156.1482,,
13122,1969969.889,5253156.1482,1979969.889,5243156.1482,,
13123,1969969.889,5243156.1482,1979969.889,5233156.1482,,
13124,1969969.889,5233156.1482,1979969.889,5223156.1482,,
13125,1969969.889,5223156.1482,1979969.889,5213156.1482,,
13126,1969969.889,5213156.1482,1979969.889,5203156.1482,,
13127,1969969.889,5203156.1482,1979969.889,5193156.1482,,
13128,1969969.889,5193156.1482,1979969.889,5183156.1482,,
13129,1969969.889,5183156.1482,1979969.889,5173156.1482,,
13130,1969969.889,5173156.1482,1979969.889,5163156.1482,,
13131,1969969.889,5163156.1482,1979969.889,5153156.1482,,
13132,1969969.889,5153156.1482,1979969.889,5143156.1482,,
13133,1969969.889,5143156.1482,1979969.889,5133156.1482,,
13134,1969969.889,5133156.1482,1979969.889,5123156.1482,,
13135,1969969.889,5123156.1482,1979969.889,5113156.1482,,
13136,1969969.889,5113156.1482,1979969.889,5103156.1482,,
13137,1969969.889,5103156.1482,1979969.889,5093156.1482,,
13138,1969969.889,5093156.1482,1979969.889,5083156.1482,,
13139,1969969.889,5083156.1482,1979969.889,5073156.1482,,
13140,1969969.889,5073156.1482,1979969.889,5063156.1482,,
13141,1969969.889,5063156.1482,1979969.889,5053156.1482,,
13142,1969969.889,5053156.1482,1979969.889,5043156.1482,,
13143,1969969.889,5043156.1482,1979969.889,5033156.1482,,
13144,1969969.889,5033156.1482,1979969.889,5023156.1482,,
13145,1969969.889,5023156.1482,1979969.889,5013156.1482,,
13146,1969969.889,5013156.1482,1979969.889,5003156.1482,,
13147,1969969.889,5003156.1482,1979969.889,4993156.1482,,
13148,1969969.889,4993156.1482,1979969.889,4983156.1482,,
13149,1969969.889,4983156.1482,1979969.889,4973156.1482,,
13150,1969969.889,4973156.1482,1979969.889,4963156.1482,,
13151,1969969.889,4963156.1482,1979969.889,4953156.1482,,
13152,1969969.889,4953156.1482,1979969.889,4943156.1482,,
13153,1969969.889,4943156.1482,1979969.889,4933156.1482,,
13154,1969969.889,4933156.1482,1979969.889,4923156.1482,,
13155,1969969.889,4923156.1482,1979969.889,4913156.1482,,
13156,1969969.889,4913156.1482,1979969.889,4903156.1482,,
13157,1969969.889,4903156.1482,1979969.889,4893156.1482,,
13158,1969969.889,4893156.1482,1979969.889,4883156.1482,,
13159,1969969.889,4883156.1482,1979969.889,4873156.1482,,
13160,1969969.889,4873156.1482,1979969.889,4863156.1482,,
13161,1969969.889,4863156.1482,1979969.889,4853156.1482,,
13162,1969969.889,4853156.1482,1979969.889,4843156.1482,,
13163,1969969.889,4843156.1482,1979969.889,4833156.1482,,
13164,1969969.889,4833156.1482,1979969.889,4823156.1482,,
13165,1969969.889,4823156.1482,1979969.889,4813156.1482,,
13166,1969969.889,4813156.1482,1979969.889,4803156.1482,,
13167,1969969.889,4803156.1482,1979969.889,4793156.1482,,
13168,1969969.889,4793156.1482,1979969.889,4783156.1482,,
13169,1969969.889,4783156.1482,1979969.889,4773156.1482,,
13170,1969969.889,4773156.1482,1979969.889,4763156.1482,,
13171,1969969.889,4763156.1482,1979969.889,4753156.1482,,
13172,1969969.889,4753156.1482,1979969.889,4743156.1482,,
13173,1979969.889,6223156.1482,1989969.889,6213156.1482,,
13174,1979969.889,6213156.1482,1989969.889,6203156.1482,,
13175,1979969.889,6203156.1482,1989969.889,6193156.1482,,
13176,1979969.889,6193156.1482,1989969.889,6183156.1482,,
13177,1979969.889,6183156.1482,1989969.889,6173156.1482,,
13178,1979969.889,6173156.1482,1989969.889,6163156.1482,,
13179,1979969.889,6163156.1482,1989969.889,6153156.1482,,
13180,1979969.889,6153156.1482,1989969.889,6143156.1482,,
13181,1979969.889,6143156.1482,1989969.889,6133156.1482,,
13182,1979969.889,6133156.1482,1989969.889,6123156.1482,,
13183,1979969.889,6123156.1482,1989969.889,6113156.1482,,
13184,1979969.889,6113156.1482,1989969.889,6103156.1482,,
13185,1979969.889,6103156.1482,1989969.889,6093156.1482,,
13186,1979969.889,6093156.1482,1989969.889,6083156.1482,,
13187,1979969.889,6083156.1482,1989969.889,6073156.1482,,
13188,1979969.889,6073156.1482,1989969.889,6063156.1482,,
13189,1979969.889,6063156.1482,1989969.889,6053156.1482,,
13190,1979969.889,6053156.1482,1989969.889,6043156.1482,,
13191,1979969.889,6043156.1482,1989969.889,6033156.1482,,
13192,1979969.889,6033156.1482,1989969.889,6023156.1482,,
13193,1979969.889,6023156.1482,1989969.889,6013156.1482,,
13194,1979969.889,6013156.1482,1989969.889,6003156.1482,,
13195,1979969.889,6003156.1482,1989969.889,5993156.1482,,
13196,1979969.889,5993156.1482,1989969.889,5983156.1482,,
13197,1979969.889,5983156.1482,1989969.889,5973156.1482,,
13198,1979969.889,5973156.1482,1989969.889,5963156.1482,,
13199,1979969.889,5963156.1482,1989969.889,5953156.1482,,
13200,1979969.889,5953156.1482,1989969.889,5943156.1482,,
13201,1979969.889,5943156.1482,1989969.889,5933156.1482,,
13202,1979969.889,5933156.1482,1989969.889,5923156.1482,,
13203,1979969.889,5923156.1482,1989969.889,5913156.1482,,
13204,1979969.889,5913156.1482,1989969.889,5903156.1482,,
13205,1979969.889,5903156.1482,1989969.889,5893156.1482,,
13206,1979969.889,5893156.1482,1989969.889,5883156.1482,,
13207,1979969.889,5883156.1482,1989969.889,5873156.1482,,
13208,1979969.889,5873156.1482,1989969.889,5863156.1482,,
13209,1979969.889,5863156.1482,1989969.889,5853156.1482,,
13210,1979969.889,5853156.1482,1989969.889,5843156.1482,,
13211,1979969.889,5843156.1482,1989969.889,5833156.1482,,
13212,1979969.889,5833156.1482,1989969.889,5823156.1482,,
13213,1979969.889,5823156.1482,1989969.889,5813156.1482,,
13214,1979969.889,5813156.1482,1989969.889,5803156.1482,,
13215,1979969.889,5803156.1482,1989969.889,5793156.1482,,
13216,1979969.889,5793156.1482,1989969.889,5783156.1482,410718593.2335,366653487.998
13217,1979969.889,5783156.1482,1989969.889,5773156.1482,431330564.0452,384027500.702
13218,1979969.889,5773156.1482,1989969.889,5763156.1482,33604109.6229,28119759.388
13219,1979969.889,5763156.1482,1989969.889,5753156.1482,33604112.3005,28119761.628
13220,1979969.889,5753156.1482,1989969.889,5743156.1482,49483777.2898,44359118.214
13221,1979969.889,5743156.1482,1989969.889,5733156.1482,107532096.4317,103722333.036
13222,1979969.889,5733156.1482,1989969.889,5723156.1482,83067309.9881,86594633.357
13223,1979969.889,5723156.1482,1989969.889,5713156.1482,66062156.1992,70153206.82
13224,1979969.889,5713156.1482,1989969.889,5703156.1482,54564762.5175,47964971.102
13225,1979969.889,5703156.1482,1989969.889,5693156.1482,47011787.2017,33384074.792
13226,1979969.889,5693156.1482,1989969.889,5683156.1482,46228114.8624,31869080.048
13227,1979969.889,5683156.1482,1989969.889,5673156.1482,93697548.7882,70008451.605
13228,1979969.889,5673156.1482,1989969.889,5663156.1482,3446439395.7174,3447261122.296
13229,1979969.889,5663156.1482,1989969.889,5653156.1482,,
13230,1979969.889,5653156.1482,1989969.889,5643156.1482,,
13231,1979969.889,5643156.1482,1989969.889,5633156.1482,,
13232,1979969.889,5633156.1482,1989969.889,5623156.1482,,
13233,1979969.889,5623156.1482,1989969.889,5613156.1482,,
13234,1979969.889,5613156.1482,1989969.889,5603156.1482,,
13235,1979969.889,5603156.1482,1989969.889,5593156.1482,,
13236,1979969.889,5593156.1482,1989969.889,5583156.1482,,
13237,1979969.889,5583156.1482,1989969.889,5573156.1482,,
13238,1979969.889,5573156.1482,1989969.889,5563156.1482,,
13239,1979969.889,5563156.1482,1989969.889,5553156.1482,,
13240,1979969.889,5553156.1482,1989969.889,5543156.1482,,
13241,1979969.889,5543156.1482,1989969.889,5533156.1482,,
13242,1979969.889,5533156.1482,1989969.889,5523156.1482,,
13243,1979969.889,5523156.1482,1989969.889,5513156.1482,,
13244,1979969.889,5513156.1482,1989969.889,5503156.1482,,
13245,1979969.889,5503156.1482,1989969.889,5493156.1482,,
13246,1979969.889,5493156.1482,1989969.889,5483156.1482,,
13247,1979969.889,5483156.1482,1989969.889,5473156.1482,,
13248,1979969.889,5473156.1482,1989969.889,5463156.1482,,
13249,1979969.889,5463156.1482,1989969.889,5453156.1482,,
13250,1979969.889,5453156.1482,1989969.889,5443156.1482,,
13251,1979969.889,5443156.1482,1989969.889,5433156.1482,,
13252,1979969.889,5433156.1482,1989969.889,5423156.1482,,
13253,1979969.889,5423156.1482,1989969.889,5413156.1482,,
13254,1979969.889,5413156.1482,1989969.889,5403156.1482,,
13255,1979969.889,5403156.1482,1989969.889,5393156.1482,,
13256,1979969.889,5393156.1482,1989969.889,5383156.1482,,
13257,1979969.889,5383156.1482,1989969.889,5373156.1482,,
13258,1979969.889,5373156.1482,1989969.889,5363156.1482,,
13259,1979969.889,5363156.1482,1989969.889,5353156.1482,,
13260,1979969.889,5353156.1482,1989969.889,5343156.1482,,
13261,1979969.889,5343156.1482,1989969.889,5333156.1482,,
13262,1979969.889,5333156.1482,1989969.889,5323156.1482,,
13263,1979969.889,5323156.1482,1989969.889,5313156.1482,,
13264,1979969.889,5313156.1482,1989969.889,5303156.1482,,
13265,1979969.889,5303156.1482,1989969.889,5293156.1482,,
13266,1979969.889,5293156.1482,1989969.889,5283156.1482,,
13267,1979969.889,5283156.1482,1989969.889,5273156.1482,,
13268,1979969.889,5273156.1482,1989969.889,5263156.1482,,
13269,1979969.889,5263156.1482,1989969.889,5253156.1482,,
13270,1979969.889,5253156.1482,1989969.889,5243156.1482,,
13271,1979969.889,5243156.1482,1989969.889,5233156.1482,,
13272,1979969.889,5233156.1482,1989969.889,5223156.1482,,
13273,1979969.889,5223156.1482,1989969.889,5213156.1482,,
13274,1979969.889,5213156.1482,1989969.889,5203156.1482,,
13275,1979969.889,5203156.1482,1989969.889,5193156.1482,,
13276,1979969.889,5193156.1482,1989969.889,5183156.1482,,
13277,1979969.889,5183156.1482,1989969.889,5173156.1482,,
13278,1979969.889,5173156.1482,1989969.889,5163156.1482,,
13279,1979969.889,5163156.1482,1989969.889,5153156.1482,,
13280,1979969.889,5153156.1482,1989969.889,5143156.1482,,
13281,1979969.889,5143156.1482,1989969.889,5133156.1482,,
13282,1979969.889,5133156.1482,1989969.889,5123156.1482,,
13283,1979969.889,5123156.1482,1989969.889,5113156.1482,,
13284,1979969.889,5113156.1482,1989969.889,5103156.1482,,
13285,1979969.889,5103156.1482,1989969.889,5093156.1482,,
13286,1979969.889,5093156.1482,1989969.889,5083156.1482,,
13287,1979969.889,5083156.1482,1989969.889,5073156.1482,,
13288,1979969.889,5073156.1482,1989969.889,5063156.1482,,
13289,1979969.889,5063156.1482,1989969.889,5053156.1482,,
13290,1979969.889,5053156.1482,1989969.889,5043156.1482,,
13291,1979969.889,5043156.1482,1989969.889,5033156.1482,,
13292,1979969.889,5033156.1482,1989969.889,5023156.1482,,
13293,1979969.889,5023156.1482,1989969.889,5013156.1482,,
13294,1979969.889,5013156.1482,1989969.889,5003156.1482,,
13295,1979969.889,5003156.1482,1989969.889,4993156.1482,,
13296,1979969.889,4993156.1482,1989969.889,4983156.1482,,
13297,1979969.889,4983156.1482,1989969.889,4973156.1482,,
13298,1979969.889,4973156.1482,1989969.889,4963156.1482,,
13299,1979969.889,4963156.1482,1989969.889,4953156.1482,,
13300,1979969.889,4953156.1482,1989969.889,4943156.1482,,
13301,1979969.889,4943156.1482,1989969.889,4933156.1482,,
13302,1979969.889,4933156.1482,1989969.889,4923156.1482,,
13303,1979969.889,4923156.1482,1989969.889,4913156.1482,,
13304,1979969.889,4913156.1482,1989969.889,4903156.1482,,
13305,1979969.889,4903156.1482,1989969.889,4893156.1482,,
13306,1979969.889,4893156.1482,1989969.889,4883156.1482,,
13307,1979969.889,4883156.1482,1989969.889,4873156.1482,,
13308,1979969.889,4873156.1482,1989969.889,4863156.1482,,
13309,1979969.889,4863156.1482,1989969.889,4853156.1482,,
13310,1979969.889,4853156.1482,1989969.889,4843156.1482,,
13311,1979969.889,4843156.1482,1989969.889,4833156.1482,,
13312,1979969.889,4833156.1482,1989969.889,4823156.1482,,
13313,1979969.889,4823156.1482,1989969.889,4813156.1482,,
13314,1979969.889,4813156.1482,1989969.889,4803156.1482,,
13315,1979969.889,4803156.1482,1989969.889,4793156.1482,,
13316,1979969.889,4793156.1482,1989969.889,4783156.1482,,
13317,1979969.889,4783156.1482,1989969.889,4773156.1482,,
13318,1979969.889,4773156.1482,1989969.889,4763156.1482,,
13319,1979969.889,4763156.1482,1989969.889,4753156.1482,,
13320,1979969.889,4753156.1482,1989969.889,4743156.1482,,
13321,1989969.889,6223156.1482,1999969.889,6213156.1482,,
13322,1989969.889,6213156.1482,1999969.889,6203156.1482,,
13323,1989969.889,6203156.1482,1999969.889,6193156.1482,,
13324,1989969.889,6193156.1482,1999969.889,6183156.1482,,
13325,1989969.889,6183156.1482,1999969.889,6173156.1482,,
13326,1989969.889,6173156.1482,1999969.889,6163156.1482,,
13327,1989969.889,6163156.1482,1999969.889,6153156.1482,,
13328,1989969.889,6153156.1482,1999969.889,6143156.1482,,
13329,1989969.889,6143156.1482,1999969.889,6133156.1482,,
13330,1989969.889,6133156.1482,1999969.889,6123156.1482,,
13331,1989969.889,6123156.1482,1999969.889,6113156.1482,,
13332,1989969.889,6113156.1482,1999969.889,6103156.1482,,
13333,1989969.889,6103156.1482,1999969.889,6093156.1482,,
13334,1989969.889,6093156.1482,1999969.889,6083156.1482,,
13335,1989969.889,6083156.1482,1999969.889,6073156.1482,,
13336,1989969.889,6073156.1482,1999969.889,6063156.1482,,
13337,1989969.889,6063156.1482,1999969.889,6053156.1482,,
13338,1989969.889,6053156.1482,1999969.889,6043156.1482,,
13339,1989969.889,6043156.1482,1999969.889,6033156.1482,,
13340,1989969.889,6033156.1482,1999969.889,6023156.1482,,
13341,1989969.889,6023156.1482,1999969.889,6013156.1482,,
13342,1989969.889,6013156.1482,1999969.889,6003156.1482,,
13343,1989969.889,6003156.1482,1999969.889,5993156.1482,,
13344,1989969.889,5993156.1482,1999969.889,5983156.1482,,
13345,1989969.889,5983156.1482,1999969.889,5973156.1482,,
13346,1989969.889,5973156.1482,1999969.889,5963156.1482,,
13347,1989969.889,5963156.1482,1999969.889,5953156.1482,,
13348,1989969.889,5953156.1482,1999969.889,5943156.1482,,
13349,1989969.889,5943156.1482,1999969.889,5933156.1482,,
13350,1989969.889,5933156.1482,1999969.889,5923156.1482,,
13351,1989969.889,5923156.1482,1999969.889,5913156.1482,,
13352,1989969.889,5913156.1482,1999969.889,5903156.1482,,
13353,1989969.889,5903156.1482,1999969.889,5893156.1482,,
13354,1989969.889,5893156.1482,1999969.889,5883156.1482,,
13355,1989969.889,5883156.1482,1999969.889,5873156.1482,,
13356,1989969.889,5873156.1482,1999969.889,5863156.1482,,
13357,1989969.889,5863156.1482,1999969.889,5853156.1482,,
13358,1989969.889,5853156.1482,1999969.889,5843156.1482,,
13359,1989969.889,5843156.1482,1999969.889,5833156.1482,,
13360,1989969.889,5833156.1482,1999969.889,5823156.1482,,
13361,1989969.889,5823156.1482,1999969.889,5813156.1482,,
13362,1989969.889,5813156.1482,1999969.889,5803156.1482,,
13363,1989969.889,5803156.1482,1999969.889,5793156.1482,576011.993,182400.68
13364,1989969.889,5793156.1482,1999969.889,5783156.1482,62021689.8993,42552796.66
13365,1989969.889,5783156.1482,1999969.889,5773156.1482,33168967.8413,25412906.189
13366,1989969.889,5773156.1482,1999969.889,5763156.1482,33597660.2736,28114362.603
13367,1989969.889,5763156.1482,1999969.889,5753156.1482,73708443.4828,69133357.912
13368,1989969.889,5753156.1482,1999969.889,5743156.1482,101106782.1951,97152877.191
13369,1989969.889,5743156.1482,1999969.889,5733156.1482,107542447.439,103734047.057
13370,1989969.889,5733156.1482,1999969.889,5723156.1482,90752329.7731,91972570.895
13371,1989969.889,5723156.1482,1999969.889,5713156.1482,69727634.794,77244740.404
13372,1989969.889,5713156.1482,1999969.889,5703156.1482,69727640.1739,77244746.364
13373,1989969.889,5703156.1482,1999969.889,5693156.1482,63244308.2695,64726484.625
13374,1989969.889,5693156.1482,1999969.889,5683156.1482,47021118.096,33413479.742
13375,1989969.889,5683156.1482,1999969.889,5673156.1482,210296099.4871,160312432.835
13376,1989969.889,5673156.1482,1999969.889,5663156.1482,308858471.737,239267236.141
13377,1989969.889,5663156.1482,1999969.889,5653156.1482,,
13378,1989969.889,5653156.1482,1999969.889,5643156.1482,,
13379,1989969.889,5643156.1482,1999969.889,5633156.1482,,
13380,1989969.889,5633156.1482,1999969.889,5623156.1482,,
13381,1989969.889,5623156.1482,1999969.889,5613156.1482,,
13382,1989969.889,5613156.1482,1999969.889,5603156.1482,,
13383,1989969.889,5603156.1482,1999969.889,5593156.1482,,
13384,1989969.889,5593156.1482,1999969.889,5583156.1482,,
13385,1989969.889,5583156.1482,1999969.889,5573156.1482,,
13386,1989969.889,5573156.1482,1999969.889,5563156.1482,,
13387,1989969.889,5563156.1482,1999969.889,5553156.1482,,
13388,1989969.889,5553156.1482,1999969.889,5543156.1482,,
13389,1989969.889,5543156.1482,1999969.889,5533156.1482,,
13390,1989969.889,5533156.1482,1999969.889,5523156.1482,,
13391,1989969.889,5523156.1482,1999969.889,5513156.1482,,
13392,1989969.889,5513156.1482,1999969.889,5503156.1482,,
13393,1989969.889,5503156.1482,1999969.889,5493156.1482,,
13394,1989969.889,5493156.1482,1999969.889,5483156.1482,,
13395,1989969.889,5483156.1482,1999969.889,5473156.1482,,
13396,1989969.889,5473156.1482,1999969.889,5463156.1482,,
13397,1989969.889,5463156.1482,1999969.889,5453156.1482,,
13398,1989969.889,5453156.1482,1999969.889,5443156.1482,,
13399,1989969.889,5443156.1482,1999969.889,5433156.1482,,
13400,1989969.889,5433156.1482,1999969.889,5423156.1482,,
13401,1989969.889,5423156.1482,1999969.889,5413156.1482,,
13402,1989969.889,5413156.1482,1999969.889,5403156.1482,,
13403,1989969.889,5403156.1482,1999969.889,5393156.1482,,
13404,1989969.889,5393156.1482,1999969.889,5383156.1482,,
13405,1989969.889,5383156.1482,1999969.889,5373156.1482,,
13406,1989969.889,5373156.1482,1999969.889,5363156.1482,,
13407,1989969.889,5363156.1482,1999969.889,5353156.1482,,
13408,1989969.889,5353156.1482,1999969.889,5343156.1482,,
13409,1989969.889,5343156.1482,1999969.889,5333156.1482,,
13410,1989969.889,5333156.1482,1999969.889,5323156.1482,,
13411,1989969.889,5323156.1482,1999969.889,5313156.1482,,
13412,1989969.889,5313156.1482,1999969.889,5303156.1482,,
13413,1989969.889,5303156.1482,1999969.889,5293156.1482,,
13414,1989969.889,5293156.1482,1999969.889,5283156.1482,,
13415,1989969.889,5283156.1482,1999969.889,5273156.1482,,
13416,1989969.889,5273156.1482,1999969.889,5263156.1482,,
13417,1989969.889,5263156.1482,1999969.889,5253156.1482,,
13418,1989969.889,5253156.1482,1999969.889,5243156.1482,,
13419,1989969.889,5243156.1482,1999969.889,5233156.1482,,
13420,1989969.889,5233156.1482,1999969.889,5223156.1482,,
13421,1989969.889,5223156.1482,1999969.889,5213156.1482,,
13422,1989969.889,5213156.1482,1999969.889,5203156.1482,,
13423,1989969.889,5203156.1482,1999969.889,5193156.1482,,
13424,1989969.889,5193156.1482,1999969.889,5183156.1482,,
13425,1989969.889,5183156.1482,1999969.889,5173156.1482,,
13426,1989969.889,5173156.1482,1999969.889,5163156.1482,,
13427,1989969.889,5163156.1482,1999969.889,5153156.1482,,
13428,1989969.889,5153156.1482,1999969.889,5143156.1482,,
13429,1989969.889,5143156.1482,1999969.889,5133156.1482,,
13430,1989969.889,5133156.1482,1999969.889,5123156.1482,,
13431,1989969.889,5123156.1482,1999969.889,5113156.1482,,
13432,1989969.889,5113156.1482,1999969.889,5103156.1482,,
13433,1989969.889,5103156.1482,1999969.889,5093156.1482,,
13434,1989969.889,5093156.1482,1999969.889,5083156.1482,,
13435,1989969.889,5083156.1482,1999969.889,5073156.1482,,
13436,1989969.889,5073156.1482,1999969.889,5063156.1482,,
13437,1989969.889,5063156.1482,1999969.889,5053156.1482,,
13438,1989969.889,5053156.1482,1999969.889,5043156.1482,,
13439,1989969.889,5043156.1482,1999969.889,5033156.1482,,
13440,1989969.889,5033156.1482,1999969.889,5023156.1482,,
13441,1989969.889,5023156.1482,1999969.889,5013156.1482,,
13442,1989969.889,5013156.1482,1999969.889,5003156.1482,,
13443,1989969.889,5003156.1482,1999969.889,4993156.1482,,
13444,1989969.889,4993156.1482,1999969.889,4983156.1482,,
13445,1989969.889,4983156.1482,1999969.889,4973156.1482,,
13446,1989969.889,4973156.1482,1999969.889,4963156.1482,,
13447,1989969.889,4963156.1482,1999969.889,4953156.1482,,
13448,1989969.889,4953156.1482,1999969.889,4943156.1482,,
13449,1989969.889,4943156.1482,1999969.889,4933156.1482,,
13450,1989969.889,4933156.1482,1999969.889,4923156.1482,,
13451,1989969.889,4923156.1482,1999969.889,4913156.1482,,
13452,1989969.889,4913156.1482,1999969.889,4903156.1482,,
13453,1989969.889,4903156.1482,1999969.889,4893156.1482,,
13454,1989969.889,4893156.1482,1999969.889,4883156.1482,,
13455,1989969.889,4883156.1482,1999969.889,4873156.1482,,
13456,1989969.889,4873156.1482,1999969.889,4863156.1482,,
13457,1989969.889,4863156.1482,1999969.889,4853156.1482,,
13458,1989969.889,4853156.1482,1999969.889,4843156.1482,,
13459,1989969.889,4843156.1482,1999969.889,4833156.1482,,
13460,1989969.889,4833156.1482,1999969.889,4823156.1482,,
13461,1989969.889,4823156.1482,1999969.889,4813156.1482,,
13462,1989969.889,4813156.1482,1999969.889,4803156.1482,,
13463,1989969.889,4803156.1482,1999969.889,4793156.1482,,
13464,1989969.889,4793156.1482,1999969.889,4783156.1482,,
13465,1989969.889,4783156.1482,1999969.889,4773156.1482,,
13466,1989969.889,4773156.1482,1999969.889,4763156.1482,,
13467,1989969.889,4763156.1482,1999969.889,4753156.1482,,
13468,1989969.889,4753156.1482,1999969.889,4743156.1482,,
13469,1999969.889,6223156.1482,2009969.889,6213156.1482,,
13470,1999969.889,6213156.1482,2009969.889,6203156.1482,,
13471,1999969.889,6203156.1482,2009969.889,6193156.1482,,
13472,1999969.889,6193156.1482,2009969.889,6183156.1482,,
13473,1999969.889,6183156.1482,2009969.889,6173156.1482,,
13474,1999969.889,6173156.1482,2009969.889,6163156.1482,,
13475,1999969.889,6163156.1482,2009969.889,6153156.1482,,
13476,1999969.889,6153156.1482,2009969.889,6143156.1482,,
13477,1999969.889,6143156.1482,2009969.889,6133156.1482,,
13478,1999969.889,6133156.1482,2009969.889,6123156.1482,,
13479,1999969.889,6123156.1482,2009969.889,6113156.1482,,
13480,1999969.889,6113156.1482,2009969.889,6103156.1482,,
13481,1999969.889,6103156.1482,2009969.889,6093156.1482,,
13482,1999969.889,6093156.1482,2009969.889,6083156.1482,,
13483,1999969.889,6083156.1482,2009969.889,6073156.1482,,
13484,1999969.889,6073156.1482,2009969.889,6063156.1482,,
13485,1999969.889,6063156.1482,2009969.889,6053156.1482,,
13486,1999969.889,6053156.1482,2009969.889,6043156.1482,,
13487,1999969.889,6043156.1482,2009969.889,6033156.1482,,
13488,1999969.889,6033156.1482,2009969.889,6023156.1482,,
13489,1999969.889,6023156.1482,2009969.889,6013156.1482,,
13490,1999969.889,6013156.1482,2009969.889,6003156.1482,,
13491,1999969.889,6003156.1482,2009969.889,5993156.1482,,
13492,1999969.889,5993156.1482,2009969.889,5983156.1482,,
13493,1999969.889,5983156.1482,2009969.889,5973156.1482,,
13494,1999969.889,5973156.1482,2009969.889,5963156.1482,,
13495,1999969.889,5963156.1482,2009969.889,5953156.1482,,
13496,1999969.889,5953156.1482,2009969.889,5943156.1482,,
13497,1999969.889,5943156.1482,2009969.889,5933156.1482,,
13498,1999969.889,5933156.1482,2009969.889,5923156.1482,,
13499,1999969.889,5923156.1482,2009969.889,5913156.1482,,
13500,1999969.889,5913156.1482,2009969.889,5903156.1482,,
13501,1999969.889,5903156.1482,2009969.889,5893156.1482,,
13502,1999969.889,5893156.1482,2009969.889,5883156.1482,,
13503,1999969.889,5883156.1482,2009969.889,5873156.1482,,
13504,1999969.889,5873156.1482,2009969.889,5863156.1482,,
13505,1999969.889,5863156.1482,2009969.889,5853156.1482,,
13506,1999969.889,5853156.1482,2009969.889,5843156.1482,,
13507,1999969.889,5843156.1482,2009969.889,5833156.1482,,
13508,1999969.889,5833156.1482,2009969.889,5823156.1482,,
13509,1999969.889,5823156.1482,2009969.889,5813156.1482,,
13510,1999969.889,5813156.1482,2009969.889,5803156.1482,2296978.7652,727364.175
13511,1999969.889,5803156.1482,2009969.889,5793156.1482,24120276.2053,7637956.902
13512,1999969.889,5793156.1482,2009969.889,5783156.1482,30690450.0669,9718476.393
13513,1999969.889,5783156.1482,2009969.889,5773156.1482,32246271.7472,19582747.357
13514,1999969.889,5773156.1482,2009969.889,5763156.1482,53721969.8103,48695395.916
13515,1999969.889,5763156.1482,2009969.889,5753156.1482,107012053.9434,103193232.208
13516,1999969.889,5753156.1482,2009969.889,5743156.1482,107521271.6983,103713621.213
13517,1999969.889,5743156.1482,2009969.889,5733156.1482,107521280.8689,103713630.058
13518,1999969.889,5733156.1482,2009969.889,5723156.1482,89088127.5464,90801115.815
13519,1999969.889,5723156.1482,2009969.889,5713156.1482,69713911.5118,77229537.66
13520,1999969.889,5713156.1482,2009969.889,5703156.1482,69713917.5606,77229544.361
13521,1999969.889,5703156.1482,2009969.889,5693156.1482,69713923.1526,77229550.556
13522,1999969.889,5693156.1482,2009969.889,5683156.1482,89847472.759,69316803.211
13523,1999969.889,5683156.1482,2009969.889,5673156.1482,765814688.5126,190156925.742
13524,1999969.889,5673156.1482,2009969.889,5663156.1482,505381643.347,183389462.507
13525,1999969.889,5663156.1482,2009969.889,5653156.1482,,
13526,1999969.889,5653156.1482,2009969.889,5643156.1482,,
13527,1999969.889,5643156.1482,2009969.889,5633156.1482,,
13528,1999969.889,5633156.1482,2009969.889,5623156.1482,,
13529,1999969.889,5623156.1482,2009969.889,5613156.1482,,
13530,1999969.889,5613156.1482,2009969.889,5603156.1482,,
13531,1999969.889,5603156.1482,2009969.889,5593156.1482,,
13532,1999969.889,5593156.1482,2009969.889,5583156.1482,,
13533,1999969.889,5583156.1482,2009969.889,5573156.1482,,
13534,1999969.889,5573156.1482,2009969.889,5563156.1482,,
13535,1999969.889,5563156.1482,2009969.889,5553156.1482,,
13536,1999969.889,5553156.1482,2009969.889,5543156.1482,,
13537,1999969.889,5543156.1482,2009969.889,5533156.1482,,
13538,1999969.889,5533156.1482,2009969.889,5523156.1482,,
13539,1999969.889,5523156.1482,2009969.889,5513156.1482,,
13540,1999969.889,5513156.1482,2009969.889,5503156.1482,,
13541,1999969.889,5503156.1482,2009969.889,5493156.1482,,
13542,1999969.889,5493156.1482,2009969.889,5483156.1482,,
13543,1999969.889,5483156.1482,2009969.889,5473156.1482,,
13544,1999969.889,5473156.1482,2009969.889,5463156.1482,,
13545,1999969.889,5463156.1482,2009969.889,5453156.1482,,
13546,1999969.889,5453156.1482,2009969.889,5443156.1482,,
13547,1999969.889,5443156.1482,2009969.889,5433156.1482,,
13548,1999969.889,5433156.1482,2009969.889,5423156.1482,,
13549,1999969.889,5423156.1482,2009969.889,5413156.1482,,
13550,1999969.889,5413156.1482,2009969.889,5403156.1482,,
13551,1999969.889,5403156.1482,2009969.889,5393156.1482,,
13552,1999969.889,5393156.1482,2009969.889,5383156.1482,,
13553,1999969.889,5383156.1482,2009969.889,5373156.1482,,
13554,1999969.889,5373156.1482,2009969.889,5363156.1482,,
13555,1999969.889,5363156.1482,2009969.889,5353156.1482,,
13556,1999969.889,5353156.1482,2009969.889,5343156.1482,,
13557,1999969.889,5343156.1482,2009969.889,5333156.1482,,
13558,1999969.889,5333156.1482,2009969.889,5323156.1482,,
13559,1999969.889,5323156.1482,2009969.889,5313156.1482,,
13560,1999969.889,5313156.1482,2009969.889,5303156.1482,,
13561,1999969.889,5303156.1482,2009969.889,5293156.1482,,
13562,1999969.889,5293156.1482,2009969.889,5283156.1482,,
13563,1999969.889,5283156.1482,2009969.889,5273156.1482,,
13564,1999969.889,5273156.1482,2009969.889,5263156.1482,,
13565,1999969.889,5263156.1482,2009969.889,5253156.1482,,
13566,1999969.889,5253156.1482,2009969.889,5243156.1482,,
13567,1999969.889,5243156.1482,2009969.889,5233156.1482,,
13568,1999969.889,5233156.1482,2009969.889,5223156.1482,,
13569,1999969.889,5223156.1482,2009969.889,5213156.1482,,
13570,1999969.889,5213156.1482,2009969.889,5203156.1482,,
13571,1999969.889,5203156.1482,2009969.889,5193156.1482,,
13572,1999969.889,5193156.1482,2009969.889,5183156.1482,,
13573,1999969.889,5183156.1482,2009969.889,5173156.1482,,
13574,1999969.889,5173156.1482,2009969.889,5163156.1482,,
13575,1999969.889,5163156.1482,2009969.889,5153156.1482,,
13576,1999969.889,5153156.1482,2009969.889,5143156.1482,,
13577,1999969.889,5143156.1482,2009969.889,5133156.1482,,
13578,1999969.889,5133156.1482,2009969.889,5123156.1482,,
13579,1999969.889,5123156.1482,2009969.889,5113156.1482,,
13580,1999969.889,5113156.1482,2009969.889,5103156.1482,,
13581,1999969.889,5103156.1482,2009969.889,5093156.1482,,
13582,1999969.889,5093156.1482,2009969.889,5083156.1482,,
13583,1999969.889,5083156.1482,2009969.889,5073156.1482,,
13584,1999969.889,5073156.1482,2009969.889,5063156.1482,,
13585,1999969.889,5063156.1482,2009969.889,5053156.1482,,
13586,1999969.889,5053156.1482,2009969.889,5043156.1482,,
13587,1999969.889,5043156.1482,2009969.889,5033156.1482,,
13588,1999969.889,5033156.1482,2009969.889,5023156.1482,,
13589,1999969.889,5023156.1482,2009969.889,5013156.1482,,
13590,1999969.889,5013156.1482,2009969.889,5003156.1482,,
13591,1999969.889,5003156.1482,2009969.889,4993156.1482,,
13592,1999969.889,4993156.1482,2009969.889,4983156.1482,,
13593,1999969.889,4983156.1482,2009969.889,4973156.1482,,
13594,1999969.889,4973156.1482,2009969.889,4963156.1482,,
13595,1999969.889,4963156.1482,2009969.889,4953156.1482,,
13596,1999969.889,4953156.1482,2009969.889,4943156.1482,,
13597,1999969.889,4943156.1482,2009969.889,4933156.1482,,
13598,1999969.889,4933156.1482,2009969.889,4923156.1482,,
13599,1999969.889,4923156.1482,2009969.889,4913156.1482,,
13600,1999969.889,4913156.1482,2009969.889,4903156.1482,,
13601,1999969.889,4903156.1482,2009969.889,4893156.1482,,
13602,1999969.889,4893156.1482,2009969.889,4883156.1482,,
13603,1999969.889,4883156.1482,2009969.889,4873156.1482,,
13604,1999969.889,4873156.1482,2009969.889,4863156.1482,,
13605,1999969.889,4863156.1482,2009969.889,4853156.1482,,
13606,1999969.889,4853156.1482,2009969.889,4843156.1482,,
13607,1999969.889,4843156.1482,2009969.889,4833156.1482,,
13608,1999969.889,4833156.1482,2009969.889,4823156.1482,,
13609,1999969.889,4823156.1482,2009969.889,4813156.1482,,
13610,1999969.889,4813156.1482,2009969.889,4803156.1482,,
13611,1999969.889,4803156.1482,2009969.889,4793156.1482,,
13612,1999969.889,4793156.1482,2009969.889,4783156.1482,,
13613,1999969.889,4783156.1482,2009969.889,4773156.1482,,
13614,1999969.889,4773156.1482,2009969.889,4763156.1482,,
13615,1999969.889,4763156.1482,2009969.889,4753156.1482,,
13616,1999969.889,4753156.1482,2009969.889,4743156.1482,,
13617,2009969.889,6223156.1482,2019969.889,6213156.1482,,
13618,2009969.889,6213156.1482,2019969.889,6203156.1482,,
13619,2009969.889,6203156.1482,2019969.889,6193156.1482,,
13620,2009969.889,6193156.1482,2019969.889,6183156.1482,,
13621,2009969.889,6183156.1482,2019969.889,6173156.1482,,
13622,2009969.889,6173156.1482,2019969.889,6163156.1482,,
13623,2009969.889,6163156.1482,2019969.889,6153156.1482,,
13624,2009969.889,6153156.1482,2019969.889,6143156.1482,,
13625,2009969.889,6143156.1482,2019969.889,6133156.1482,,
13626,2009969.889,6133156.1482,2019969.889,6123156.1482,,
13627,2009969.889,6123156.1482,2019969.889,6113156.1482,,
13628,2009969.889,6113156.1482,2019969.889,6103156.1482,,
13629,2009969.889,6103156.1482,2019969.889,6093156.1482,,
13630,2009969.889,6093156.1482,2019969.889,6083156.1482,,
13631,2009969.889,6083156.1482,2019969.889,6073156.1482,,
13632,2009969.889,6073156.1482,2019969.889,6063156.1482,,
13633,2009969.889,6063156.1482,2019969.889,6053156.1482,,
13634,2009969.889,6053156.1482,2019969.889,6043156.1482,,
13635,2009969.889,6043156.1482,2019969.889,6033156.1482,,
13636,2009969.889,6033156.1482,2019969.889,6023156.1482,,
13637,2009969.889,6023156.1482,2019969.889,6013156.1482,,
13638,2009969.889,6013156.1482,2019969.889,6003156.1482,,
13639,2009969.889,6003156.1482,2019969.889,5993156.1482,,
13640,2009969.889,5993156.1482,2019969.889,5983156.1482,,
13641,2009969.889,5983156.1482,2019969.889,5973156.1482,,
13642,2009969.889,5973156.1482,2019969.889,5963156.1482,,
13643,2009969.889,5963156.1482,2019969.889,5953156.1482,,
13644,2009969.889,5953156.1482,2019969.889,5943156.1482,,
13645,2009969.889,5943156.1482,2019969.889,5933156.1482,,
13646,2009969.889,5933156.1482,2019969.889,5923156.1482,,
13647,2009969.889,5923156.1482,2019969.889,5913156.1482,,
13648,2009969.889,5913156.1482,2019969.889,5903156.1482,,
13649,2009969.889,5903156.1482,2019969.889,5893156.1482,,
13650,2009969.889,5893156.1482,2019969.889,5883156.1482,,
13651,2009969.889,5883156.1482,2019969.889,5873156.1482,,
13652,2009969.889,5873156.1482,2019969.889,5863156.1482,,
13653,2009969.889,5863156.1482,2019969.889,5853156.1482,,
13654,2009969.889,5853156.1482,2019969.889,5843156.1482,,
13655,2009969.889,5843156.1482,2019969.889,5833156.1482,,
13656,2009969.889,5833156.1482,2019969.889,5823156.1482,,
13657,2009969.889,5823156.1482,2019969.889,5813156.1482,8317831.8207,2633935.052
13658,2009969.889,5813156.1482,2019969.889,5803156.1482,27568499.1031,8729875.487
13659,2009969.889,5803156.1482,2019969.889,5793156.1482,30684255.5658,9716514.835
13660,2009969.889,5793156.1482,2019969.889,5783156.1482,30684258.3277,9716515.709
13661,2009969.889,5783156.1482,2019969.889,5773156.1482,73309490.587,62726351.427
13662,2009969.889,5773156.1482,2019969.889,5763156.1482,105368428.4406,101513446.401
13663,2009969.889,5763156.1482,2019969.889,5753156.1482,107499571.6974,103692689.674
13664,2009969.889,5753156.1482,2019969.889,5743156.1482,107499581.3916,103692699.025
13665,2009969.889,5743156.1482,2019969.889,5733156.1482,107499590.6575,103692707.963
13666,2009969.889,5733156.1482,2019969.889,5723156.1482,90383112.782,91702837.184
13667,2009969.889,5723156.1482,2019969.889,5713156.1482,69699848.7875,77213958.88
13668,2009969.889,5713156.1482,2019969.889,5703156.1482,69699855.0717,77213965.842
13669,2009969.889,5703156.1482,2019969.889,5693156.1482,69699861.1553,77213972.581
13670,2009969.889,5693156.1482,2019969.889,5683156.1482,83440440.4544,79324269.351
13671,2009969.889,5683156.1482,2019969.889,5673156.1482,916584452.8318,206859659.189
13672,2009969.889,5673156.1482,2019969.889,5663156.1482,812328071.7685,177700260.434
13673,2009969.889,5663156.1482,2019969.889,5653156.1482,90162358.9709,19723403.914
13674,2009969.889,5653156.1482,2019969.889,5643156.1482,115065512.1873,25171075.817
13675,2009969.889,5643156.1482,2019969.889,5633156.1482,7348112.5662,4789086.87
13676,2009969.889,5633156.1482,2019969.889,5623156.1482,,
13677,2009969.889,5623156.1482,2019969.889,5613156.1482,,
13678,2009969.889,5613156.1482,2019969.889,5603156.1482,,
13679,2009969.889,5603156.1482,2019969.889,5593156.1482,,
13680,2009969.889,5593156.1482,2019969.889,5583156.1482,,
13681,2009969.889,5583156.1482,2019969.889,5573156.1482,,
13682,2009969.889,5573156.1482,2019969.889,5563156.1482,,
13683,2009969.889,5563156.1482,2019969.889,5553156.1482,,
13684,2009969.889,5553156.1482,2019969.889,5543156.1482,,
13685,2009969.889,5543156.1482,2019969.889,5533156.1482,,
13686,2009969.889,5533156.1482,2019969.889,5523156.1482,,
13687,2009969.889,5523156.1482,2019969.889,5513156.1482,,
13688,2009969.889,5513156.1482,2019969.889,5503156.1482,,
13689,2009969.889,5503156.1482,2019969.889,5493156.1482,,
13690,2009969.889,5493156.1482,2019969.889,5483156.1482,,
13691,2009969.889,5483156.1482,2019969.889,5473156.1482,,
13692,2009969.889,5473156.1482,2019969.889,5463156.1482,,
13693,2009969.889,5463156.1482,2019969.889,5453156.1482,,
13694,2009969.889,5453156.1482,2019969.889,5443156.1482,,
13695,2009969.889,5443156.1482,2019969.889,5433156.1482,,
13696,2009969.889,5433156.1482,2019969.889,5423156.1482,,
13697,2009969.889,5423156.1482,2019969.889,5413156.1482,,
13698,2009969.889,5413156.1482,2019969.889,5403156.1482,,
13699,2009969.889,5403156.1482,2019969.889,5393156.1482,,
13700,2009969.889,5393156.1482,2019969.889,5383156.1482,,
13701,2009969.889,5383156.1482,2019969.889,5373156.1482,,
13702,2009969.889,5373156.1482,2019969.889,5363156.1482,,
13703,2009969.889,5363156.1482,2019969.889,5353156.1482,,
13704,2009969.889,5353156.1482,2019969.889,5343156.1482,,
13705,2009969.889,5343156.1482,2019969.889,5333156.1482,,
13706,2009969.889,5333156.1482,2019969.889,5323156.1482,,
13707,2009969.889,5323156.1482,2019969.889,5313156.1482,,
13708,2009969.889,5313156.1482,2019969.889,5303156.1482,,
13709,2009969.889,5303156.1482,2019969.889,5293156.1482,,
13710,2009969.889,5293156.1482,2019969.889,5283156.1482,,
13711,2009969.889,5283156.1482,2019969.889,5273156.1482,,
13712,2009969.889,5273156.1482,2019969.889,5263156.1482,,
13713,2009969.889,5263156.1482,2019969.889,5253156.1482,,
13714,2009969.889,5253156.1482,2019969.889,5243156.1482,,
13715,2009969.889,5243156.1482,2019969.889,5233156.1482,,
13716,2009969.889,5233156.1482,2019969.889,5223156.1482,,
13717,2009969.889,5223156.1482,2019969.889,5213156.1482,,
13718,2009969.889,5213156.1482,2019969.889,5203156.1482,,
13719,2009969.889,5203156.1482,2019969.889,5193156.1482,,
13720,2009969.889,5193156.1482,2019969.889,5183156.1482,,
13721,2009969.889,5183156.1482,2019969.889,5173156.1482,,
13722,2009969.889,5173156.1482,2019969.889,5163156.1482,,
13723,2009969.889,5163156.1482,2019969.889,5153156.1482,,
13724,2009969.889,5153156.1482,2019969.889,5143156.1482,,
13725,2009969.889,5143156.1482,2019969.889,5133156.1482,,
13726,2009969.889,5133156.1482,2019969.889,5123156.1482,,
13727,2009969.889,5123156.1482,2019969.889,5113156.1482,,
13728,2009969.889,5113156.1482,2019969.889,5103156.1482,,
13729,2009969.889,5103156.1482,2019969.889,5093156.1482,,
13730,2009969.889,5093156.1482,2019969.889,5083156.1482,,
13731,2009969.889,5083156.1482,2019969.889,5073156.1482,,
13732,2009969.889,5073156.1482,2019969.889,5063156.1482,,
13733,2009969.889,5063156.1482,2019969.889,5053156.1482,,
13734,2009969.889,5053156.1482,2019969.889,5043156.1482,,
13735,2009969.889,5043156.1482,2019969.889,5033156.1482,,
13736,2009969.889,5033156.1482,2019969.889,5023156.1482,,
13737,2009969.889,5023156.1482,2019969.889,5013156.1482,,
13738,2009969.889,5013156.1482,2019969.889,5003156.1482,,
13739,2009969.889,5003156.1482,2019969.889,4993156.1482,,
13740,2009969.889,4993156.1482,2019969.889,4983156.1482,,
13741,2009969.889,4983156.1482,2019969.889,4973156.1482,,
13742,2009969.889,4973156.1482,2019969.889,4963156.1482,,
13743,2009969.889,4963156.1482,2019969.889,4953156.1482,,
13744,2009969.889,4953156.1482,2019969.889,4943156.1482,,
13745,2009969.889,4943156.1482,2019969.889,4933156.1482,,
13746,2009969.889,4933156.1482,2019969.889,4923156.1482,,
13747,2009969.889,4923156.1482,2019969.889,4913156.1482,,
13748,2009969.889,4913156.1482,2019969.889,4903156.1482,,
13749,2009969.889,4903156.1482,2019969.889,4893156.1482,,
13750,2009969.889,4893156.1482,2019969.889,4883156.1482,,
13751,2009969.889,4883156.1482,2019969.889,4873156.1482,,
13752,2009969.889,4873156.1482,2019969.889,4863156.1482,,
13753,2009969.889,4863156.1482,2019969.889,4853156.1482,,
13754,2009969.889,4853156.1482,2019969.889,4843156.1482,,
13755,2009969.889,4843156.1482,2019969.889,4833156.1482,,
13756,2009969.889,4833156.1482,2019969.889,4823156.1482,,
13757,2009969.889,4823156.1482,2019969.889,4813156.1482,,
13758,2009969.889,4813156.1482,2019969.889,4803156.1482,,
13759,2009969.889,4803156.1482,2019969.889,4793156.1482,,
13760,2009969.889,4793156.1482,2019969.889,4783156.1482,,
13761,2009969.889,4783156.1482,2019969.889,4773156.1482,,
13762,2009969.889,4773156.1482,2019969.889,4763156.1482,,
13763,2009969.889,4763156.1482,2019969.889,4753156.1482,,
13764,2009969.889,4753156.1482,2019969.889,4743156.1482,,
13765,2019969.889,6223156.1482,2029969.889,6213156.1482,,
13766,2019969.889,6213156.1482,2029969.889,6203156.1482,,
13767,2019969.889,6203156.1482,2029969.889,6193156.1482,,
13768,2019969.889,6193156.1482,2029969.889,6183156.1482,,
13769,2019969.889,6183156.1482,2029969.889,6173156.1482,,
13770,2019969.889,6173156.1482,2029969.889,6163156.1482,,
13771,2019969.889,6163156.1482,2029969.889,6153156.1482,,
13772,2019969.889,6153156.1482,2029969.889,6143156.1482,,
13773,2019969.889,6143156.1482,2029969.889,6133156.1482,,
13774,2019969.889,6133156.1482,2029969.889,6123156.1482,,
13775,2019969.889,6123156.1482,2029969.889,6113156.1482,,
13776,2019969.889,6113156.1482,2029969.889,6103156.1482,,
13777,2019969.889,6103156.1482,2029969.889,6093156.1482,,
13778,2019969.889,6093156.1482,2029969.889,6083156.1482,,
13779,2019969.889,6083156.1482,2029969.889,6073156.1482,,
13780,2019969.889,6073156.1482,2029969.889,6063156.1482,,
13781,2019969.889,6063156.1482,2029969.889,6053156.1482,,
13782,2019969.889,6053156.1482,2029969.889,6043156.1482,,
13783,2019969.889,6043156.1482,2029969.889,6033156.1482,,
13784,2019969.889,6033156.1482,2029969.889,6023156.1482,,
13785,2019969.889,6023156.1482,2029969.889,6013156.1482,,
13786,2019969.889,6013156.1482,2029969.889,6003156.1482,,
13787,2019969.889,6003156.1482,2029969.889,5993156.1482,,
13788,2019969.889,5993156.1482,2029969.889,5983156.1482,,
13789,2019969.889,5983156.1482,2029969.889,5973156.1482,,
13790,2019969.889,5973156.1482,2029969.889,5963156.1482,,
13791,2019969.889,5963156.1482,2029969.889,5953156.1482,,
13792,2019969.889,5953156.1482,2029969.889,5943156.1482,,
13793,2019969.889,5943156.1482,2029969.889,5933156.1482,,
13794,2019969.889,5933156.1482,2029969.889,5923156.1482,,
13795,2019969.889,5923156.1482,2029969.889,5913156.1482,,
13796,2019969.889,5913156.1482,2029969.889,5903156.1482,,
13797,2019969.889,5903156.1482,2029969.889,5893156.1482,,
13798,2019969.889,5893156.1482,2029969.889,5883156.1482,,
13799,2019969.889,5883156.1482,2029969.889,5873156.1482,,
13800,2019969.889,5873156.1482,2029969.889,5863156.1482,,
13801,2019969.889,5863156.1482,2029969.889,5853156.1482,,
13802,2019969.889,5853156.1482,2029969.889,5843156.1482,,
13803,2019969.889,5843156.1482,2029969.889,5833156.1482,,
13804,2019969.889,5833156.1482,2029969.889,5823156.1482,,
13805,2019969.889,5823156.1482,2029969.889,5813156.1482,21952303.7152,6951444.015
13806,2019969.889,5813156.1482,2029969.889,5803156.1482,30677911.6127,9714505.951
13807,2019969.889,5803156.1482,2029969.889,5793156.1482,30677914.4773,9714506.858
13808,2019969.889,5793156.1482,2029969.889,5783156.1482,30677917.2777,9714507.745
13809,2019969.889,5783156.1482,2029969.889,5773156.1482,43906928.2542,17040845.494
13810,2019969.889,5773156.1482,2029969.889,5763156.1482,106726432.5758,91738239.033
13811,2019969.889,5763156.1482,2029969.889,5753156.1482,107477357.837,103671262.473
13812,2019969.889,5753156.1482,2029969.889,5743156.1482,107477367.7635,103671272.048
13813,2019969.889,5743156.1482,2029969.889,5733156.1482,107477377.6636,103671281.597
13814,2019969.889,5733156.1482,2029969.889,5723156.1482,168401902.2086,137731283.707
13815,2019969.889,5723156.1482,2029969.889,5713156.1482,2121010854.8696,1285095774.095
13816,2019969.889,5713156.1482,2029969.889,5703156.1482,2459656296.777,1687127640.636
13817,2019969.889,5703156.1482,2029969.889,5693156.1482,68379443.7506,74147499.993
13818,2019969.889,5693156.1482,2029969.889,5683156.1482,45190670.841,50062527.549
13819,2019969.889,5683156.1482,2029969.889,5673156.1482,137388194.1524,54757196.938
13820,2019969.889,5673156.1482,2029969.889,5663156.1482,350022388.3127,76568903.282
13821,2019969.889,5663156.1482,2029969.889,5653156.1482,801163354.2086,175257930.436
13822,2019969.889,5653156.1482,2029969.889,5643156.1482,389862797.2255,85284164.13
13823,2019969.889,5643156.1482,2029969.889,5633156.1482,3553675.2151,2134573.376
13824,2019969.889,5633156.1482,2029969.889,5623156.1482,,
13825,2019969.889,5623156.1482,2029969.889,5613156.1482,,
13826,2019969.889,5613156.1482,2029969.889,5603156.1482,,
13827,2019969.889,5603156.1482,2029969.889,5593156.1482,,
13828,2019969.889,5593156.1482,2029969.889,5583156.1482,,
13829,2019969.889,5583156.1482,2029969.889,5573156.1482,,
13830,2019969.889,5573156.1482,2029969.889,5563156.1482,,
13831,2019969.889,5563156.1482,2029969.889,5553156.1482,,
13832,2019969.889,5553156.1482,2029969.889,5543156.1482,,
13833,2019969.889,5543156.1482,2029969.889,5533156.1482,,
13834,2019969.889,5533156.1482,2029969.889,5523156.1482,,
13835,2019969.889,5523156.1482,2029969.889,5513156.1482,,
13836,2019969.889,5513156.1482,2029969.889,5503156.1482,,
13837,2019969.889,5503156.1482,2029969.889,5493156.1482,,
13838,2019969.889,5493156.1482,2029969.889,5483156.1482,,
13839,2019969.889,5483156.1482,2029969.889,5473156.1482,,
13840,2019969.889,5473156.1482,2029969.889,5463156.1482,,
13841,2019969.889,5463156.1482,2029969.889,5453156.1482,,
13842,2019969.889,5453156.1482,2029969.889,5443156.1482,,
13843,2019969.889,5443156.1482,2029969.889,5433156.1482,,
13844,2019969.889,5433156.1482,2029969.889,5423156.1482,,
13845,2019969.889,5423156.1482,2029969.889,5413156.1482,,
13846,2019969.889,5413156.1482,2029969.889,5403156.1482,,
13847,2019969.889,5403156.1482,2029969.889,5393156.1482,,
13848,2019969.889,5393156.1482,2029969.889,5383156.1482,,
13849,2019969.889,5383156.1482,2029969.889,5373156.1482,,
13850,2019969.889,5373156.1482,2029969.889,5363156.1482,,
13851,2019969.889,5363156.1482,2029969.889,5353156.1482,,
13852,2019969.889,5353156.1482,2029969.889,5343156.1482,,
13853,2019969.889,5343156.1482,2029969.889,5333156.1482,,
13854,2019969.889,5333156.1482,2029969.889,5323156.1482,,
13855,2019969.889,5323156.1482,2029969.889,5313156.1482,,
13856,2019969.889,5313156.1482,2029969.889,5303156.1482,,
13857,2019969.889,5303156.1482,2029969.889,5293156.1482,,
13858,2019969.889,5293156.1482,2029969.889,5283156.1482,,
13859,2019969.889,5283156.1482,2029969.889,5273156.1482,,
13860,2019969.889,5273156.1482,2029969.889,5263156.1482,,
13861,2019969.889,5263156.1482,2029969.889,5253156.1482,,
13862,2019969.889,5253156.1482,2029969.889,5243156.1482,,
13863,2019969.889,5243156.1482,2029969.889,5233156.1482,,
13864,2019969.889,5233156.1482,2029969.889,5223156.1482,,
13865,2019969.889,5223156.1482,2029969.889,5213156.1482,,
13866,2019969.889,5213156.1482,2029969.889,5203156.1482,,
13867,2019969.889,5203156.1482,2029969.889,5193156.1482,,
13868,2019969.889,5193156.1482,2029969.889,5183156.1482,,
13869,2019969.889,5183156.1482,2029969.889,5173156.1482,,
13870,2019969.889,5173156.1482,2029969.889,5163156.1482,,
13871,2019969.889,5163156.1482,2029969.889,5153156.1482,,
13872,2019969.889,5153156.1482,2029969.889,5143156.1482,,
13873,2019969.889,5143156.1482,2029969.889,5133156.1482,,
13874,2019969.889,5133156.1482,2029969.889,5123156.1482,,
13875,2019969.889,5123156.1482,2029969.889,5113156.1482,,
13876,2019969.889,5113156.1482,2029969.889,5103156.1482,,
13877,2019969.889,5103156.1482,2029969.889,5093156.1482,,
13878,2019969.889,5093156.1482,2029969.889,5083156.1482,,
13879,2019969.889,5083156.1482,2029969.889,5073156.1482,,
13880,2019969.889,5073156.1482,2029969.889,5063156.1482,,
13881,2019969.889,5063156.1482,2029969.889,5053156.1482,,
13882,2019969.889,5053156.1482,2029969.889,5043156.1482,,
13883,2019969.889,5043156.1482,2029969.889,5033156.1482,,
13884,2019969.889,5033156.1482,2029969.889,5023156.1482,,
13885,2019969.889,5023156.1482,2029969.889,5013156.1482,,
13886,2019969.889,5013156.1482,2029969.889,5003156.1482,,
13887,2019969.889,5003156.1482,2029969.889,4993156.1482,,
13888,2019969.889,4993156.1482,2029969.889,4983156.1482,,
13889,2019969.889,4983156.1482,2029969.889,4973156.1482,,
13890,2019969.889,4973156.1482,2029969.889,4963156.1482,,
13891,2019969.889,4963156.1482,2029969.889,4953156.1482,,
13892,2019969.889,4953156.1482,2029969.889,4943156.1482,,
13893,2019969.889,4943156.1482,2029969.889,4933156.1482,,
13894,2019969.889,4933156.1482,2029969.889,4923156.1482,,
13895,2019969.889,4923156.1482,2029969.889,4913156.1482,,
13896,2019969.889,4913156.1482,2029969.889,4903156.1482,,
13897,2019969.889,4903156.1482,2029969.889,4893156.1482,,
13898,2019969.889,4893156.1482,2029969.889,4883156.1482,,
13899,2019969.889,4883156.1482,2029969.889,4873156.1482,,
13900,2019969.889,4873156.1482,2029969.889,4863156.1482,,
13901,2019969.889,4863156.1482,2029969.889,4853156.1482,,
13902,2019969.889,4853156.1482,2029969.889,4843156.1482,,
13903,2019969.889,4843156.1482,2029969.889,4833156.1482,,
13904,2019969.889,4833156.1482,2029969.889,4823156.1482,,
13905,2019969.889,4823156.1482,2029969.889,4813156.1482,,
13906,2019969.889,4813156.1482,2029969.889,4803156.1482,,
13907,2019969.889,4803156.1482,2029969.889,4793156.1482,,
13908,2019969.889,4793156.1482,2029969.889,4783156.1482,,
13909,2019969.889,4783156.1482,2029969.889,4773156.1482,,
13910,2019969.889,4773156.1482,2029969.889,4763156.1482,,
13911,2019969.889,4763156.1482,2029969.889,4753156.1482,,
13912,2019969.889,4753156.1482,2029969.889,4743156.1482,,
13913,2029969.889,6223156.1482,2039969.889,6213156.1482,,
13914,2029969.889,6213156.1482,2039969.889,6203156.1482,,
13915,2029969.889,6203156.1482,2039969.889,6193156.1482,,
13916,2029969.889,6193156.1482,2039969.889,6183156.1482,,
13917,2029969.889,6183156.1482,2039969.889,6173156.1482,,
13918,2029969.889,6173156.1482,2039969.889,6163156.1482,,
13919,2029969.889,6163156.1482,2039969.889,6153156.1482,,
13920,2029969.889,6153156.1482,2039969.889,6143156.1482,,
13921,2029969.889,6143156.1482,2039969.889,6133156.1482,,
13922,2029969.889,6133156.1482,2039969.889,6123156.1482,,
13923,2029969.889,6123156.1482,2039969.889,6113156.1482,,
13924,2029969.889,6113156.1482,2039969.889,6103156.1482,,
13925,2029969.889,6103156.1482,2039969.889,6093156.1482,,
13926,2029969.889,6093156.1482,2039969.889,6083156.1482,,
13927,2029969.889,6083156.1482,2039969.889,6073156.1482,,
13928,2029969.889,6073156.1482,2039969.889,6063156.1482,,
13929,2029969.889,6063156.1482,2039969.889,6053156.1482,,
13930,2029969.889,6053156.1482,2039969.889,6043156.1482,,
13931,2029969.889,6043156.1482,2039969.889,6033156.1482,,
13932,2029969.889,6033156.1482,2039969.889,6023156.1482,,
13933,2029969.889,6023156.1482,2039969.889,6013156.1482,,
13934,2029969.889,6013156.1482,2039969.889,6003156.1482,,
13935,2029969.889,6003156.1482,2039969.889,5993156.1482,,
13936,2029969.889,5993156.1482,2039969.889,5983156.1482,,
13937,2029969.889,5983156.1482,2039969.889,5973156.1482,,
13938,2029969.889,5973156.1482,2039969.889,5963156.1482,,
13939,2029969.889,5963156.1482,2039969.889,5953156.1482,,
13940,2029969.889,5953156.1482,2039969.889,5943156.1482,,
13941,2029969.889,5943156.1482,2039969.889,5933156.1482,,
13942,2029969.889,5933156.1482,2039969.889,5923156.1482,,
13943,2029969.889,5923156.1482,2039969.889,5913156.1482,,
13944,2029969.889,5913156.1482,2039969.889,5903156.1482,,
13945,2029969.889,5903156.1482,2039969.889,5893156.1482,,
13946,2029969.889,5893156.1482,2039969.889,5883156.1482,,
13947,2029969.889,5883156.1482,2039969.889,5873156.1482,,
13948,2029969.889,5873156.1482,2039969.889,5863156.1482,,
13949,2029969.889,5863156.1482,2039969.889,5853156.1482,,
13950,2029969.889,5853156.1482,2039969.889,5843156.1482,,
13951,2029969.889,5843156.1482,2039969.889,5833156.1482,,
13952,2029969.889,5833156.1482,2039969.889,5823156.1482,8179327.6965,2591214.731
13953,2029969.889,5823156.1482,2039969.889,5813156.1482,31203069.5846,9881450.354
13954,2029969.889,5813156.1482,2039969.889,5803156.1482,33319815.0567,10553559.368
13955,2029969.889,5803156.1482,2039969.889,5793156.1482,47291652.193,28666754.9
13956,2029969.889,5793156.1482,2039969.889,5783156.1482,107295655.0968,41796156.476
13957,2029969.889,5783156.1482,2039969.889,5773156.1482,144784751.0535,54386321.856
13958,2029969.889,5773156.1482,2039969.889,5763156.1482,155487271.7713,86601429.907
13959,2029969.889,5763156.1482,2039969.889,5753156.1482,174672928.7325,127742407.973
13960,2029969.889,5753156.1482,2039969.889,5743156.1482,142418537.2611,116175669.274
13961,2029969.889,5743156.1482,2039969.889,5733156.1482,118192736.7615,107500716.501
13962,2029969.889,5733156.1482,2039969.889,5723156.1482,171166027.0237,130690777.123
13963,2029969.889,5723156.1482,2039969.889,5713156.1482,3765993658.2875,2144303866.572
13964,2029969.889,5713156.1482,2039969.889,5703156.1482,26511876674.194,32568057196.055
13965,2029969.889,5703156.1482,2039969.889,5693156.1482,1198726.8194,1327957.592
13966,2029969.889,5693156.1482,2039969.889,5683156.1482,,
13967,2029969.889,5683156.1482,2039969.889,5673156.1482,,
13968,2029969.889,5673156.1482,2039969.889,5663156.1482,,
13969,2029969.889,5663156.1482,2039969.889,5653156.1482,62036125.0677,13570669.246
13970,2029969.889,5653156.1482,2039969.889,5643156.1482,,
13971,2029969.889,5643156.1482,2039969.889,5633156.1482,,
13972,2029969.889,5633156.1482,2039969.889,5623156.1482,,
13973,2029969.889,5623156.1482,2039969.889,5613156.1482,,
13974,2029969.889,5613156.1482,2039969.889,5603156.1482,,
13975,2029969.889,5603156.1482,2039969.889,5593156.1482,,
13976,2029969.889,5593156.1482,2039969.889,5583156.1482,,
13977,2029969.889,5583156.1482,2039969.889,5573156.1482,,
13978,2029969.889,5573156.1482,2039969.889,5563156.1482,,
13979,2029969.889,5563156.1482,2039969.889,5553156.1482,,
13980,2029969.889,5553156.1482,2039969.889,5543156.1482,,
13981,2029969.889,5543156.1482,2039969.889,5533156.1482,,
13982,2029969.889,5533156.1482,2039969.889,5523156.1482,,
13983,2029969.889,5523156.1482,2039969.889,5513156.1482,,
13984,2029969.889,5513156.1482,2039969.889,5503156.1482,,
13985,2029969.889,5503156.1482,2039969.889,5493156.1482,,
13986,2029969.889,5493156.1482,2039969.889,5483156.1482,,
13987,2029969.889,5483156.1482,2039969.889,5473156.1482,,
13988,2029969.889,5473156.1482,2039969.889,5463156.1482,,
13989,2029969.889,5463156.1482,2039969.889,5453156.1482,,
13990,2029969.889,5453156.1482,2039969.889,5443156.1482,,
13991,2029969.889,5443156.1482,2039969.889,5433156.1482,,
13992,2029969.889,5433156.1482,2039969.889,5423156.1482,,
13993,2029969.889,5423156.1482,2039969.889,5413156.1482,,
13994,2029969.889,5413156.1482,2039969.889,5403156.1482,,
13995,2029969.889,5403156.1482,2039969.889,5393156.1482,,
13996,2029969.889,5393156.1482,2039969.889,5383156.1482,,
13997,2029969.889,5383156.1482,2039969.889,5373156.1482,,
13998,2029969.889,5373156.1482,2039969.889,5363156.1482,,
13999,2029969.889,5363156.1482,2039969.889,5353156.1482,,
14000,2029969.889,5353156.1482,2039969.889,5343156.1482,,
14001,2029969.889,5343156.1482,2039969.889,5333156.1482,,
14002,2029969.889,5333156.1482,2039969.889,5323156.1482,,
14003,2029969.889,5323156.1482,2039969.889,5313156.1482,,
14004,2029969.889,5313156.1482,2039969.889,5303156.1482,,
14005,2029969.889,5303156.1482,2039969.889,5293156.1482,,
14006,2029969.889,5293156.1482,2039969.889,5283156.1482,,
14007,2029969.889,5283156.1482,2039969.889,5273156.1482,,
14008,2029969.889,5273156.1482,2039969.889,5263156.1482,,
14009,2029969.889,5263156.1482,2039969.889,5253156.1482,,
14010,2029969.889,5253156.1482,2039969.889,5243156.1482,,
14011,2029969.889,5243156.1482,2039969.889,5233156.1482,,
14012,2029969.889,5233156.1482,2039969.889,5223156.1482,,
14013,2029969.889,5223156.1482,2039969.889,5213156.1482,,
14014,2029969.889,5213156.1482,2039969.889,5203156.1482,,
14015,2029969.889,5203156.1482,2039969.889,5193156.1482,,
14016,2029969.889,5193156.1482,2039969.889,5183156.1482,,
14017,2029969.889,5183156.1482,2039969.889,5173156.1482,,
14018,2029969.889,5173156.1482,2039969.889,5163156.1482,,
14019,2029969.889,5163156.1482,2039969.889,5153156.1482,,
14020,2029969.889,5153156.1482,2039969.889,5143156.1482,,
14021,2029969.889,5143156.1482,2039969.889,5133156.1482,,
14022,2029969.889,5133156.1482,2039969.889,5123156.1482,,
14023,2029969.889,5123156.1482,2039969.889,5113156.1482,,
14024,2029969.889,5113156.1482,2039969.889,5103156.1482,,
14025,2029969.889,5103156.1482,2039969.889,5093156.1482,,
14026,2029969.889,5093156.1482,2039969.889,5083156.1482,,
14027,2029969.889,5083156.1482,2039969.889,5073156.1482,,
14028,2029969.889,5073156.1482,2039969.889,5063156.1482,,
14029,2029969.889,5063156.1482,2039969.889,5053156.1482,,
14030,2029969.889,5053156.1482,2039969.889,5043156.1482,,
14031,2029969.889,5043156.1482,2039969.889,5033156.1482,,
14032,2029969.889,5033156.1482,2039969.889,5023156.1482,,
14033,2029969.889,5023156.1482,2039969.889,5013156.1482,,
14034,2029969.889,5013156.1482,2039969.889,5003156.1482,,
14035,2029969.889,5003156.1482,2039969.889,4993156.1482,,
14036,2029969.889,4993156.1482,2039969.889,4983156.1482,,
14037,2029969.889,4983156.1482,2039969.889,4973156.1482,,
14038,2029969.889,4973156.1482,2039969.889,4963156.1482,,
14039,2029969.889,4963156.1482,2039969.889,4953156.1482,,
14040,2029969.889,4953156.1482,2039969.889,4943156.1482,,
14041,2029969.889,4943156.1482,2039969.889,4933156.1482,,
14042,2029969.889,4933156.1482,2039969.889,4923156.1482,,
14043,2029969.889,4923156.1482,2039969.889,4913156.1482,,
14044,2029969.889,4913156.1482,2039969.889,4903156.1482,,
14045,2029969.889,4903156.1482,2039969.889,4893156.1482,,
14046,2029969.889,4893156.1482,2039969.889,4883156.1482,,
14047,2029969.889,4883156.1482,2039969.889,4873156.1482,,
14048,2029969.889,4873156.1482,2039969.889,4863156.1482,,
14049,2029969.889,4863156.1482,2039969.889,4853156.1482,,
14050,2029969.889,4853156.1482,2039969.889,4843156.1482,,
14051,2029969.889,4843156.1482,2039969.889,4833156.1482,,
14052,2029969.889,4833156.1482,2039969.889,4823156.1482,,
14053,2029969.889,4823156.1482,2039969.889,4813156.1482,,
14054,2029969.889,4813156.1482,2039969.889,4803156.1482,,
14055,2029969.889,4803156.1482,2039969.889,4793156.1482,,
14056,2029969.889,4793156.1482,2039969.889,4783156.1482,,
14057,2029969.889,4783156.1482,2039969.889,4773156.1482,,
14058,2029969.889,4773156.1482,2039969.889,4763156.1482,,
14059,2029969.889,4763156.1482,2039969.889,4753156.1482,,
14060,2029969.889,4753156.1482,2039969.889,4743156.1482,,
14061,2039969.889,6223156.1482,2049969.889,6213156.1482,,
14062,2039969.889,6213156.1482,2049969.889,6203156.1482,,
14063,2039969.889,6203156.1482,2049969.889,6193156.1482,,
14064,2039969.889,6193156.1482,2049969.889,6183156.1482,,
14065,2039969.889,6183156.1482,2049969.889,6173156.1482,,
14066,2039969.889,6173156.1482,2049969.889,6163156.1482,,
14067,2039969.889,6163156.1482,2049969.889,6153156.1482,,
14068,2039969.889,6153156.1482,2049969.889,6143156.1482,,
14069,2039969.889,6143156.1482,2049969.889,6133156.1482,,
14070,2039969.889,6133156.1482,2049969.889,6123156.1482,,
14071,2039969.889,6123156.1482,2049969.889,6113156.1482,,
14072,2039969.889,6113156.1482,2049969.889,6103156.1482,,
14073,2039969.889,6103156.1482,2049969.889,6093156.1482,,
14074,2039969.889,6093156.1482,2049969.889,6083156.1482,,
14075,2039969.889,6083156.1482,2049969.889,6073156.1482,,
14076,2039969.889,6073156.1482,2049969.889,6063156.1482,,
14077,2039969.889,6063156.1482,2049969.889,6053156.1482,,
14078,2039969.889,6053156.1482,2049969.889,6043156.1482,,
14079,2039969.889,6043156.1482,2049969.889,6033156.1482,,
14080,2039969.889,6033156.1482,2049969.889,6023156.1482,,
14081,2039969.889,6023156.1482,2049969.889,6013156.1482,,
14082,2039969.889,6013156.1482,2049969.889,6003156.1482,,
14083,2039969.889,6003156.1482,2049969.889,5993156.1482,,
14084,2039969.889,5993156.1482,2049969.889,5983156.1482,,
14085,2039969.889,5983156.1482,2049969.889,5973156.1482,,
14086,2039969.889,5973156.1482,2049969.889,5963156.1482,,
14087,2039969.889,5963156.1482,2049969.889,5953156.1482,,
14088,2039969.889,5953156.1482,2049969.889,5943156.1482,,
14089,2039969.889,5943156.1482,2049969.889,5933156.1482,,
14090,2039969.889,5933156.1482,2049969.889,5923156.1482,,
14091,2039969.889,5923156.1482,2049969.889,5913156.1482,,
14092,2039969.889,5913156.1482,2049969.889,5903156.1482,,
14093,2039969.889,5903156.1482,2049969.889,5893156.1482,,
14094,2039969.889,5893156.1482,2049969.889,5883156.1482,,
14095,2039969.889,5883156.1482,2049969.889,5873156.1482,,
14096,2039969.889,5873156.1482,2049969.889,5863156.1482,,
14097,2039969.889,5863156.1482,2049969.889,5853156.1482,,
14098,2039969.889,5853156.1482,2049969.889,5843156.1482,,
14099,2039969.889,5843156.1482,2049969.889,5833156.1482,138446.6261,43840.682
14100,2039969.889,5833156.1482,2049969.889,5823156.1482,58010717.1876,18397137.041
14101,2039969.889,5823156.1482,2049969.889,5813156.1482,117171508.0275,37184171.576
14102,2039969.889,5813156.1482,2049969.889,5803156.1482,81370693.397,41051261.834
14103,2039969.889,5803156.1482,2049969.889,5793156.1482,93376604.2138,81236529.861
14104,2039969.889,5793156.1482,2049969.889,5783156.1482,136307895.4144,60746954.065
14105,2039969.889,5783156.1482,2049969.889,5773156.1482,147179044.8906,55324103.016
14106,2039969.889,5773156.1482,2049969.889,5763156.1482,154854421.1963,64047631.186
14107,2039969.889,5763156.1482,2049969.889,5753156.1482,214876154.5185,132354421.267
14108,2039969.889,5753156.1482,2049969.889,5743156.1482,221076373.3333,144364281.233
14109,2039969.889,5743156.1482,2049969.889,5733156.1482,224482876.9093,145578301.376
14110,2039969.889,5733156.1482,2049969.889,5723156.1482,227441436.151,146641314.791
14111,2039969.889,5723156.1482,2049969.889,5713156.1482,227441459.1163,146641329.598
14112,2039969.889,5713156.1482,2049969.889,5703156.1482,2528274883.2648,2333040801.069
14113,2039969.889,5703156.1482,2049969.889,5693156.1482,,
14114,2039969.889,5693156.1482,2049969.889,5683156.1482,,
14115,2039969.889,5683156.1482,2049969.889,5673156.1482,,
14116,2039969.889,5673156.1482,2049969.889,5663156.1482,,
14117,2039969.889,5663156.1482,2049969.889,5653156.1482,,
14118,2039969.889,5653156.1482,2049969.889,5643156.1482,,
14119,2039969.889,5643156.1482,2049969.889,5633156.1482,,
14120,2039969.889,5633156.1482,2049969.889,5623156.1482,,
14121,2039969.889,5623156.1482,2049969.889,5613156.1482,,
14122,2039969.889,5613156.1482,2049969.889,5603156.1482,,
14123,2039969.889,5603156.1482,2049969.889,5593156.1482,,
14124,2039969.889,5593156.1482,2049969.889,5583156.1482,,
14125,2039969.889,5583156.1482,2049969.889,5573156.1482,,
14126,2039969.889,5573156.1482,2049969.889,5563156.1482,,
14127,2039969.889,5563156.1482,2049969.889,5553156.1482,,
14128,2039969.889,5553156.1482,2049969.889,5543156.1482,,
14129,2039969.889,5543156.1482,2049969.889,5533156.1482,,
14130,2039969.889,5533156.1482,2049969.889,5523156.1482,,
14131,2039969.889,5523156.1482,2049969.889,5513156.1482,,
14132,2039969.889,5513156.1482,2049969.889,5503156.1482,,
14133,2039969.889,5503156.1482,2049969.889,5493156.1482,,
14134,2039969.889,5493156.1482,2049969.889,5483156.1482,,
14135,2039969.889,5483156.1482,2049969.889,5473156.1482,,
14136,2039969.889,5473156.1482,2049969.889,5463156.1482,,
14137,2039969.889,5463156.1482,2049969.889,5453156.1482,,
14138,2039969.889,5453156.1482,2049969.889,5443156.1482,,
14139,2039969.889,5443156.1482,2049969.889,5433156.1482,,
14140,2039969.889,5433156.1482,2049969.889,5423156.1482,,
14141,2039969.889,5423156.1482,2049969.889,5413156.1482,,
14142,2039969.889,5413156.1482,2049969.889,5403156.1482,,
14143,2039969.889,5403156.1482,2049969.889,5393156.1482,,
14144,2039969.889,5393156.1482,2049969.889,5383156.1482,,
14145,2039969.889,5383156.1482,2049969.889,5373156.1482,,
14146,2039969.889,5373156.1482,2049969.889,5363156.1482,,
14147,2039969.889,5363156.1482,2049969.889,5353156.1482,,
14148,2039969.889,5353156.1482,2049969.889,5343156.1482,,
14149,2039969.889,5343156.1482,2049969.889,5333156.1482,,
14150,2039969.889,5333156.1482,2049969.889,5323156.1482,,
14151,2039969.889,5323156.1482,2049969.889,5313156.1482,,
14152,2039969.889,5313156.1482,2049969.889,5303156.1482,,
14153,2039969.889,5303156.1482,2049969.889,5293156.1482,,
14154,2039969.889,5293156.1482,2049969.889,5283156.1482,,
14155,2039969.889,5283156.1482,2049969.889,5273156.1482,,
14156,2039969.889,5273156.1482,2049969.889,5263156.1482,,
14157,2039969.889,5263156.1482,2049969.889,5253156.1482,,
14158,2039969.889,5253156.1482,2049969.889,5243156.1482,,
14159,2039969.889,5243156.1482,2049969.889,5233156.1482,,
14160,2039969.889,5233156.1482,2049969.889,5223156.1482,,
14161,2039969.889,5223156.1482,2049969.889,5213156.1482,,
14162,2039969.889,5213156.1482,2049969.889,5203156.1482,,
14163,2039969.889,5203156.1482,2049969.889,5193156.1482,,
14164,2039969.889,5193156.1482,2049969.889,5183156.1482,,
14165,2039969.889,5183156.1482,2049969.889,5173156.1482,,
14166,2039969.889,5173156.1482,2049969.889,5163156.1482,,
14167,2039969.889,5163156.1482,2049969.889,5153156.1482,,
14168,2039969.889,5153156.1482,2049969.889,5143156.1482,,
14169,2039969.889,5143156.1482,2049969.889,5133156.1482,,
14170,2039969.889,5133156.1482,2049969.889,5123156.1482,,
14171,2039969.889,5123156.1482,2049969.889,5113156.1482,,
14172,2039969.889,5113156.1482,2049969.889,5103156.1482,,
14173,2039969.889,5103156.1482,2049969.889,5093156.1482,,
14174,2039969.889,5093156.1482,2049969.889,5083156.1482,,
14175,2039969.889,5083156.1482,2049969.889,5073156.1482,,
14176,2039969.889,5073156.1482,2049969.889,5063156.1482,,
14177,2039969.889,5063156.1482,2049969.889,5053156.1482,,
14178,2039969.889,5053156.1482,2049969.889,5043156.1482,,
14179,2039969.889,5043156.1482,2049969.889,5033156.1482,,
14180,2039969.889,5033156.1482,2049969.889,5023156.1482,,
14181,2039969.889,5023156.1482,2049969.889,5013156.1482,,
14182,2039969.889,5013156.1482,2049969.889,5003156.1482,,
14183,2039969.889,5003156.1482,2049969.889,4993156.1482,,
14184,2039969.889,4993156.1482,2049969.889,4983156.1482,,
14185,2039969.889,4983156.1482,2049969.889,4973156.1482,,
14186,2039969.889,4973156.1482,2049969.889,4963156.1482,,
14187,2039969.889,4963156.1482,2049969.889,4953156.1482,,
14188,2039969.889,4953156.1482,2049969.889,4943156.1482,,
14189,2039969.889,4943156.1482,2049969.889,4933156.1482,,
14190,2039969.889,4933156.1482,2049969.889,4923156.1482,,
14191,2039969.889,4923156.1482,2049969.889,4913156.1482,,
14192,2039969.889,4913156.1482,2049969.889,4903156.1482,,
14193,2039969.889,4903156.1482,2049969.889,4893156.1482,,
14194,2039969.889,4893156.1482,2049969.889,4883156.1482,,
14195,2039969.889,4883156.1482,2049969.889,4873156.1482,,
14196,2039969.889,4873156.1482,2049969.889,4863156.1482,,
14197,2039969.889,4863156.1482,2049969.889,4853156.1482,,
14198,2039969.889,4853156.1482,2049969.889,4843156.1482,,
14199,2039969.889,4843156.1482,2049969.889,4833156.1482,,
14200,2039969.889,4833156.1482,2049969.889,4823156.1482,,
14201,2039969.889,4823156.1482,2049969.889,4813156.1482,,
14202,2039969.889,4813156.1482,2049969.889,4803156.1482,,
14203,2039969.889,4803156.1482,2049969.889,4793156.1482,,
14204,2039969.889,4793156.1482,2049969.889,4783156.1482,,
14205,2039969.889,4783156.1482,2049969.889,4773156.1482,,
14206,2039969.889,4773156.1482,2049969.889,4763156.1482,,
14207,2039969.889,4763156.1482,2049969.889,4753156.1482,,
14208,2039969.889,4753156.1482,2049969.889,4743156.1482,,
14209,2049969.889,6223156.1482,2059969.889,6213156.1482,,
14210,2049969.889,6213156.1482,2059969.889,6203156.1482,,
14211,2049969.889,6203156.1482,2059969.889,6193156.1482,,
14212,2049969.889,6193156.1482,2059969.889,6183156.1482,,
14213,2049969.889,6183156.1482,2059969.889,6173156.1482,,
14214,2049969.889,6173156.1482,2059969.889,6163156.1482,,
14215,2049969.889,6163156.1482,2059969.889,6153156.1482,,
14216,2049969.889,6153156.1482,2059969.889,6143156.1482,,
14217,2049969.889,6143156.1482,2059969.889,6133156.1482,,
14218,2049969.889,6133156.1482,2059969.889,6123156.1482,,
14219,2049969.889,6123156.1482,2059969.889,6113156.1482,,
14220,2049969.889,6113156.1482,2059969.889,6103156.1482,,
14221,2049969.889,6103156.1482,2059969.889,6093156.1482,,
14222,2049969.889,6093156.1482,2059969.889,6083156.1482,,
14223,2049969.889,6083156.1482,2059969.889,6073156.1482,,
14224,2049969.889,6073156.1482,2059969.889,6063156.1482,,
14225,2049969.889,6063156.1482,2059969.889,6053156.1482,,
14226,2049969.889,6053156.1482,2059969.889,6043156.1482,,
14227,2049969.889,6043156.1482,2059969.889,6033156.1482,,
14228,2049969.889,6033156.1482,2059969.889,6023156.1482,,
14229,2049969.889,6023156.1482,2059969.889,6013156.1482,,
14230,2049969.889,6013156.1482,2059969.889,6003156.1482,,
14231,2049969.889,6003156.1482,2059969.889,5993156.1482,,
14232,2049969.889,5993156.1482,2059969.889,5983156.1482,,
14233,2049969.889,5983156.1482,2059969.889,5973156.1482,,
14234,2049969.889,5973156.1482,2059969.889,5963156.1482,,
14235,2049969.889,5963156.1482,2059969.889,5953156.1482,,
14236,2049969.889,5953156.1482,2059969.889,5943156.1482,,
14237,2049969.889,5943156.1482,2059969.889,5933156.1482,,
14238,2049969.889,5933156.1482,2059969.889,5923156.1482,,
14239,2049969.889,5923156.1482,2059969.889,5913156.1482,,
14240,2049969.889,5913156.1482,2059969.889,5903156.1482,,
14241,2049969.889,5903156.1482,2059969.889,5893156.1482,,
14242,2049969.889,5893156.1482,2059969.889,5883156.1482,,
14243,2049969.889,5883156.1482,2059969.889,5873156.1482,,
14244,2049969.889,5873156.1482,2059969.889,5863156.1482,,
14245,2049969.889,5863156.1482,2059969.889,5853156.1482,,
14246,2049969.889,5853156.1482,2059969.889,5843156.1482,,
14247,2049969.889,5843156.1482,2059969.889,5833156.1482,38322.6678,12161.825
14248,2049969.889,5833156.1482,2059969.889,5823156.1482,107462346.9654,34103267.895
14249,2049969.889,5823156.1482,2059969.889,5813156.1482,119634864.9341,37966520.183
14250,2049969.889,5813156.1482,2059969.889,5803156.1482,106236124.9101,60846071.402
14251,2049969.889,5803156.1482,2059969.889,5793156.1482,93925585.9601,81867504.268
14252,2049969.889,5793156.1482,2059969.889,5783156.1482,105429585.3122,76128921.927
14253,2049969.889,5783156.1482,2059969.889,5773156.1482,147146465.1679,55311856.409
14254,2049969.889,5773156.1482,2059969.889,5763156.1482,147146480.087,55311862.017
14255,2049969.889,5763156.1482,2059969.889,5753156.1482,156778645.9219,66260790.843
14256,2049969.889,5753156.1482,2059969.889,5743156.1482,220436792.3482,138706950.858
14257,2049969.889,5743156.1482,2059969.889,5733156.1482,227391070.089,146608841.616
14258,2049969.889,5733156.1482,2059969.889,5723156.1482,227391094.0374,146608857.057
14259,2049969.889,5723156.1482,2059969.889,5713156.1482,135988861.8424,87677891.219
14260,2049969.889,5713156.1482,2059969.889,5703156.1482,2477743.0021,1597507.902
14261,2049969.889,5703156.1482,2059969.889,5693156.1482,,
14262,2049969.889,5693156.1482,2059969.889,5683156.1482,,
14263,2049969.889,5683156.1482,2059969.889,5673156.1482,,
14264,2049969.889,5673156.1482,2059969.889,5663156.1482,,
14265,2049969.889,5663156.1482,2059969.889,5653156.1482,,
14266,2049969.889,5653156.1482,2059969.889,5643156.1482,,
14267,2049969.889,5643156.1482,2059969.889,5633156.1482,,
14268,2049969.889,5633156.1482,2059969.889,5623156.1482,,
14269,2049969.889,5623156.1482,2059969.889,5613156.1482,,
14270,2049969.889,5613156.1482,2059969.889,5603156.1482,,
14271,2049969.889,5603156.1482,2059969.889,5593156.1482,,
14272,2049969.889,5593156.1482,2059969.889,5583156.1482,,
14273,2049969.889,5583156.1482,2059969.889,5573156.1482,,
14274,2049969.889,5573156.1482,2059969.889,5563156.1482,,
14275,2049969.889,5563156.1482,2059969.889,5553156.1482,,
14276,2049969.889,5553156.1482,2059969.889,5543156.1482,,
14277,2049969.889,5543156.1482,2059969.889,5533156.1482,,
14278,2049969.889,5533156.1482,2059969.889,5523156.1482,,
14279,2049969.889,5523156.1482,2059969.889,5513156.1482,,
14280,2049969.889,5513156.1482,2059969.889,5503156.1482,,
14281,2049969.889,5503156.1482,2059969.889,5493156.1482,,
14282,2049969.889,5493156.1482,2059969.889,5483156.1482,,
14283,2049969.889,5483156.1482,2059969.889,5473156.1482,,
14284,2049969.889,5473156.1482,2059969.889,5463156.1482,,
14285,2049969.889,5463156.1482,2059969.889,5453156.1482,,
14286,2049969.889,5453156.1482,2059969.889,5443156.1482,,
14287,2049969.889,5443156.1482,2059969.889,5433156.1482,,
14288,2049969.889,5433156.1482,2059969.889,5423156.1482,,
14289,2049969.889,5423156.1482,2059969.889,5413156.1482,,
14290,2049969.889,5413156.1482,2059969.889,5403156.1482,,
14291,2049969.889,5403156.1482,2059969.889,5393156.1482,,
14292,2049969.889,5393156.1482,2059969.889,5383156.1482,,
14293,2049969.889,5383156.1482,2059969.889,5373156.1482,,
14294,2049969.889,5373156.1482,2059969.889,5363156.1482,,
14295,2049969.889,5363156.1482,2059969.889,5353156.1482,,
14296,2049969.889,5353156.1482,2059969.889,5343156.1482,,
14297,2049969.889,5343156.1482,2059969.889,5333156.1482,,
14298,2049969.889,5333156.1482,2059969.889,5323156.1482,,
14299,2049969.889,5323156.1482,2059969.889,5313156.1482,,
14300,2049969.889,5313156.1482,2059969.889,5303156.1482,,
14301,2049969.889,5303156.1482,2059969.889,5293156.1482,,
14302,2049969.889,5293156.1482,2059969.889,5283156.1482,,
14303,2049969.889,5283156.1482,2059969.889,5273156.1482,,
14304,2049969.889,5273156.1482,2059969.889,5263156.1482,,
14305,2049969.889,5263156.1482,2059969.889,5253156.1482,,
14306,2049969.889,5253156.1482,2059969.889,5243156.1482,,
14307,2049969.889,5243156.1482,2059969.889,5233156.1482,,
14308,2049969.889,5233156.1482,2059969.889,5223156.1482,,
14309,2049969.889,5223156.1482,2059969.889,5213156.1482,,
14310,2049969.889,5213156.1482,2059969.889,5203156.1482,,
14311,2049969.889,5203156.1482,2059969.889,5193156.1482,,
14312,2049969.889,5193156.1482,2059969.889,5183156.1482,,
14313,2049969.889,5183156.1482,2059969.889,5173156.1482,,
14314,2049969.889,5173156.1482,2059969.889,5163156.1482,,
14315,2049969.889,5163156.1482,2059969.889,5153156.1482,,
14316,2049969.889,5153156.1482,2059969.889,5143156.1482,,
14317,2049969.889,5143156.1482,2059969.889,5133156.1482,,
14318,2049969.889,5133156.1482,2059969.889,5123156.1482,,
14319,2049969.889,5123156.1482,2059969.889,5113156.1482,,
14320,2049969.889,5113156.1482,2059969.889,5103156.1482,,
14321,2049969.889,5103156.1482,2059969.889,5093156.1482,,
14322,2049969.889,5093156.1482,2059969.889,5083156.1482,,
14323,2049969.889,5083156.1482,2059969.889,5073156.1482,,
14324,2049969.889,5073156.1482,2059969.889,5063156.1482,,
14325,2049969.889,5063156.1482,2059969.889,5053156.1482,,
14326,2049969.889,5053156.1482,2059969.889,5043156.1482,,
14327,2049969.889,5043156.1482,2059969.889,5033156.1482,,
14328,2049969.889,5033156.1482,2059969.889,5023156.1482,,
14329,2049969.889,5023156.1482,2059969.889,5013156.1482,,
14330,2049969.889,5013156.1482,2059969.889,5003156.1482,,
14331,2049969.889,5003156.1482,2059969.889,4993156.1482,,
14332,2049969.889,4993156.1482,2059969.889,4983156.1482,,
14333,2049969.889,4983156.1482,2059969.889,4973156.1482,,
14334,2049969.889,4973156.1482,2059969.889,4963156.1482,,
14335,2049969.889,4963156.1482,2059969.889,4953156.1482,,
14336,2049969.889,4953156.1482,2059969.889,4943156.1482,,
14337,2049969.889,4943156.1482,2059969.889,4933156.1482,,
14338,2049969.889,4933156.1482,2059969.889,4923156.1482,,
14339,2049969.889,4923156.1482,2059969.889,4913156.1482,,
14340,2049969.889,4913156.1482,2059969.889,4903156.1482,,
14341,2049969.889,4903156.1482,2059969.889,4893156.1482,,
14342,2049969.889,4893156.1482,2059969.889,4883156.1482,,
14343,2049969.889,4883156.1482,2059969.889,4873156.1482,,
14344,2049969.889,4873156.1482,2059969.889,4863156.1482,,
14345,2049969.889,4863156.1482,2059969.889,4853156.1482,,
14346,2049969.889,4853156.1482,2059969.889,4843156.1482,,
14347,2049969.889,4843156.1482,2059969.889,4833156.1482,,
14348,2049969.889,4833156.1482,2059969.889,4823156.1482,,
14349,2049969.889,4823156.1482,2059969.889,4813156.1482,,
14350,2049969.889,4813156.1482,2059969.889,4803156.1482,,
14351,2049969.889,4803156.1482,2059969.889,4793156.1482,,
14352,2049969.889,4793156.1482,2059969.889,4783156.1482,,
14353,2049969.889,4783156.1482,2059969.889,4773156.1482,,
14354,2049969.889,4773156.1482,2059969.889,4763156.1482,,
14355,2049969.889,4763156.1482,2059969.889,4753156.1482,,
14356,2049969.889,4753156.1482,2059969.889,4743156.1482,,
14357,2059969.889,6223156.1482,2069969.889,6213156.1482,,
14358,2059969.889,6213156.1482,2069969.889,6203156.1482,,
14359,2059969.889,6203156.1482,2069969.889,6193156.1482,,
14360,2059969.889,6193156.1482,2069969.889,6183156.1482,,
14361,2059969.889,6183156.1482,2069969.889,6173156.1482,,
14362,2059969.889,6173156.1482,2069969.889,6163156.1482,,
14363,2059969.889,6163156.1482,2069969.889,6153156.1482,,
14364,2059969.889,6153156.1482,2069969.889,6143156.1482,,
14365,2059969.889,6143156.1482,2069969.889,6133156.1482,,
14366,2059969.889,6133156.1482,2069969.889,6123156.1482,,
14367,2059969.889,6123156.1482,2069969.889,6113156.1482,,
14368,2059969.889,6113156.1482,2069969.889,6103156.1482,,
14369,2059969.889,6103156.1482,2069969.889,6093156.1482,,
14370,2059969.889,6093156.1482,2069969.889,6083156.1482,,
14371,2059969.889,6083156.1482,2069969.889,6073156.1482,,
14372,2059969.889,6073156.1482,2069969.889,6063156.1482,,
14373,2059969.889,6063156.1482,2069969.889,6053156.1482,,
14374,2059969.889,6053156.1482,2069969.889,6043156.1482,,
14375,2059969.889,6043156.1482,2069969.889,6033156.1482,,
14376,2059969.889,6033156.1482,2069969.889,6023156.1482,,
14377,2059969.889,6023156.1482,2069969.889,6013156.1482,,
14378,2059969.889,6013156.1482,2069969.889,6003156.1482,,
14379,2059969.889,6003156.1482,2069969.889,5993156.1482,,
14380,2059969.889,5993156.1482,2069969.889,5983156.1482,,
14381,2059969.889,5983156.1482,2069969.889,5973156.1482,,
14382,2059969.889,5973156.1482,2069969.889,5963156.1482,,
14383,2059969.889,5963156.1482,2069969.889,5953156.1482,,
14384,2059969.889,5953156.1482,2069969.889,5943156.1482,,
14385,2059969.889,5943156.1482,2069969.889,5933156.1482,,
14386,2059969.889,5933156.1482,2069969.889,5923156.1482,,
14387,2059969.889,5923156.1482,2069969.889,5913156.1482,,
14388,2059969.889,5913156.1482,2069969.889,5903156.1482,,
14389,2059969.889,5903156.1482,2069969.889,5893156.1482,,
14390,2059969.889,5893156.1482,2069969.889,5883156.1482,,
14391,2059969.889,5883156.1482,2069969.889,5873156.1482,,
14392,2059969.889,5873156.1482,2069969.889,5863156.1482,,
14393,2059969.889,5863156.1482,2069969.889,5853156.1482,,
14394,2059969.889,5853156.1482,2069969.889,5843156.1482,,
14395,2059969.889,5843156.1482,2069969.889,5833156.1482,,
14396,2059969.889,5833156.1482,2069969.889,5823156.1482,85847887.6063,27244111.148
14397,2059969.889,5823156.1482,2069969.889,5813156.1482,119607793.2544,37957928.895
14398,2059969.889,5813156.1482,2069969.889,5803156.1482,114837988.2342,46128119.604
14399,2059969.889,5803156.1482,2069969.889,5793156.1482,94630467.0329,80586224.131
14400,2059969.889,5793156.1482,2069969.889,5783156.1482,104337107.246,76643617.841
14401,2059969.889,5783156.1482,2069969.889,5773156.1482,137177736.5336,51564645.178
14402,2059969.889,5773156.1482,2069969.889,5763156.1482,121333546.699,45608868.041
14403,2059969.889,5763156.1482,2069969.889,5753156.1482,104863506.7913,39417835.988
14404,2059969.889,5753156.1482,2069969.889,5743156.1482,125454800.4247,70003052.113
14405,2059969.889,5743156.1482,2069969.889,5733156.1482,126568048.7633,81603886.237
14406,2059969.889,5733156.1482,2069969.889,5723156.1482,38737040.4786,24975442.659
14407,2059969.889,5723156.1482,2069969.889,5713156.1482,4838576.7119,3119639.336
14408,2059969.889,5713156.1482,2069969.889,5703156.1482,,
14409,2059969.889,5703156.1482,2069969.889,5693156.1482,,
14410,2059969.889,5693156.1482,2069969.889,5683156.1482,,
14411,2059969.889,5683156.1482,2069969.889,5673156.1482,,
14412,2059969.889,5673156.1482,2069969.889,5663156.1482,,
14413,2059969.889,5663156.1482,2069969.889,5653156.1482,,
14414,2059969.889,5653156.1482,2069969.889,5643156.1482,,
14415,2059969.889,5643156.1482,2069969.889,5633156.1482,,
14416,2059969.889,5633156.1482,2069969.889,5623156.1482,,
14417,2059969.889,5623156.1482,2069969.889,5613156.1482,,
14418,2059969.889,5613156.1482,2069969.889,5603156.1482,,
14419,2059969.889,5603156.1482,2069969.889,5593156.1482,,
14420,2059969.889,5593156.1482,2069969.889,5583156.1482,,
14421,2059969.889,5583156.1482,2069969.889,5573156.1482,,
14422,2059969.889,5573156.1482,2069969.889,5563156.1482,,
14423,2059969.889,5563156.1482,2069969.889,5553156.1482,,
14424,2059969.889,5553156.1482,2069969.889,5543156.1482,,
14425,2059969.889,5543156.1482,2069969.889,5533156.1482,,
14426,2059969.889,5533156.1482,2069969.889,5523156.1482,,
14427,2059969.889,5523156.1482,2069969.889,5513156.1482,,
14428,2059969.889,5513156.1482,2069969.889,5503156.1482,,
14429,2059969.889,5503156.1482,2069969.889,5493156.1482,,
14430,2059969.889,5493156.1482,2069969.889,5483156.1482,,
14431,2059969.889,5483156.1482,2069969.889,5473156.1482,,
14432,2059969.889,5473156.1482,2069969.889,5463156.1482,,
14433,2059969.889,5463156.1482,2069969.889,5453156.1482,,
14434,2059969.889,5453156.1482,2069969.889,5443156.1482,,
14435,2059969.889,5443156.1482,2069969.889,5433156.1482,,
14436,2059969.889,5433156.1482,2069969.889,5423156.1482,,
14437,2059969.889,5423156.1482,2069969.889,5413156.1482,,
14438,2059969.889,5413156.1482,2069969.889,5403156.1482,,
14439,2059969.889,5403156.1482,2069969.889,5393156.1482,,
14440,2059969.889,5393156.1482,2069969.889,5383156.1482,,
14441,2059969.889,5383156.1482,2069969.889,5373156.1482,,
14442,2059969.889,5373156.1482,2069969.889,5363156.1482,,
14443,2059969.889,5363156.1482,2069969.889,5353156.1482,,
14444,2059969.889,5353156.1482,2069969.889,5343156.1482,,
14445,2059969.889,5343156.1482,2069969.889,5333156.1482,,
14446,2059969.889,5333156.1482,2069969.889,5323156.1482,,
14447,2059969.889,5323156.1482,2069969.889,5313156.1482,,
14448,2059969.889,5313156.1482,2069969.889,5303156.1482,,
14449,2059969.889,5303156.1482,2069969.889,5293156.1482,,
14450,2059969.889,5293156.1482,2069969.889,5283156.1482,,
14451,2059969.889,5283156.1482,2069969.889,5273156.1482,,
14452,2059969.889,5273156.1482,2069969.889,5263156.1482,,
14453,2059969.889,5263156.1482,2069969.889,5253156.1482,,
14454,2059969.889,5253156.1482,2069969.889,5243156.1482,,
14455,2059969.889,5243156.1482,2069969.889,5233156.1482,,
14456,2059969.889,5233156.1482,2069969.889,5223156.1482,,
14457,2059969.889,5223156.1482,2069969.889,5213156.1482,,
14458,2059969.889,5213156.1482,2069969.889,5203156.1482,,
14459,2059969.889,5203156.1482,2069969.889,5193156.1482,,
14460,2059969.889,5193156.1482,2069969.889,5183156.1482,,
14461,2059969.889,5183156.1482,2069969.889,5173156.1482,,
14462,2059969.889,5173156.1482,2069969.889,5163156.1482,,
14463,2059969.889,5163156.1482,2069969.889,5153156.1482,,
14464,2059969.889,5153156.1482,2069969.889,5143156.1482,,
14465,2059969.889,5143156.1482,2069969.889,5133156.1482,,
14466,2059969.889,5133156.1482,2069969.889,5123156.1482,,
14467,2059969.889,5123156.1482,2069969.889,5113156.1482,,
14468,2059969.889,5113156.1482,2069969.889,5103156.1482,,
14469,2059969.889,5103156.1482,2069969.889,5093156.1482,,
14470,2059969.889,5093156.1482,2069969.889,5083156.1482,,
14471,2059969.889,5083156.1482,2069969.889,5073156.1482,,
14472,2059969.889,5073156.1482,2069969.889,5063156.1482,,
14473,2059969.889,5063156.1482,2069969.889,5053156.1482,,
14474,2059969.889,5053156.1482,2069969.889,5043156.1482,,
14475,2059969.889,5043156.1482,2069969.889,5033156.1482,,
14476,2059969.889,5033156.1482,2069969.889,5023156.1482,,
14477,2059969.889,5023156.1482,2069969.889,5013156.1482,,
14478,2059969.889,5013156.1482,2069969.889,5003156.1482,,
14479,2059969.889,5003156.1482,2069969.889,4993156.1482,,
14480,2059969.889,4993156.1482,2069969.889,4983156.1482,,
14481,2059969.889,4983156.1482,2069969.889,4973156.1482,,
14482,2059969.889,4973156.1482,2069969.889,4963156.1482,,
14483,2059969.889,4963156.1482,2069969.889,4953156.1482,,
14484,2059969.889,4953156.1482,2069969.889,4943156.1482,,
14485,2059969.889,4943156.1482,2069969.889,4933156.1482,,
14486,2059969.889,4933156.1482,2069969.889,4923156.1482,,
14487,2059969.889,4923156.1482,2069969.889,4913156.1482,,
14488,2059969.889,4913156.1482,2069969.889,4903156.1482,,
14489,2059969.889,4903156.1482,2069969.889,4893156.1482,,
14490,2059969.889,4893156.1482,2069969.889,4883156.1482,,
14491,2059969.889,4883156.1482,2069969.889,4873156.1482,,
14492,2059969.889,4873156.1482,2069969.889,4863156.1482,,
14493,2059969.889,4863156.1482,2069969.889,4853156.1482,,
14494,2059969.889,4853156.1482,2069969.889,4843156.1482,,
14495,2059969.889,4843156.1482,2069969.889,4833156.1482,,
14496,2059969.889,4833156.1482,2069969.889,4823156.1482,,
14497,2059969.889,4823156.1482,2069969.889,4813156.1482,,
14498,2059969.889,4813156.1482,2069969.889,4803156.1482,,
14499,2059969.889,4803156.1482,2069969.889,4793156.1482,,
14500,2059969.889,4793156.1482,2069969.889,4783156.1482,,
14501,2059969.889,4783156.1482,2069969.889,4773156.1482,,
14502,2059969.889,4773156.1482,2069969.889,4763156.1482,,
14503,2059969.889,4763156.1482,2069969.889,4753156.1482,,
14504,2059969.889,4753156.1482,2069969.889,4743156.1482,,
14505,2069969.889,6223156.1482,2079969.889,6213156.1482,,
14506,2069969.889,6213156.1482,2079969.889,6203156.1482,,
14507,2069969.889,6203156.1482,2079969.889,6193156.1482,,
14508,2069969.889,6193156.1482,2079969.889,6183156.1482,,
14509,2069969.889,6183156.1482,2079969.889,6173156.1482,,
14510,2069969.889,6173156.1482,2079969.889,6163156.1482,,
14511,2069969.889,6163156.1482,2079969.889,6153156.1482,,
14512,2069969.889,6153156.1482,2079969.889,6143156.1482,,
14513,2069969.889,6143156.1482,2079969.889,6133156.1482,,
14514,2069969.889,6133156.1482,2079969.889,6123156.1482,,
14515,2069969.889,6123156.1482,2079969.889,6113156.1482,,
14516,2069969.889,6113156.1482,2079969.889,6103156.1482,,
14517,2069969.889,6103156.1482,2079969.889,6093156.1482,,
14518,2069969.889,6093156.1482,2079969.889,6083156.1482,,
14519,2069969.889,6083156.1482,2079969.889,6073156.1482,,
14520,2069969.889,6073156.1482,2079969.889,6063156.1482,,
14521,2069969.889,6063156.1482,2079969.889,6053156.1482,,
14522,2069969.889,6053156.1482,2079969.889,6043156.1482,,
14523,2069969.889,6043156.1482,2079969.889,6033156.1482,,
14524,2069969.889,6033156.1482,2079969.889,6023156.1482,,
14525,2069969.889,6023156.1482,2079969.889,6013156.1482,,
14526,2069969.889,6013156.1482,2079969.889,6003156.1482,,
14527,2069969.889,6003156.1482,2079969.889,5993156.1482,,
14528,2069969.889,5993156.1482,2079969.889,5983156.1482,,
14529,2069969.889,5983156.1482,2079969.889,5973156.1482,,
14530,2069969.889,5973156.1482,2079969.889,5963156.1482,,
14531,2069969.889,5963156.1482,2079969.889,5953156.1482,,
14532,2069969.889,5953156.1482,2079969.889,5943156.1482,,
14533,2069969.889,5943156.1482,2079969.889,5933156.1482,,
14534,2069969.889,5933156.1482,2079969.889,5923156.1482,,
14535,2069969.889,5923156.1482,2079969.889,5913156.1482,,
14536,2069969.889,5913156.1482,2079969.889,5903156.1482,,
14537,2069969.889,5903156.1482,2079969.889,5893156.1482,,
14538,2069969.889,5893156.1482,2079969.889,5883156.1482,,
14539,2069969.889,5883156.1482,2079969.889,5873156.1482,,
14540,2069969.889,5873156.1482,2079969.889,5863156.1482,,
14541,2069969.889,5863156.1482,2079969.889,5853156.1482,,
14542,2069969.889,5853156.1482,2079969.889,5843156.1482,,
14543,2069969.889,5843156.1482,2079969.889,5833156.1482,,
14544,2069969.889,5833156.1482,2079969.889,5823156.1482,1419179.4827,450381.304
14545,2069969.889,5823156.1482,2079969.889,5813156.1482,102740945.678,32605179.015
14546,2069969.889,5813156.1482,2079969.889,5803156.1482,119580155.1391,37949157.848
14547,2069969.889,5803156.1482,2079969.889,5793156.1482,86407691.1554,52037085.409
14548,2069969.889,5793156.1482,2079969.889,5783156.1482,39519179.042,33438840.592
14549,2069969.889,5783156.1482,2079969.889,5773156.1482,6014804.1881,2260944.462
14550,2069969.889,5773156.1482,2079969.889,5763156.1482,7063327.3658,2655080.763
14551,2069969.889,5763156.1482,2079969.889,5753156.1482,54963.4942,20660.591
14552,2069969.889,5753156.1482,2079969.889,5743156.1482,,
14553,2069969.889,5743156.1482,2079969.889,5733156.1482,,
14554,2069969.889,5733156.1482,2079969.889,5723156.1482,,
14555,2069969.889,5723156.1482,2079969.889,5713156.1482,,
14556,2069969.889,5713156.1482,2079969.889,5703156.1482,,
14557,2069969.889,5703156.1482,2079969.889,5693156.1482,,
14558,2069969.889,5693156.1482,2079969.889,5683156.1482,,
14559,2069969.889,5683156.1482,2079969.889,5673156.1482,,
14560,2069969.889,5673156.1482,2079969.889,5663156.1482,,
14561,2069969.889,5663156.1482,2079969.889,5653156.1482,,
14562,2069969.889,5653156.1482,2079969.889,5643156.1482,,
14563,2069969.889,5643156.1482,2079969.889,5633156.1482,,
14564,2069969.889,5633156.1482,2079969.889,5623156.1482,,
14565,2069969.889,5623156.1482,2079969.889,5613156.1482,,
14566,2069969.889,5613156.1482,2079969.889,5603156.1482,,
14567,2069969.889,5603156.1482,2079969.889,5593156.1482,,
14568,2069969.889,5593156.1482,2079969.889,5583156.1482,,
14569,2069969.889,5583156.1482,2079969.889,5573156.1482,,
14570,2069969.889,5573156.1482,2079969.889,5563156.1482,,
14571,2069969.889,5563156.1482,2079969.889,5553156.1482,,
14572,2069969.889,5553156.1482,2079969.889,5543156.1482,,
14573,2069969.889,5543156.1482,2079969.889,5533156.1482,,
14574,2069969.889,5533156.1482,2079969.889,5523156.1482,,
14575,2069969.889,5523156.1482,2079969.889,5513156.1482,,
14576,2069969.889,5513156.1482,2079969.889,5503156.1482,,
14577,2069969.889,5503156.1482,2079969.889,5493156.1482,,
14578,2069969.889,5493156.1482,2079969.889,5483156.1482,,
14579,2069969.889,5483156.1482,2079969.889,5473156.1482,,
14580,2069969.889,5473156.1482,2079969.889,5463156.1482,,
14581,2069969.889,5463156.1482,2079969.889,5453156.1482,,
14582,2069969.889,5453156.1482,2079969.889,5443156.1482,,
14583,2069969.889,5443156.1482,2079969.889,5433156.1482,,
14584,2069969.889,5433156.1482,2079969.889,5423156.1482,,
14585,2069969.889,5423156.1482,2079969.889,5413156.1482,,
14586,2069969.889,5413156.1482,2079969.889,5403156.1482,,
14587,2069969.889,5403156.1482,2079969.889,5393156.1482,,
14588,2069969.889,5393156.1482,2079969.889,5383156.1482,,
14589,2069969.889,5383156.1482,2079969.889,5373156.1482,,
14590,2069969.889,5373156.1482,2079969.889,5363156.1482,,
14591,2069969.889,5363156.1482,2079969.889,5353156.1482,,
14592,2069969.889,5353156.1482,2079969.889,5343156.1482,,
14593,2069969.889,5343156.1482,2079969.889,5333156.1482,,
14594,2069969.889,5333156.1482,2079969.889,5323156.1482,,
14595,2069969.889,5323156.1482,2079969.889,5313156.1482,,
14596,2069969.889,5313156.1482,2079969.889,5303156.1482,,
14597,2069969.889,5303156.1482,2079969.889,5293156.1482,,
14598,2069969.889,5293156.1482,2079969.889,5283156.1482,,
14599,2069969.889,5283156.1482,2079969.889,5273156.1482,,
14600,2069969.889,5273156.1482,2079969.889,5263156.1482,,
14601,2069969.889,5263156.1482,2079969.889,5253156.1482,,
14602,2069969.889,5253156.1482,2079969.889,5243156.1482,,
14603,2069969.889,5243156.1482,2079969.889,5233156.1482,,
14604,2069969.889,5233156.1482,2079969.889,5223156.1482,,
14605,2069969.889,5223156.1482,2079969.889,5213156.1482,,
14606,2069969.889,5213156.1482,2079969.889,5203156.1482,,
14607,2069969.889,5203156.1482,2079969.889,5193156.1482,,
14608,2069969.889,5193156.1482,2079969.889,5183156.1482,,
14609,2069969.889,5183156.1482,2079969.889,5173156.1482,,
14610,2069969.889,5173156.1482,2079969.889,5163156.1482,,
14611,2069969.889,5163156.1482,2079969.889,5153156.1482,,
14612,2069969.889,5153156.1482,2079969.889,5143156.1482,,
14613,2069969.889,5143156.1482,2079969.889,5133156.1482,,
14614,2069969.889,5133156.1482,2079969.889,5123156.1482,,
14615,2069969.889,5123156.1482,2079969.889,5113156.1482,,
14616,2069969.889,5113156.1482,2079969.889,5103156.1482,,
14617,2069969.889,5103156.1482,2079969.889,5093156.1482,,
14618,2069969.889,5093156.1482,2079969.889,5083156.1482,,
14619,2069969.889,5083156.1482,2079969.889,5073156.1482,,
14620,2069969.889,5073156.1482,2079969.889,5063156.1482,,
14621,2069969.889,5063156.1482,2079969.889,5053156.1482,,
14622,2069969.889,5053156.1482,2079969.889,5043156.1482,,
14623,2069969.889,5043156.1482,2079969.889,5033156.1482,,
14624,2069969.889,5033156.1482,2079969.889,5023156.1482,,
14625,2069969.889,5023156.1482,2079969.889,5013156.1482,,
14626,2069969.889,5013156.1482,2079969.889,5003156.1482,,
14627,2069969.889,5003156.1482,2079969.889,4993156.1482,,
14628,2069969.889,4993156.1482,2079969.889,4983156.1482,,
14629,2069969.889,4983156.1482,2079969.889,4973156.1482,,
14630,2069969.889,4973156.1482,2079969.889,4963156.1482,,
14631,2069969.889,4963156.1482,2079969.889,4953156.1482,,
14632,2069969.889,4953156.1482,2079969.889,4943156.1482,,
14633,2069969.889,4943156.1482,2079969.889,4933156.1482,,
14634,2069969.889,4933156.1482,2079969.889,4923156.1482,,
14635,2069969.889,4923156.1482,2079969.889,4913156.1482,,
14636,2069969.889,4913156.1482,2079969.889,4903156.1482,,
14637,2069969.889,4903156.1482,2079969.889,4893156.1482,,
14638,2069969.889,4893156.1482,2079969.889,4883156.1482,,
14639,2069969.889,4883156.1482,2079969.889,4873156.1482,,
14640,2069969.889,4873156.1482,2079969.889,4863156.1482,,
14641,2069969.889,4863156.1482,2079969.889,4853156.1482,,
14642,2069969.889,4853156.1482,2079969.889,4843156.1482,,
14643,2069969.889,4843156.1482,2079969.889,4833156.1482,,
14644,2069969.889,4833156.1482,2079969.889,4823156.1482,,
14645,2069969.889,4823156.1482,2079969.889,4813156.1482,,
14646,2069969.889,4813156.1482,2079969.889,4803156.1482,,
14647,2069969.889,4803156.1482,2079969.889,4793156.1482,,
14648,2069969.889,4793156.1482,2079969.889,4783156.1482,,
14649,2069969.889,4783156.1482,2079969.889,4773156.1482,,
14650,2069969.889,4773156.1482,2079969.889,4763156.1482,,
14651,2069969.889,4763156.1482,2079969.889,4753156.1482,,
14652,2069969.889,4753156.1482,2079969.889,4743156.1482,,
14653,2079969.889,6223156.1482,2089969.889,6213156.1482,,
14654,2079969.889,6213156.1482,2089969.889,6203156.1482,,
14655,2079969.889,6203156.1482,2089969.889,6193156.1482,,
14656,2079969.889,6193156.1482,2089969.889,6183156.1482,,
14657,2079969.889,6183156.1482,2089969.889,6173156.1482,,
14658,2079969.889,6173156.1482,2089969.889,6163156.1482,,
14659,2079969.889,6163156.1482,2089969.889,6153156.1482,,
14660,2079969.889,6153156.1482,2089969.889,6143156.1482,,
14661,2079969.889,6143156.1482,2089969.889,6133156.1482,,
14662,2079969.889,6133156.1482,2089969.889,6123156.1482,,
14663,2079969.889,6123156.1482,2089969.889,6113156.1482,,
14664,2079969.889,6113156.1482,2089969.889,6103156.1482,,
14665,2079969.889,6103156.1482,2089969.889,6093156.1482,,
14666,2079969.889,6093156.1482,2089969.889,6083156.1482,,
14667,2079969.889,6083156.1482,2089969.889,6073156.1482,,
14668,2079969.889,6073156.1482,2089969.889,6063156.1482,,
14669,2079969.889,6063156.1482,2089969.889,6053156.1482,,
14670,2079969.889,6053156.1482,2089969.889,6043156.1482,,
14671,2079969.889,6043156.1482,2089969.889,6033156.1482,,
14672,2079969.889,6033156.1482,2089969.889,6023156.1482,,
14673,2079969.889,6023156.1482,2089969.889,6013156.1482,,
14674,2079969.889,6013156.1482,2089969.889,6003156.1482,,
14675,2079969.889,6003156.1482,2089969.889,5993156.1482,,
14676,2079969.889,5993156.1482,2089969.889,5983156.1482,,
14677,2079969.889,5983156.1482,2089969.889,5973156.1482,,
14678,2079969.889,5973156.1482,2089969.889,5963156.1482,,
14679,2079969.889,5963156.1482,2089969.889,5953156.1482,,
14680,2079969.889,5953156.1482,2089969.889,5943156.1482,,
14681,2079969.889,5943156.1482,2089969.889,5933156.1482,,
14682,2079969.889,5933156.1482,2089969.889,5923156.1482,,
14683,2079969.889,5923156.1482,2089969.889,5913156.1482,,
14684,2079969.889,5913156.1482,2089969.889,5903156.1482,,
14685,2079969.889,5903156.1482,2089969.889,5893156.1482,,
14686,2079969.889,5893156.1482,2089969.889,5883156.1482,,
14687,2079969.889,5883156.1482,2089969.889,5873156.1482,,
14688,2079969.889,5873156.1482,2089969.889,5863156.1482,,
14689,2079969.889,5863156.1482,2089969.889,5853156.1482,,
14690,2079969.889,5853156.1482,2089969.889,5843156.1482,,
14691,2079969.889,5843156.1482,2089969.889,5833156.1482,,
14692,2079969.889,5833156.1482,2089969.889,5823156.1482,,
14693,2079969.889,5823156.1482,2089969.889,5813156.1482,57577381.3814,18272372.468
14694,2079969.889,5813156.1482,2089969.889,5803156.1482,64720721.0891,20539334.957
14695,2079969.889,5803156.1482,2089969.889,5793156.1482,1947814.8021,618145.472
14696,2079969.889,5793156.1482,2089969.889,5783156.1482,,
14697,2079969.889,5783156.1482,2089969.889,5773156.1482,,
14698,2079969.889,5773156.1482,2089969.889,5763156.1482,,
14699,2079969.889,5763156.1482,2089969.889,5753156.1482,,
14700,2079969.889,5753156.1482,2089969.889,5743156.1482,,
14701,2079969.889,5743156.1482,2089969.889,5733156.1482,,
14702,2079969.889,5733156.1482,2089969.889,5723156.1482,,
14703,2079969.889,5723156.1482,2089969.889,5713156.1482,,
14704,2079969.889,5713156.1482,2089969.889,5703156.1482,,
14705,2079969.889,5703156.1482,2089969.889,5693156.1482,,
14706,2079969.889,5693156.1482,2089969.889,5683156.1482,,
14707,2079969.889,5683156.1482,2089969.889,5673156.1482,,
14708,2079969.889,5673156.1482,2089969.889,5663156.1482,,
14709,2079969.889,5663156.1482,2089969.889,5653156.1482,,
14710,2079969.889,5653156.1482,2089969.889,5643156.1482,,
14711,2079969.889,5643156.1482,2089969.889,5633156.1482,,
14712,2079969.889,5633156.1482,2089969.889,5623156.1482,,
14713,2079969.889,5623156.1482,2089969.889,5613156.1482,,
14714,2079969.889,5613156.1482,2089969.889,5603156.1482,,
14715,2079969.889,5603156.1482,2089969.889,5593156.1482,,
14716,2079969.889,5593156.1482,2089969.889,5583156.1482,,
14717,2079969.889,5583156.1482,2089969.889,5573156.1482,,
14718,2079969.889,5573156.1482,2089969.889,5563156.1482,,
14719,2079969.889,5563156.1482,2089969.889,5553156.1482,,
14720,2079969.889,5553156.1482,2089969.889,5543156.1482,,
14721,2079969.889,5543156.1482,2089969.889,5533156.1482,,
14722,2079969.889,5533156.1482,2089969.889,5523156.1482,,
14723,2079969.889,5523156.1482,2089969.889,5513156.1482,,
14724,2079969.889,5513156.1482,2089969.889,5503156.1482,,
14725,2079969.889,5503156.1482,2089969.889,5493156.1482,,
14726,2079969.889,5493156.1482,2089969.889,5483156.1482,,
14727,2079969.889,5483156.1482,2089969.889,5473156.1482,,
14728,2079969.889,5473156.1482,2089969.889,5463156.1482,,
14729,2079969.889,5463156.1482,2089969.889,5453156.1482,,
14730,2079969.889,5453156.1482,2089969.889,5443156.1482,,
14731,2079969.889,5443156.1482,2089969.889,5433156.1482,,
14732,2079969.889,5433156.1482,2089969.889,5423156.1482,,
14733,2079969.889,5423156.1482,2089969.889,5413156.1482,,
14734,2079969.889,5413156.1482,2089969.889,5403156.1482,,
14735,2079969.889,5403156.1482,2089969.889,5393156.1482,,
14736,2079969.889,5393156.1482,2089969.889,5383156.1482,,
14737,2079969.889,5383156.1482,2089969.889,5373156.1482,,
14738,2079969.889,5373156.1482,2089969.889,5363156.1482,,
14739,2079969.889,5363156.1482,2089969.889,5353156.1482,,
14740,2079969.889,5353156.1482,2089969.889,5343156.1482,,
14741,2079969.889,5343156.1482,2089969.889,5333156.1482,,
14742,2079969.889,5333156.1482,2089969.889,5323156.1482,,
14743,2079969.889,5323156.1482,2089969.889,5313156.1482,,
14744,2079969.889,5313156.1482,2089969.889,5303156.1482,,
14745,2079969.889,5303156.1482,2089969.889,5293156.1482,,
14746,2079969.889,5293156.1482,2089969.889,5283156.1482,,
14747,2079969.889,5283156.1482,2089969.889,5273156.1482,,
14748,2079969.889,5273156.1482,2089969.889,5263156.1482,,
14749,2079969.889,5263156.1482,2089969.889,5253156.1482,,
14750,2079969.889,5253156.1482,2089969.889,5243156.1482,,
14751,2079969.889,5243156.1482,2089969.889,5233156.1482,,
14752,2079969.889,5233156.1482,2089969.889,5223156.1482,,
14753,2079969.889,5223156.1482,2089969.889,5213156.1482,,
14754,2079969.889,5213156.1482,2089969.889,5203156.1482,,
14755,2079969.889,5203156.1482,2089969.889,5193156.1482,,
14756,2079969.889,5193156.1482,2089969.889,5183156.1482,,
14757,2079969.889,5183156.1482,2089969.889,5173156.1482,,
14758,2079969.889,5173156.1482,2089969.889,5163156.1482,,
14759,2079969.889,5163156.1482,2089969.889,5153156.1482,,
14760,2079969.889,5153156.1482,2089969.889,5143156.1482,,
14761,2079969.889,5143156.1482,2089969.889,5133156.1482,,
14762,2079969.889,5133156.1482,2089969.889,5123156.1482,,
14763,2079969.889,5123156.1482,2089969.889,5113156.1482,,
14764,2079969.889,5113156.1482,2089969.889,5103156.1482,,
14765,2079969.889,5103156.1482,2089969.889,5093156.1482,,
14766,2079969.889,5093156.1482,2089969.889,5083156.1482,,
14767,2079969.889,5083156.1482,2089969.889,5073156.1482,,
14768,2079969.889,5073156.1482,2089969.889,5063156.1482,,
14769,2079969.889,5063156.1482,2089969.889,5053156.1482,,
14770,2079969.889,5053156.1482,2089969.889,5043156.1482,,
14771,2079969.889,5043156.1482,2089969.889,5033156.1482,,
14772,2079969.889,5033156.1482,2089969.889,5023156.1482,,
14773,2079969.889,5023156.1482,2089969.889,5013156.1482,,
14774,2079969.889,5013156.1482,2089969.889,5003156.1482,,
14775,2079969.889,5003156.1482,2089969.889,4993156.1482,,
14776,2079969.889,4993156.1482,2089969.889,4983156.1482,,
14777,2079969.889,4983156.1482,2089969.889,4973156.1482,,
14778,2079969.889,4973156.1482,2089969.889,4963156.1482,,
14779,2079969.889,4963156.1482,2089969.889,4953156.1482,,
14780,2079969.889,4953156.1482,2089969.889,4943156.1482,,
14781,2079969.889,4943156.1482,2089969.889,4933156.1482,,
14782,2079969.889,4933156.1482,2089969.889,4923156.1482,,
14783,2079969.889,4923156.1482,2089969.889,4913156.1482,,
14784,2079969.889,4913156.1482,2089969.889,4903156.1482,,
14785,2079969.889,4903156.1482,2089969.889,4893156.1482,,
14786,2079969.889,4893156.1482,2089969.889,4883156.1482,,
14787,2079969.889,4883156.1482,2089969.889,4873156.1482,,
14788,2079969.889,4873156.1482,2089969.889,4863156.1482,,
14789,2079969.889,4863156.1482,2089969.889,4853156.1482,,
14790,2079969.889,4853156.1482,2089969.889,4843156.1482,,
14791,2079969.889,4843156.1482,2089969.889,4833156.1482,,
14792,2079969.889,4833156.1482,2089969.889,4823156.1482,,
14793,2079969.889,4823156.1482,2089969.889,4813156.1482,,
14794,2079969.889,4813156.1482,2089969.889,4803156.1482,,
14795,2079969.889,4803156.1482,2089969.889,4793156.1482,,
14796,2079969.889,4793156.1482,2089969.889,4783156.1482,,
14797,2079969.889,4783156.1482,2089969.889,4773156.1482,,
14798,2079969.889,4773156.1482,2089969.889,4763156.1482,,
14799,2079969.889,4763156.1482,2089969.889,4753156.1482,,
14800,2079969.889,4753156.1482,2089969.889,4743156.1482,,
14801,2089969.889,6223156.1482,2099969.889,6213156.1482,,
14802,2089969.889,6213156.1482,2099969.889,6203156.1482,,
14803,2089969.889,6203156.1482,2099969.889,6193156.1482,,
14804,2089969.889,6193156.1482,2099969.889,6183156.1482,,
14805,2089969.889,6183156.1482,2099969.889,6173156.1482,,
14806,2089969.889,6173156.1482,2099969.889,6163156.1482,,
14807,2089969.889,6163156.1482,2099969.889,6153156.1482,,
14808,2089969.889,6153156.1482,2099969.889,6143156.1482,,
14809,2089969.889,6143156.1482,2099969.889,6133156.1482,,
14810,2089969.889,6133156.1482,2099969.889,6123156.1482,,
14811,2089969.889,6123156.1482,2099969.889,6113156.1482,,
14812,2089969.889,6113156.1482,2099969.889,6103156.1482,,
14813,2089969.889,6103156.1482,2099969.889,6093156.1482,,
14814,2089969.889,6093156.1482,2099969.889,6083156.1482,,
14815,2089969.889,6083156.1482,2099969.889,6073156.1482,,
14816,2089969.889,6073156.1482,2099969.889,6063156.1482,,
14817,2089969.889,6063156.1482,2099969.889,6053156.1482,,
14818,2089969.889,6053156.1482,2099969.889,6043156.1482,,
14819,2089969.889,6043156.1482,2099969.889,6033156.1482,,
14820,2089969.889,6033156.1482,2099969.889,6023156.1482,,
14821,2089969.889,6023156.1482,2099969.889,6013156.1482,,
14822,2089969.889,6013156.1482,2099969.889,6003156.1482,,
14823,2089969.889,6003156.1482,2099969.889,5993156.1482,,
14824,2089969.889,5993156.1482,2099969.889,5983156.1482,,
14825,2089969.889,5983156.1482,2099969.889,5973156.1482,,
14826,2089969.889,5973156.1482,2099969.889,5963156.1482,,
14827,2089969.889,5963156.1482,2099969.889,5953156.1482,,
14828,2089969.889,5953156.1482,2099969.889,5943156.1482,,
14829,2089969.889,5943156.1482,2099969.889,5933156.1482,,
14830,2089969.889,5933156.1482,2099969.889,5923156.1482,,
14831,2089969.889,5923156.1482,2099969.889,5913156.1482,,
14832,2089969.889,5913156.1482,2099969.889,5903156.1482,,
14833,2089969.889,5903156.1482,2099969.889,5893156.1482,,
14834,2089969.889,5893156.1482,2099969.889,5883156.1482,,
14835,2089969.889,5883156.1482,2099969.889,5873156.1482,,
14836,2089969.889,5873156.1482,2099969.889,5863156.1482,,
14837,2089969.889,5863156.1482,2099969.889,5853156.1482,,
14838,2089969.889,5853156.1482,2099969.889,5843156.1482,,
14839,2089969.889,5843156.1482,2099969.889,5833156.1482,,
14840,2089969.889,5833156.1482,2099969.889,5823156.1482,,
14841,2089969.889,5823156.1482,2099969.889,5813156.1482,96701.4142,30688.514
14842,2089969.889,5813156.1482,2099969.889,5803156.1482,,
14843,2089969.889,5803156.1482,2099969.889,5793156.1482,,
14844,2089969.889,5793156.1482,2099969.889,5783156.1482,,
14845,2089969.889,5783156.1482,2099969.889,5773156.1482,,
14846,2089969.889,5773156.1482,2099969.889,5763156.1482,,
14847,2089969.889,5763156.1482,2099969.889,5753156.1482,,
14848,2089969.889,5753156.1482,2099969.889,5743156.1482,,
14849,2089969.889,5743156.1482,2099969.889,5733156.1482,,
14850,2089969.889,5733156.1482,2099969.889,5723156.1482,,
14851,2089969.889,5723156.1482,2099969.889,5713156.1482,,
14852,2089969.889,5713156.1482,2099969.889,5703156.1482,,
14853,2089969.889,5703156.1482,2099969.889,5693156.1482,,
14854,2089969.889,5693156.1482,2099969.889,5683156.1482,,
14855,2089969.889,5683156.1482,2099969.889,5673156.1482,,
14856,2089969.889,5673156.1482,2099969.889,5663156.1482,,
14857,2089969.889,5663156.1482,2099969.889,5653156.1482,,
14858,2089969.889,5653156.1482,2099969.889,5643156.1482,,
14859,2089969.889,5643156.1482,2099969.889,5633156.1482,,
14860,2089969.889,5633156.1482,2099969.889,5623156.1482,,
14861,2089969.889,5623156.1482,2099969.889,5613156.1482,,
14862,2089969.889,5613156.1482,2099969.889,5603156.1482,,
14863,2089969.889,5603156.1482,2099969.889,5593156.1482,,
14864,2089969.889,5593156.1482,2099969.889,5583156.1482,,
14865,2089969.889,5583156.1482,2099969.889,5573156.1482,,
14866,2089969.889,5573156.1482,2099969.889,5563156.1482,,
14867,2089969.889,5563156.1482,2099969.889,5553156.1482,,
14868,2089969.889,5553156.1482,2099969.889,5543156.1482,,
14869,2089969.889,5543156.1482,2099969.889,5533156.1482,,
14870,2089969.889,5533156.1482,2099969.889,5523156.1482,,
14871,2089969.889,5523156.1482,2099969.889,5513156.1482,,
14872,2089969.889,5513156.1482,2099969.889,5503156.1482,,
14873,2089969.889,5503156.1482,2099969.889,5493156.1482,,
14874,2089969.889,5493156.1482,2099969.889,5483156.1482,,
14875,2089969.889,5483156.1482,2099969.889,5473156.1482,,
14876,2089969.889,5473156.1482,2099969.889,5463156.1482,,
14877,2089969.889,5463156.1482,2099969.889,5453156.1482,,
14878,2089969.889,5453156.1482,2099969.889,5443156.1482,,
14879,2089969.889,5443156.1482,2099969.889,5433156.1482,,
14880,2089969.889,5433156.1482,2099969.889,5423156.1482,,
14881,2089969.889,5423156.1482,2099969.889,5413156.1482,,
14882,2089969.889,5413156.1482,2099969.889,5403156.1482,,
14883,2089969.889,5403156.1482,2099969.889,5393156.1482,,
14884,2089969.889,5393156.1482,2099969.889,5383156.1482,,
14885,2089969.889,5383156.1482,2099969.889,5373156.1482,,
14886,2089969.889,5373156.1482,2099969.889,5363156.1482,,
14887,2089969.889,5363156.1482,2099969.889,5353156.1482,,
14888,2089969.889,5353156.1482,2099969.889,5343156.1482,,
14889,2089969.889,5343156.1482,2099969.889,5333156.1482,,
14890,2089969.889,5333156.1482,2099969.889,5323156.1482,,
14891,2089969.889,5323156.1482,2099969.889,5313156.1482,,
14892,2089969.889,5313156.1482,2099969.889,5303156.1482,,
14893,2089969.889,5303156.1482,2099969.889,5293156.1482,,
14894,2089969.889,5293156.1482,2099969.889,5283156.1482,,
14895,2089969.889,5283156.1482,2099969.889,5273156.1482,,
14896,2089969.889,5273156.1482,2099969.889,5263156.1482,,
14897,2089969.889,5263156.1482,2099969.889,5253156.1482,,
14898,2089969.889,5253156.1482,2099969.889,5243156.1482,,
14899,2089969.889,5243156.1482,2099969.889,5233156.1482,,
14900,2089969.889,5233156.1482,2099969.889,5223156.1482,,
14901,2089969.889,5223156.1482,2099969.889,5213156.1482,,
14902,2089969.889,5213156.1482,2099969.889,5203156.1482,,
14903,2089969.889,5203156.1482,2099969.889,5193156.1482,,
14904,2089969.889,5193156.1482,2099969.889,5183156.1482,,
14905,2089969.889,5183156.1482,2099969.889,5173156.1482,,
14906,2089969.889,5173156.1482,2099969.889,5163156.1482,,
14907,2089969.889,5163156.1482,2099969.889,5153156.1482,,
14908,2089969.889,5153156.1482,2099969.889,5143156.1482,,
14909,2089969.889,5143156.1482,2099969.889,5133156.1482,,
14910,2089969.889,5133156.1482,2099969.889,5123156.1482,,
14911,2089969.889,5123156.1482,2099969.889,5113156.1482,,
14912,2089969.889,5113156.1482,2099969.889,5103156.1482,,
14913,2089969.889,5103156.1482,2099969.889,5093156.1482,,
14914,2089969.889,5093156.1482,2099969.889,5083156.1482,,
14915,2089969.889,5083156.1482,2099969.889,5073156.1482,,
14916,2089969.889,5073156.1482,2099969.889,5063156.1482,,
14917,2089969.889,5063156.1482,2099969.889,5053156.1482,,
14918,2089969.889,5053156.1482,2099969.889,5043156.1482,,
14919,2089969.889,5043156.1482,2099969.889,5033156.1482,,
14920,2089969.889,5033156.1482,2099969.889,5023156.1482,,
14921,2089969.889,5023156.1482,2099969.889,5013156.1482,,
14922,2089969.889,5013156.1482,2099969.889,5003156.1482,,
14923,2089969.889,5003156.1482,2099969.889,4993156.1482,,
14924,2089969.889,4993156.1482,2099969.889,4983156.1482,,
14925,2089969.889,4983156.1482,2099969.889,4973156.1482,,
14926,2089969.889,4973156.1482,2099969.889,4963156.1482,,
14927,2089969.889,4963156.1482,2099969.889,4953156.1482,,
14928,2089969.889,4953156.1482,2099969.889,4943156.1482,,
14929,2089969.889,4943156.1482,2099969.889,4933156.1482,,
14930,2089969.889,4933156.1482,2099969.889,4923156.1482,,
14931,2089969.889,4923156.1482,2099969.889,4913156.1482,,
14932,2089969.889,4913156.1482,2099969.889,4903156.1482,,
14933,2089969.889,4903156.1482,2099969.889,4893156.1482,,
14934,2089969.889,4893156.1482,2099969.889,4883156.1482,,
14935,2089969.889,4883156.1482,2099969.889,4873156.1482,,
14936,2089969.889,4873156.1482,2099969.889,4863156.1482,,
14937,2089969.889,4863156.1482,2099969.889,4853156.1482,,
14938,2089969.889,4853156.1482,2099969.889,4843156.1482,,
14939,2089969.889,4843156.1482,2099969.889,4833156.1482,,
14940,2089969.889,4833156.1482,2099969.889,4823156.1482,,
14941,2089969.889,4823156.1482,2099969.889,4813156.1482,,
14942,2089969.889,4813156.1482,2099969.889,4803156.1482,,
14943,2089969.889,4803156.1482,2099969.889,4793156.1482,,
14944,2089969.889,4793156.1482,2099969.889,4783156.1482,,
14945,2089969.889,4783156.1482,2099969.889,4773156.1482,,
14946,2089969.889,4773156.1482,2099969.889,4763156.1482,,
14947,2089969.889,4763156.1482,2099969.889,4753156.1482,,
14948,2089969.889,4753156.1482,2099969.889,4743156.1482,,
14949,2099969.889,6223156.1482,2109969.889,6213156.1482,,
14950,2099969.889,6213156.1482,2109969.889,6203156.1482,,
14951,2099969.889,6203156.1482,2109969.889,6193156.1482,,
14952,2099969.889,6193156.1482,2109969.889,6183156.1482,,
14953,2099969.889,6183156.1482,2109969.889,6173156.1482,,
14954,2099969.889,6173156.1482,2109969.889,6163156.1482,,
14955,2099969.889,6163156.1482,2109969.889,6153156.1482,,
14956,2099969.889,6153156.1482,2109969.889,6143156.1482,,
14957,2099969.889,6143156.1482,2109969.889,6133156.1482,,
14958,2099969.889,6133156.1482,2109969.889,6123156.1482,,
14959,2099969.889,6123156.1482,2109969.889,6113156.1482,,
14960,2099969.889,6113156.1482,2109969.889,6103156.1482,,
14961,2099969.889,6103156.1482,2109969.889,6093156.1482,,
14962,2099969.889,6093156.1482,2109969.889,6083156.1482,,
14963,2099969.889,6083156.1482,2109969.889,6073156.1482,,
14964,2099969.889,6073156.1482,2109969.889,6063156.1482,,
14965,2099969.889,6063156.1482,2109969.889,6053156.1482,,
14966,2099969.889,6053156.1482,2109969.889,6043156.1482,,
14967,2099969.889,6043156.1482,2109969.889,6033156.1482,,
14968,2099969.889,6033156.1482,2109969.889,6023156.1482,,
14969,2099969.889,6023156.1482,2109969.889,6013156.1482,,
14970,2099969.889,6013156.1482,2109969.889,6003156.1482,,
14971,2099969.889,6003156.1482,2109969.889,5993156.1482,,
14972,2099969.889,5993156.1482,2109969.889,5983156.1482,,
14973,2099969.889,5983156.1482,2109969.889,5973156.1482,,
14974,2099969.889,5973156.1482,2109969.889,5963156.1482,,
14975,2099969.889,5963156.1482,2109969.889,5953156.1482,,
14976,2099969.889,5953156.1482,2109969.889,5943156.1482,,
14977,2099969.889,5943156.1482,2109969.889,5933156.1482,,
14978,2099969.889,5933156.1482,2109969.889,5923156.1482,,
14979,2099969.889,5923156.1482,2109969.889,5913156.1482,,
14980,2099969.889,5913156.1482,2109969.889,5903156.1482,,
14981,2099969.889,5903156.1482,2109969.889,5893156.1482,,
14982,2099969.889,5893156.1482,2109969.889,5883156.1482,,
14983,2099969.889,5883156.1482,2109969.889,5873156.1482,,
14984,2099969.889,5873156.1482,2109969.889,5863156.1482,,
14985,2099969.889,5863156.1482,2109969.889,5853156.1482,,
14986,2099969.889,5853156.1482,2109969.889,5843156.1482,,
14987,2099969.889,5843156.1482,2109969.889,5833156.1482,,
14988,2099969.889,5833156.1482,2109969.889,5823156.1482,,
14989,2099969.889,5823156.1482,2109969.889,5813156.1482,,
14990,2099969.889,5813156.1482,2109969.889,5803156.1482,,
14991,2099969.889,5803156.1482,2109969.889,5793156.1482,,
14992,2099969.889,5793156.1482,2109969.889,5783156.1482,,
14993,2099969.889,5783156.1482,2109969.889,5773156.1482,,
14994,2099969.889,5773156.1482,2109969.889,5763156.1482,,
14995,2099969.889,5763156.1482,2109969.889,5753156.1482,,
14996,2099969.889,5753156.1482,2109969.889,5743156.1482,,
14997,2099969.889,5743156.1482,2109969.889,5733156.1482,,
14998,2099969.889,5733156.1482,2109969.889,5723156.1482,,
14999,2099969.889,5723156.1482,2109969.889,5713156.1482,,
15000,2099969.889,5713156.1482,2109969.889,5703156.1482,,
15001,2099969.889,5703156.1482,2109969.889,5693156.1482,,
15002,2099969.889,5693156.1482,2109969.889,5683156.1482,,
15003,2099969.889,5683156.1482,2109969.889,5673156.1482,,
15004,2099969.889,5673156.1482,2109969.889,5663156.1482,,
15005,2099969.889,5663156.1482,2109969.889,5653156.1482,,
15006,2099969.889,5653156.1482,2109969.889,5643156.1482,,
15007,2099969.889,5643156.1482,2109969.889,5633156.1482,,
15008,2099969.889,5633156.1482,2109969.889,5623156.1482,,
15009,2099969.889,5623156.1482,2109969.889,5613156.1482,,
15010,2099969.889,5613156.1482,2109969.889,5603156.1482,,
15011,2099969.889,5603156.1482,2109969.889,5593156.1482,,
15012,2099969.889,5593156.1482,2109969.889,5583156.1482,,
15013,2099969.889,5583156.1482,2109969.889,5573156.1482,,
15014,2099969.889,5573156.1482,2109969.889,5563156.1482,,
15015,2099969.889,5563156.1482,2109969.889,5553156.1482,,
15016,2099969.889,5553156.1482,2109969.889,5543156.1482,,
15017,2099969.889,5543156.1482,2109969.889,5533156.1482,,
15018,2099969.889,5533156.1482,2109969.889,5523156.1482,,
15019,2099969.889,5523156.1482,2109969.889,5513156.1482,,
15020,2099969.889,5513156.1482,2109969.889,5503156.1482,,
15021,2099969.889,5503156.1482,2109969.889,5493156.1482,,
15022,2099969.889,5493156.1482,2109969.889,5483156.1482,,
15023,2099969.889,5483156.1482,2109969.889,5473156.1482,,
15024,2099969.889,5473156.1482,2109969.889,5463156.1482,,
15025,2099969.889,5463156.1482,2109969.889,5453156.1482,,
15026,2099969.889,5453156.1482,2109969.889,5443156.1482,,
15027,2099969.889,5443156.1482,2109969.889,5433156.1482,,
15028,2099969.889,5433156.1482,2109969.889,5423156.1482,,
15029,2099969.889,5423156.1482,2109969.889,5413156.1482,,
15030,2099969.889,5413156.1482,2109969.889,5403156.1482,,
15031,2099969.889,5403156.1482,2109969.889,5393156.1482,,
15032,2099969.889,5393156.1482,2109969.889,5383156.1482,,
15033,2099969.889,5383156.1482,2109969.889,5373156.1482,,
15034,2099969.889,5373156.1482,2109969.889,5363156.1482,,
15035,2099969.889,5363156.1482,2109969.889,5353156.1482,,
15036,2099969.889,5353156.1482,2109969.889,5343156.1482,,
15037,2099969.889,5343156.1482,2109969.889,5333156.1482,,
15038,2099969.889,5333156.1482,2109969.889,5323156.1482,,
15039,2099969.889,5323156.1482,2109969.889,5313156.1482,,
15040,2099969.889,5313156.1482,2109969.889,5303156.1482,,
15041,2099969.889,5303156.1482,2109969.889,5293156.1482,,
15042,2099969.889,5293156.1482,2109969.889,5283156.1482,,
15043,2099969.889,5283156.1482,2109969.889,5273156.1482,,
15044,2099969.889,5273156.1482,2109969.889,5263156.1482,,
15045,2099969.889,5263156.1482,2109969.889,5253156.1482,,
15046,2099969.889,5253156.1482,2109969.889,5243156.1482,,
15047,2099969.889,5243156.1482,2109969.889,5233156.1482,,
15048,2099969.889,5233156.1482,2109969.889,5223156.1482,,
15049,2099969.889,5223156.1482,2109969.889,5213156.1482,,
15050,2099969.889,5213156.1482,2109969.889,5203156.1482,,
15051,2099969.889,5203156.1482,2109969.889,5193156.1482,,
15052,2099969.889,5193156.1482,2109969.889,5183156.1482,,
15053,2099969.889,5183156.1482,2109969.889,5173156.1482,,
15054,2099969.889,5173156.1482,2109969.889,5163156.1482,,
15055,2099969.889,5163156.1482,2109969.889,5153156.1482,,
15056,2099969.889,5153156.1482,2109969.889,5143156.1482,,
15057,2099969.889,5143156.1482,2109969.889,5133156.1482,,
15058,2099969.889,5133156.1482,2109969.889,5123156.1482,,
15059,2099969.889,5123156.1482,2109969.889,5113156.1482,,
15060,2099969.889,5113156.1482,2109969.889,5103156.1482,,
15061,2099969.889,5103156.1482,2109969.889,5093156.1482,,
15062,2099969.889,5093156.1482,2109969.889,5083156.1482,,
15063,2099969.889,5083156.1482,2109969.889,5073156.1482,,
15064,2099969.889,5073156.1482,2109969.889,5063156.1482,,
15065,2099969.889,5063156.1482,2109969.889,5053156.1482,,
15066,2099969.889,5053156.1482,2109969.889,5043156.1482,,
15067,2099969.889,5043156.1482,2109969.889,5033156.1482,,
15068,2099969.889,5033156.1482,2109969.889,5023156.1482,,
15069,2099969.889,5023156.1482,2109969.889,5013156.1482,,
15070,2099969.889,5013156.1482,2109969.889,5003156.1482,,
15071,2099969.889,5003156.1482,2109969.889,4993156.1482,,
15072,2099969.889,4993156.1482,2109969.889,4983156.1482,,
15073,2099969.889,4983156.1482,2109969.889,4973156.1482,,
15074,2099969.889,4973156.1482,2109969.889,4963156.1482,,
15075,2099969.889,4963156.1482,2109969.889,4953156.1482,,
15076,2099969.889,4953156.1482,2109969.889,4943156.1482,,
15077,2099969.889,4943156.1482,2109969.889,4933156.1482,,
15078,2099969.889,4933156.1482,2109969.889,4923156.1482,,
15079,2099969.889,4923156.1482,2109969.889,4913156.1482,,
15080,2099969.889,4913156.1482,2109969.889,4903156.1482,,
15081,2099969.889,4903156.1482,2109969.889,4893156.1482,,
15082,2099969.889,4893156.1482,2109969.889,4883156.1482,,
15083,2099969.889,4883156.1482,2109969.889,4873156.1482,,
15084,2099969.889,4873156.1482,2109969.889,4863156.1482,,
15085,2099969.889,4863156.1482,2109969.889,4853156.1482,,
15086,2099969.889,4853156.1482,2109969.889,4843156.1482,,
15087,2099969.889,4843156.1482,2109969.889,4833156.1482,,
15088,2099969.889,4833156.1482,2109969.889,4823156.1482,,
15089,2099969.889,4823156.1482,2109969.889,4813156.1482,,
15090,2099969.889,4813156.1482,2109969.889,4803156.1482,,
15091,2099969.889,4803156.1482,2109969.889,4793156.1482,,
15092,2099969.889,4793156.1482,2109969.889,4783156.1482,,
15093,2099969.889,4783156.1482,2109969.889,4773156.1482,,
15094,2099969.889,4773156.1482,2109969.889,4763156.1482,,
15095,2099969.889,4763156.1482,2109969.889,4753156.1482,,
15096,2099969.889,4753156.1482,2109969.889,4743156.1482,,
15097,2109969.889,6223156.1482,2119969.889,6213156.1482,,
15098,2109969.889,6213156.1482,2119969.889,6203156.1482,,
15099,2109969.889,6203156.1482,2119969.889,6193156.1482,,
15100,2109969.889,6193156.1482,2119969.889,6183156.1482,,
15101,2109969.889,6183156.1482,2119969.889,6173156.1482,,
15102,2109969.889,6173156.1482,2119969.889,6163156.1482,,
15103,2109969.889,6163156.1482,2119969.889,6153156.1482,,
15104,2109969.889,6153156.1482,2119969.889,6143156.1482,,
15105,2109969.889,6143156.1482,2119969.889,6133156.1482,,
15106,2109969.889,6133156.1482,2119969.889,6123156.1482,,
15107,2109969.889,6123156.1482,2119969.889,6113156.1482,,
15108,2109969.889,6113156.1482,2119969.889,6103156.1482,,
15109,2109969.889,6103156.1482,2119969.889,6093156.1482,,
15110,2109969.889,6093156.1482,2119969.889,6083156.1482,,
15111,2109969.889,6083156.1482,2119969.889,6073156.1482,,
15112,2109969.889,6073156.1482,2119969.889,6063156.1482,,
15113,2109969.889,6063156.1482,2119969.889,6053156.1482,,
15114,2109969.889,6053156.1482,2119969.889,6043156.1482,,
15115,2109969.889,6043156.1482,2119969.889,6033156.1482,,
15116,2109969.889,6033156.1482,2119969.889,6023156.1482,,
15117,2109969.889,6023156.1482,2119969.889,6013156.1482,,
15118,2109969.889,6013156.1482,2119969.889,6003156.1482,,
15119,2109969.889,6003156.1482,2119969.889,5993156.1482,,
15120,2109969.889,5993156.1482,2119969.889,5983156.1482,,
15121,2109969.889,5983156.1482,2119969.889,5973156.1482,,
15122,2109969.889,5973156.1482,2119969.889,5963156.1482,,
15123,2109969.889,5963156.1482,2119969.889,5953156.1482,,
15124,2109969.889,5953156.1482,2119969.889,5943156.1482,,
15125,2109969.889,5943156.1482,2119969.889,5933156.1482,,
15126,2109969.889,5933156.1482,2119969.889,5923156.1482,,
15127,2109969.889,5923156.1482,2119969.889,5913156.1482,,
15128,2109969.889,5913156.1482,2119969.889,5903156.1482,,
15129,2109969.889,5903156.1482,2119969.889,5893156.1482,,
15130,2109969.889,5893156.1482,2119969.889,5883156.1482,,
15131,2109969.889,5883156.1482,2119969.889,5873156.1482,,
15132,2109969.889,5873156.1482,2119969.889,5863156.1482,,
15133,2109969.889,5863156.1482,2119969.889,5853156.1482,,
15134,2109969.889,5853156.1482,2119969.889,5843156.1482,,
15135,2109969.889,5843156.1482,2119969.889,5833156.1482,,
15136,2109969.889,5833156.1482,2119969.889,5823156.1482,,
15137,2109969.889,5823156.1482,2119969.889,5813156.1482,,
15138,2109969.889,5813156.1482,2119969.889,5803156.1482,,
15139,2109969.889,5803156.1482,2119969.889,5793156.1482,,
15140,2109969.889,5793156.1482,2119969.889,5783156.1482,,
15141,2109969.889,5783156.1482,2119969.889,5773156.1482,,
15142,2109969.889,5773156.1482,2119969.889,5763156.1482,,
15143,2109969.889,5763156.1482,2119969.889,5753156.1482,,
15144,2109969.889,5753156.1482,2119969.889,5743156.1482,,
15145,2109969.889,5743156.1482,2119969.889,5733156.1482,,
15146,2109969.889,5733156.1482,2119969.889,5723156.1482,,
15147,2109969.889,5723156.1482,2119969.889,5713156.1482,,
15148,2109969.889,5713156.1482,2119969.889,5703156.1482,,
15149,2109969.889,5703156.1482,2119969.889,5693156.1482,,
15150,2109969.889,5693156.1482,2119969.889,5683156.1482,,
15151,2109969.889,5683156.1482,2119969.889,5673156.1482,,
15152,2109969.889,5673156.1482,2119969.889,5663156.1482,,
15153,2109969.889,5663156.1482,2119969.889,5653156.1482,,
15154,2109969.889,5653156.1482,2119969.889,5643156.1482,,
15155,2109969.889,5643156.1482,2119969.889,5633156.1482,,
15156,2109969.889,5633156.1482,2119969.889,5623156.1482,,
15157,2109969.889,5623156.1482,2119969.889,5613156.1482,,
15158,2109969.889,5613156.1482,2119969.889,5603156.1482,,
15159,2109969.889,5603156.1482,2119969.889,5593156.1482,,
15160,2109969.889,5593156.1482,2119969.889,5583156.1482,,
15161,2109969.889,5583156.1482,2119969.889,5573156.1482,,
15162,2109969.889,5573156.1482,2119969.889,5563156.1482,,
15163,2109969.889,5563156.1482,2119969.889,5553156.1482,,
15164,2109969.889,5553156.1482,2119969.889,5543156.1482,,
15165,2109969.889,5543156.1482,2119969.889,5533156.1482,,
15166,2109969.889,5533156.1482,2119969.889,5523156.1482,,
15167,2109969.889,5523156.1482,2119969.889,5513156.1482,,
15168,2109969.889,5513156.1482,2119969.889,5503156.1482,,
15169,2109969.889,5503156.1482,2119969.889,5493156.1482,,
15170,2109969.889,5493156.1482,2119969.889,5483156.1482,,
15171,2109969.889,5483156.1482,2119969.889,5473156.1482,,
15172,2109969.889,5473156.1482,2119969.889,5463156.1482,,
15173,2109969.889,5463156.1482,2119969.889,5453156.1482,,
15174,2109969.889,5453156.1482,2119969.889,5443156.1482,,
15175,2109969.889,5443156.1482,2119969.889,5433156.1482,,
15176,2109969.889,5433156.1482,2119969.889,5423156.1482,,
15177,2109969.889,5423156.1482,2119969.889,5413156.1482,,
15178,2109969.889,5413156.1482,2119969.889,5403156.1482,,
15179,2109969.889,5403156.1482,2119969.889,5393156.1482,,
15180,2109969.889,5393156.1482,2119969.889,5383156.1482,,
15181,2109969.889,5383156.1482,2119969.889,5373156.1482,,
15182,2109969.889,5373156.1482,2119969.889,5363156.1482,,
15183,2109969.889,5363156.1482,2119969.889,5353156.1482,,
15184,2109969.889,5353156.1482,2119969.889,5343156.1482,,
15185,2109969.889,5343156.1482,2119969.889,5333156.1482,,
15186,2109969.889,5333156.1482,2119969.889,5323156.1482,,
15187,2109969.889,5323156.1482,2119969.889,5313156.1482,,
15188,2109969.889,5313156.1482,2119969.889,5303156.1482,,
15189,2109969.889,5303156.1482,2119969.889,5293156.1482,,
15190,2109969.889,5293156.1482,2119969.889,5283156.1482,,
15191,2109969.889,5283156.1482,2119969.889,5273156.1482,,
15192,2109969.889,5273156.1482,2119969.889,5263156.1482,,
15193,2109969.889,5263156.1482,2119969.889,5253156.1482,,
15194,2109969.889,5253156.1482,2119969.889,5243156.1482,,
15195,2109969.889,5243156.1482,2119969.889,5233156.1482,,
15196,2109969.889,5233156.1482,2119969.889,5223156.1482,,
15197,2109969.889,5223156.1482,2119969.889,5213156.1482,,
15198,2109969.889,5213156.1482,2119969.889,5203156.1482,,
15199,2109969.889,5203156.1482,2119969.889,5193156.1482,,
15200,2109969.889,5193156.1482,2119969.889,5183156.1482,,
15201,2109969.889,5183156.1482,2119969.889,5173156.1482,,
15202,2109969.889,5173156.1482,2119969.889,5163156.1482,,
15203,2109969.889,5163156.1482,2119969.889,5153156.1482,,
15204,2109969.889,5153156.1482,2119969.889,5143156.1482,,
15205,2109969.889,5143156.1482,2119969.889,5133156.1482,,
15206,2109969.889,5133156.1482,2119969.889,5123156.1482,,
15207,2109969.889,5123156.1482,2119969.889,5113156.1482,,
15208,2109969.889,5113156.1482,2119969.889,5103156.1482,,
15209,2109969.889,5103156.1482,2119969.889,5093156.1482,,
15210,2109969.889,5093156.1482,2119969.889,5083156.1482,,
15211,2109969.889,5083156.1482,2119969.889,5073156.1482,,
15212,2109969.889,5073156.1482,2119969.889,5063156.1482,,
15213,2109969.889,5063156.1482,2119969.889,5053156.1482,,
15214,2109969.889,5053156.1482,2119969.889,5043156.1482,,
15215,2109969.889,5043156.1482,2119969.889,5033156.1482,,
15216,2109969.889,5033156.1482,2119969.889,5023156.1482,,
15217,2109969.889,5023156.1482,2119969.889,5013156.1482,,
15218,2109969.889,5013156.1482,2119969.889,5003156.1482,,
15219,2109969.889,5003156.1482,2119969.889,4993156.1482,,
15220,2109969.889,4993156.1482,2119969.889,4983156.1482,,
15221,2109969.889,4983156.1482,2119969.889,4973156.1482,,
15222,2109969.889,4973156.1482,2119969.889,4963156.1482,,
15223,2109969.889,4963156.1482,2119969.889,4953156.1482,,
15224,2109969.889,4953156.1482,2119969.889,4943156.1482,,
15225,2109969.889,4943156.1482,2119969.889,4933156.1482,,
15226,2109969.889,4933156.1482,2119969.889,4923156.1482,,
15227,2109969.889,4923156.1482,2119969.889,4913156.1482,,
15228,2109969.889,4913156.1482,2119969.889,4903156.1482,,
15229,2109969.889,4903156.1482,2119969.889,4893156.1482,,
15230,2109969.889,4893156.1482,2119969.889,4883156.1482,,
15231,2109969.889,4883156.1482,2119969.889,4873156.1482,,
15232,2109969.889,4873156.1482,2119969.889,4863156.1482,,
15233,2109969.889,4863156.1482,2119969.889,4853156.1482,,
15234,2109969.889,4853156.1482,2119969.889,4843156.1482,,
15235,2109969.889,4843156.1482,2119969.889,4833156.1482,,
15236,2109969.889,4833156.1482,2119969.889,4823156.1482,,
15237,2109969.889,4823156.1482,2119969.889,4813156.1482,,
15238,2109969.889,4813156.1482,2119969.889,4803156.1482,,
15239,2109969.889,4803156.1482,2119969.889,4793156.1482,,
15240,2109969.889,4793156.1482,2119969.889,4783156.1482,,
15241,2109969.889,4783156.1482,2119969.889,4773156.1482,,
15242,2109969.889,4773156.1482,2119969.889,4763156.1482,,
15243,2109969.889,4763156.1482,2119969.889,4753156.1482,,
15244,2109969.889,4753156.1482,2119969.889,4743156.1482,,
15245,2119969.889,6223156.1482,2129969.889,6213156.1482,,
15246,2119969.889,6213156.1482,2129969.889,6203156.1482,,
15247,2119969.889,6203156.1482,2129969.889,6193156.1482,,
15248,2119969.889,6193156.1482,2129969.889,6183156.1482,,
15249,2119969.889,6183156.1482,2129969.889,6173156.1482,,
15250,2119969.889,6173156.1482,2129969.889,6163156.1482,,
15251,2119969.889,6163156.1482,2129969.889,6153156.1482,,
15252,2119969.889,6153156.1482,2129969.889,6143156.1482,,
15253,2119969.889,6143156.1482,2129969.889,6133156.1482,,
15254,2119969.889,6133156.1482,2129969.889,6123156.1482,,
15255,2119969.889,6123156.1482,2129969.889,6113156.1482,,
15256,2119969.889,6113156.1482,2129969.889,6103156.1482,,
15257,2119969.889,6103156.1482,2129969.889,6093156.1482,,
15258,2119969.889,6093156.1482,2129969.889,6083156.1482,,
15259,2119969.889,6083156.1482,2129969.889,6073156.1482,,
15260,2119969.889,6073156.1482,2129969.889,6063156.1482,,
15261,2119969.889,6063156.1482,2129969.889,6053156.1482,,
15262,2119969.889,6053156.1482,2129969.889,6043156.1482,,
15263,2119969.889,6043156.1482,2129969.889,6033156.1482,,
15264,2119969.889,6033156.1482,2129969.889,6023156.1482,,
15265,2119969.889,6023156.1482,2129969.889,6013156.1482,,
15266,2119969.889,6013156.1482,2129969.889,6003156.1482,,
15267,2119969.889,6003156.1482,2129969.889,5993156.1482,,
15268,2119969.889,5993156.1482,2129969.889,5983156.1482,,
15269,2119969.889,5983156.1482,2129969.889,5973156.1482,,
15270,2119969.889,5973156.1482,2129969.889,5963156.1482,,
15271,2119969.889,5963156.1482,2129969.889,5953156.1482,,
15272,2119969.889,5953156.1482,2129969.889,5943156.1482,,
15273,2119969.889,5943156.1482,2129969.889,5933156.1482,,
15274,2119969.889,5933156.1482,2129969.889,5923156.1482,,
15275,2119969.889,5923156.1482,2129969.889,5913156.1482,,
15276,2119969.889,5913156.1482,2129969.889,5903156.1482,,
15277,2119969.889,5903156.1482,2129969.889,5893156.1482,,
15278,2119969.889,5893156.1482,2129969.889,5883156.1482,,
15279,2119969.889,5883156.1482,2129969.889,5873156.1482,,
15280,2119969.889,5873156.1482,2129969.889,5863156.1482,,
15281,2119969.889,5863156.1482,2129969.889,5853156.1482,,
15282,2119969.889,5853156.1482,2129969.889,5843156.1482,,
15283,2119969.889,5843156.1482,2129969.889,5833156.1482,,
15284,2119969.889,5833156.1482,2129969.889,5823156.1482,,
15285,2119969.889,5823156.1482,2129969.889,5813156.1482,,
15286,2119969.889,5813156.1482,2129969.889,5803156.1482,,
15287,2119969.889,5803156.1482,2129969.889,5793156.1482,,
15288,2119969.889,5793156.1482,2129969.889,5783156.1482,,
15289,2119969.889,5783156.1482,2129969.889,5773156.1482,,
15290,2119969.889,5773156.1482,2129969.889,5763156.1482,,
15291,2119969.889,5763156.1482,2129969.889,5753156.1482,,
15292,2119969.889,5753156.1482,2129969.889,5743156.1482,,
15293,2119969.889,5743156.1482,2129969.889,5733156.1482,,
15294,2119969.889,5733156.1482,2129969.889,5723156.1482,,
15295,2119969.889,5723156.1482,2129969.889,5713156.1482,,
15296,2119969.889,5713156.1482,2129969.889,5703156.1482,,
15297,2119969.889,5703156.1482,2129969.889,5693156.1482,,
15298,2119969.889,5693156.1482,2129969.889,5683156.1482,,
15299,2119969.889,5683156.1482,2129969.889,5673156.1482,,
15300,2119969.889,5673156.1482,2129969.889,5663156.1482,,
15301,2119969.889,5663156.1482,2129969.889,5653156.1482,,
15302,2119969.889,5653156.1482,2129969.889,5643156.1482,,
15303,2119969.889,5643156.1482,2129969.889,5633156.1482,,
15304,2119969.889,5633156.1482,2129969.889,5623156.1482,,
15305,2119969.889,5623156.1482,2129969.889,5613156.1482,,
15306,2119969.889,5613156.1482,2129969.889,5603156.1482,,
15307,2119969.889,5603156.1482,2129969.889,5593156.1482,,
15308,2119969.889,5593156.1482,2129969.889,5583156.1482,,
15309,2119969.889,5583156.1482,2129969.889,5573156.1482,,
15310,2119969.889,5573156.1482,2129969.889,5563156.1482,,
15311,2119969.889,5563156.1482,2129969.889,5553156.1482,,
15312,2119969.889,5553156.1482,2129969.889,5543156.1482,,
15313,2119969.889,5543156.1482,2129969.889,5533156.1482,,
15314,2119969.889,5533156.1482,2129969.889,5523156.1482,,
15315,2119969.889,5523156.1482,2129969.889,5513156.1482,,
15316,2119969.889,5513156.1482,2129969.889,5503156.1482,,
15317,2119969.889,5503156.1482,2129969.889,5493156.1482,,
15318,2119969.889,5493156.1482,2129969.889,5483156.1482,,
15319,2119969.889,5483156.1482,2129969.889,5473156.1482,,
15320,2119969.889,5473156.1482,2129969.889,5463156.1482,,
15321,2119969.889,5463156.1482,2129969.889,5453156.1482,,
15322,2119969.889,5453156.1482,2129969.889,5443156.1482,,
15323,2119969.889,5443156.1482,2129969.889,5433156.1482,,
15324,2119969.889,5433156.1482,2129969.889,5423156.1482,,
15325,2119969.889,5423156.1482,2129969.889,5413156.1482,,
15326,2119969.889,5413156.1482,2129969.889,5403156.1482,,
15327,2119969.889,5403156.1482,2129969.889,5393156.1482,,
15328,2119969.889,5393156.1482,2129969.889,5383156.1482,,
15329,2119969.889,5383156.1482,2129969.889,5373156.1482,,
15330,2119969.889,5373156.1482,2129969.889,5363156.1482,,
15331,2119969.889,5363156.1482,2129969.889,5353156.1482,,
15332,2119969.889,5353156.1482,2129969.889,5343156.1482,,
15333,2119969.889,5343156.1482,2129969.889,5333156.1482,,
15334,2119969.889,5333156.1482,2129969.889,5323156.1482,,
15335,2119969.889,5323156.1482,2129969.889,5313156.1482,,
15336,2119969.889,5313156.1482,2129969.889,5303156.1482,,
15337,2119969.889,5303156.1482,2129969.889,5293156.1482,,
15338,2119969.889,5293156.1482,2129969.889,5283156.1482,,
15339,2119969.889,5283156.1482,2129969.889,5273156.1482,,
15340,2119969.889,5273156.1482,2129969.889,5263156.1482,,
15341,2119969.889,5263156.1482,2129969.889,5253156.1482,,
15342,2119969.889,5253156.1482,2129969.889,5243156.1482,,
15343,2119969.889,5243156.1482,2129969.889,5233156.1482,,
15344,2119969.889,5233156.1482,2129969.889,5223156.1482,,
15345,2119969.889,5223156.1482,2129969.889,5213156.1482,,
15346,2119969.889,5213156.1482,2129969.889,5203156.1482,,
15347,2119969.889,5203156.1482,2129969.889,5193156.1482,,
15348,2119969.889,5193156.1482,2129969.889,5183156.1482,,
15349,2119969.889,5183156.1482,2129969.889,5173156.1482,,
15350,2119969.889,5173156.1482,2129969.889,5163156.1482,,
15351,2119969.889,5163156.1482,2129969.889,5153156.1482,,
15352,2119969.889,5153156.1482,2129969.889,5143156.1482,,
15353,2119969.889,5143156.1482,2129969.889,5133156.1482,,
15354,2119969.889,5133156.1482,2129969.889,5123156.1482,,
15355,2119969.889,5123156.1482,2129969.889,5113156.1482,,
15356,2119969.889,5113156.1482,2129969.889,5103156.1482,,
15357,2119969.889,5103156.1482,2129969.889,5093156.1482,,
15358,2119969.889,5093156.1482,2129969.889,5083156.1482,,
15359,2119969.889,5083156.1482,2129969.889,5073156.1482,,
15360,2119969.889,5073156.1482,2129969.889,5063156.1482,,
15361,2119969.889,5063156.1482,2129969.889,5053156.1482,,
15362,2119969.889,5053156.1482,2129969.889,5043156.1482,,
15363,2119969.889,5043156.1482,2129969.889,5033156.1482,,
15364,2119969.889,5033156.1482,2129969.889,5023156.1482,,
15365,2119969.889,5023156.1482,2129969.889,5013156.1482,,
15366,2119969.889,5013156.1482,2129969.889,5003156.1482,,
15367,2119969.889,5003156.1482,2129969.889,4993156.1482,,
15368,2119969.889,4993156.1482,2129969.889,4983156.1482,,
15369,2119969.889,4983156.1482,2129969.889,4973156.1482,,
15370,2119969.889,4973156.1482,2129969.889,4963156.1482,,
15371,2119969.889,4963156.1482,2129969.889,4953156.1482,,
15372,2119969.889,4953156.1482,2129969.889,4943156.1482,,
15373,2119969.889,4943156.1482,2129969.889,4933156.1482,,
15374,2119969.889,4933156.1482,2129969.889,4923156.1482,,
15375,2119969.889,4923156.1482,2129969.889,4913156.1482,,
15376,2119969.889,4913156.1482,2129969.889,4903156.1482,,
15377,2119969.889,4903156.1482,2129969.889,4893156.1482,,
15378,2119969.889,4893156.1482,2129969.889,4883156.1482,,
15379,2119969.889,4883156.1482,2129969.889,4873156.1482,,
15380,2119969.889,4873156.1482,2129969.889,4863156.1482,,
15381,2119969.889,4863156.1482,2129969.889,4853156.1482,,
15382,2119969.889,4853156.1482,2129969.889,4843156.1482,,
15383,2119969.889,4843156.1482,2129969.889,4833156.1482,,
15384,2119969.889,4833156.1482,2129969.889,4823156.1482,,
15385,2119969.889,4823156.1482,2129969.889,4813156.1482,,
15386,2119969.889,4813156.1482,2129969.889,4803156.1482,,
15387,2119969.889,4803156.1482,2129969.889,4793156.1482,,
15388,2119969.889,4793156.1482,2129969.889,4783156.1482,,
15389,2119969.889,4783156.1482,2129969.889,4773156.1482,,
15390,2119969.889,4773156.1482,2129969.889,4763156.1482,,
15391,2119969.889,4763156.1482,2129969.889,4753156.1482,,
15392,2119969.889,4753156.1482,2129969.889,4743156.1482,,
15393,2129969.889,6223156.1482,2139969.889,6213156.1482,,
15394,2129969.889,6213156.1482,2139969.889,6203156.1482,,
15395,2129969.889,6203156.1482,2139969.889,6193156.1482,,
15396,2129969.889,6193156.1482,2139969.889,6183156.1482,,
15397,2129969.889,6183156.1482,2139969.889,6173156.1482,,
15398,2129969.889,6173156.1482,2139969.889,6163156.1482,,
15399,2129969.889,6163156.1482,2139969.889,6153156.1482,,
15400,2129969.889,6153156.1482,2139969.889,6143156.1482,,
15401,2129969.889,6143156.1482,2139969.889,6133156.1482,,
15402,2129969.889,6133156.1482,2139969.889,6123156.1482,,
15403,2129969.889,6123156.1482,2139969.889,6113156.1482,,
15404,2129969.889,6113156.1482,2139969.889,6103156.1482,,
15405,2129969.889,6103156.1482,2139969.889,6093156.1482,,
15406,2129969.889,6093156.1482,2139969.889,6083156.1482,,
15407,2129969.889,6083156.1482,2139969.889,6073156.1482,,
15408,2129969.889,6073156.1482,2139969.889,6063156.1482,,
15409,2129969.889,6063156.1482,2139969.889,6053156.1482,,
15410,2129969.889,6053156.1482,2139969.889,6043156.1482,,
15411,2129969.889,6043156.1482,2139969.889,6033156.1482,,
15412,2129969.889,6033156.1482,2139969.889,6023156.1482,,
15413,2129969.889,6023156.1482,2139969.889,6013156.1482,,
15414,2129969.889,6013156.1482,2139969.889,6003156.1482,,
15415,2129969.889,6003156.1482,2139969.889,5993156.1482,,
15416,2129969.889,5993156.1482,2139969.889,5983156.1482,,
15417,2129969.889,5983156.1482,2139969.889,5973156.1482,,
15418,2129969.889,5973156.1482,2139969.889,5963156.1482,,
15419,2129969.889,5963156.1482,2139969.889,5953156.1482,,
15420,2129969.889,5953156.1482,2139969.889,5943156.1482,,
15421,2129969.889,5943156.1482,2139969.889,5933156.1482,,
15422,2129969.889,5933156.1482,2139969.889,5923156.1482,,
15423,2129969.889,5923156.1482,2139969.889,5913156.1482,,
15424,2129969.889,5913156.1482,2139969.889,5903156.1482,,
15425,2129969.889,5903156.1482,2139969.889,5893156.1482,,
15426,2129969.889,5893156.1482,2139969.889,5883156.1482,,
15427,2129969.889,5883156.1482,2139969.889,5873156.1482,,
15428,2129969.889,5873156.1482,2139969.889,5863156.1482,,
15429,2129969.889,5863156.1482,2139969.889,5853156.1482,,
15430,2129969.889,5853156.1482,2139969.889,5843156.1482,,
15431,2129969.889,5843156.1482,2139969.889,5833156.1482,,
15432,2129969.889,5833156.1482,2139969.889,5823156.1482,,
15433,2129969.889,5823156.1482,2139969.889,5813156.1482,,
15434,2129969.889,5813156.1482,2139969.889,5803156.1482,,
15435,2129969.889,5803156.1482,2139969.889,5793156.1482,,
15436,2129969.889,5793156.1482,2139969.889,5783156.1482,,
15437,2129969.889,5783156.1482,2139969.889,5773156.1482,,
15438,2129969.889,5773156.1482,2139969.889,5763156.1482,,
15439,2129969.889,5763156.1482,2139969.889,5753156.1482,,
15440,2129969.889,5753156.1482,2139969.889,5743156.1482,,
15441,2129969.889,5743156.1482,2139969.889,5733156.1482,,
15442,2129969.889,5733156.1482,2139969.889,5723156.1482,,
15443,2129969.889,5723156.1482,2139969.889,5713156.1482,,
15444,2129969.889,5713156.1482,2139969.889,5703156.1482,,
15445,2129969.889,5703156.1482,2139969.889,5693156.1482,,
15446,2129969.889,5693156.1482,2139969.889,5683156.1482,,
15447,2129969.889,5683156.1482,2139969.889,5673156.1482,,
15448,2129969.889,5673156.1482,2139969.889,5663156.1482,,
15449,2129969.889,5663156.1482,2139969.889,5653156.1482,,
15450,2129969.889,5653156.1482,2139969.889,5643156.1482,,
15451,2129969.889,5643156.1482,2139969.889,5633156.1482,,
15452,2129969.889,5633156.1482,2139969.889,5623156.1482,,
15453,2129969.889,5623156.1482,2139969.889,5613156.1482,,
15454,2129969.889,5613156.1482,2139969.889,5603156.1482,,
15455,2129969.889,5603156.1482,2139969.889,5593156.1482,,
15456,2129969.889,5593156.1482,2139969.889,5583156.1482,,
15457,2129969.889,5583156.1482,2139969.889,5573156.1482,,
15458,2129969.889,5573156.1482,2139969.889,5563156.1482,,
15459,2129969.889,5563156.1482,2139969.889,5553156.1482,,
15460,2129969.889,5553156.1482,2139969.889,5543156.1482,,
15461,2129969.889,5543156.1482,2139969.889,5533156.1482,,
15462,2129969.889,5533156.1482,2139969.889,5523156.1482,,
15463,2129969.889,5523156.1482,2139969.889,5513156.1482,,
15464,2129969.889,5513156.1482,2139969.889,5503156.1482,,
15465,2129969.889,5503156.1482,2139969.889,5493156.1482,,
15466,2129969.889,5493156.1482,2139969.889,5483156.1482,,
15467,2129969.889,5483156.1482,2139969.889,5473156.1482,,
15468,2129969.889,5473156.1482,2139969.889,5463156.1482,,
15469,2129969.889,5463156.1482,2139969.889,5453156.1482,,
15470,2129969.889,5453156.1482,2139969.889,5443156.1482,,
15471,2129969.889,5443156.1482,2139969.889,5433156.1482,,
15472,2129969.889,5433156.1482,2139969.889,5423156.1482,,
15473,2129969.889,5423156.1482,2139969.889,5413156.1482,,
15474,2129969.889,5413156.1482,2139969.889,5403156.1482,,
15475,2129969.889,5403156.1482,2139969.889,5393156.1482,,
15476,2129969.889,5393156.1482,2139969.889,5383156.1482,,
15477,2129969.889,5383156.1482,2139969.889,5373156.1482,,
15478,2129969.889,5373156.1482,2139969.889,5363156.1482,,
15479,2129969.889,5363156.1482,2139969.889,5353156.1482,,
15480,2129969.889,5353156.1482,2139969.889,5343156.1482,,
15481,2129969.889,5343156.1482,2139969.889,5333156.1482,,
15482,2129969.889,5333156.1482,2139969.889,5323156.1482,,
15483,2129969.889,5323156.1482,2139969.889,5313156.1482,,
15484,2129969.889,5313156.1482,2139969.889,5303156.1482,,
15485,2129969.889,5303156.1482,2139969.889,5293156.1482,,
15486,2129969.889,5293156.1482,2139969.889,5283156.1482,,
15487,2129969.889,5283156.1482,2139969.889,5273156.1482,,
15488,2129969.889,5273156.1482,2139969.889,5263156.1482,,
15489,2129969.889,5263156.1482,2139969.889,5253156.1482,,
15490,2129969.889,5253156.1482,2139969.889,5243156.1482,,
15491,2129969.889,5243156.1482,2139969.889,5233156.1482,,
15492,2129969.889,5233156.1482,2139969.889,5223156.1482,,
15493,2129969.889,5223156.1482,2139969.889,5213156.1482,,
15494,2129969.889,5213156.1482,2139969.889,5203156.1482,,
15495,2129969.889,5203156.1482,2139969.889,5193156.1482,,
15496,2129969.889,5193156.1482,2139969.889,5183156.1482,,
15497,2129969.889,5183156.1482,2139969.889,5173156.1482,,
15498,2129969.889,5173156.1482,2139969.889,5163156.1482,,
15499,2129969.889,5163156.1482,2139969.889,5153156.1482,,
15500,2129969.889,5153156.1482,2139969.889,5143156.1482,,
15501,2129969.889,5143156.1482,2139969.889,5133156.1482,,
15502,2129969.889,5133156.1482,2139969.889,5123156.1482,,
15503,2129969.889,5123156.1482,2139969.889,5113156.1482,,
15504,2129969.889,5113156.1482,2139969.889,5103156.1482,,
15505,2129969.889,5103156.1482,2139969.889,5093156.1482,,
15506,2129969.889,5093156.1482,2139969.889,5083156.1482,,
15507,2129969.889,5083156.1482,2139969.889,5073156.1482,,
15508,2129969.889,5073156.1482,2139969.889,5063156.1482,,
15509,2129969.889,5063156.1482,2139969.889,5053156.1482,,
15510,2129969.889,5053156.1482,2139969.889,5043156.1482,,
15511,2129969.889,5043156.1482,2139969.889,5033156.1482,,
15512,2129969.889,5033156.1482,2139969.889,5023156.1482,,
15513,2129969.889,5023156.1482,2139969.889,5013156.1482,,
15514,2129969.889,5013156.1482,2139969.889,5003156.1482,,
15515,2129969.889,5003156.1482,2139969.889,4993156.1482,,
15516,2129969.889,4993156.1482,2139969.889,4983156.1482,,
15517,2129969.889,4983156.1482,2139969.889,4973156.1482,,
15518,2129969.889,4973156.1482,2139969.889,4963156.1482,,
15519,2129969.889,4963156.1482,2139969.889,4953156.1482,,
15520,2129969.889,4953156.1482,2139969.889,4943156.1482,,
15521,2129969.889,4943156.1482,2139969.889,4933156.1482,,
15522,2129969.889,4933156.1482,2139969.889,4923156.1482,,
15523,2129969.889,4923156.1482,2139969.889,4913156.1482,,
15524,2129969.889,4913156.1482,2139969.889,4903156.1482,,
15525,2129969.889,4903156.1482,2139969.889,4893156.1482,,
15526,2129969.889,4893156.1482,2139969.889,4883156.1482,,
15527,2129969.889,4883156.1482,2139969.889,4873156.1482,,
15528,2129969.889,4873156.1482,2139969.889,4863156.1482,,
15529,2129969.889,4863156.1482,2139969.889,4853156.1482,,
15530,2129969.889,4853156.1482,2139969.889,4843156.1482,,
15531,2129969.889,4843156.1482,2139969.889,4833156.1482,,
15532,2129969.889,4833156.1482,2139969.889,4823156.1482,,
15533,2129969.889,4823156.1482,2139969.889,4813156.1482,,
15534,2129969.889,4813156.1482,2139969.889,4803156.1482,,
15535,2129969.889,4803156.1482,2139969.889,4793156.1482,,
15536,2129969.889,4793156.1482,2139969.889,4783156.1482,,
15537,2129969.889,4783156.1482,2139969.889,4773156.1482,,
15538,2129969.889,4773156.1482,2139969.889,4763156.1482,,
15539,2129969.889,4763156.1482,2139969.889,4753156.1482,,
15540,2129969.889,4753156.1482,2139969.889,4743156.1482,,
15541,2139969.889,6223156.1482,2149969.889,6213156.1482,,
15542,2139969.889,6213156.1482,2149969.889,6203156.1482,,
15543,2139969.889,6203156.1482,2149969.889,6193156.1482,,
15544,2139969.889,6193156.1482,2149969.889,6183156.1482,,
15545,2139969.889,6183156.1482,2149969.889,6173156.1482,,
15546,2139969.889,6173156.1482,2149969.889,6163156.1482,,
15547,2139969.889,6163156.1482,2149969.889,6153156.1482,,
15548,2139969.889,6153156.1482,2149969.889,6143156.1482,,
15549,2139969.889,6143156.1482,2149969.889,6133156.1482,,
15550,2139969.889,6133156.1482,2149969.889,6123156.1482,,
15551,2139969.889,6123156.1482,2149969.889,6113156.1482,,
15552,2139969.889,6113156.1482,2149969.889,6103156.1482,,
15553,2139969.889,6103156.1482,2149969.889,6093156.1482,,
15554,2139969.889,6093156.1482,2149969.889,6083156.1482,,
15555,2139969.889,6083156.1482,2149969.889,6073156.1482,,
15556,2139969.889,6073156.1482,2149969.889,6063156.1482,,
15557,2139969.889,6063156.1482,2149969.889,6053156.1482,,
15558,2139969.889,6053156.1482,2149969.889,6043156.1482,,
15559,2139969.889,6043156.1482,2149969.889,6033156.1482,,
15560,2139969.889,6033156.1482,2149969.889,6023156.1482,,
15561,2139969.889,6023156.1482,2149969.889,6013156.1482,,
15562,2139969.889,6013156.1482,2149969.889,6003156.1482,,
15563,2139969.889,6003156.1482,2149969.889,5993156.1482,,
15564,2139969.889,5993156.1482,2149969.889,5983156.1482,,
15565,2139969.889,5983156.1482,2149969.889,5973156.1482,,
15566,2139969.889,5973156.1482,2149969.889,5963156.1482,,
15567,2139969.889,5963156.1482,2149969.889,5953156.1482,,
15568,2139969.889,5953156.1482,2149969.889,5943156.1482,,
15569,2139969.889,5943156.1482,2149969.889,5933156.1482,,
15570,2139969.889,5933156.1482,2149969.889,5923156.1482,,
15571,2139969.889,5923156.1482,2149969.889,5913156.1482,,
15572,2139969.889,5913156.1482,2149969.889,5903156.1482,,
15573,2139969.889,5903156.1482,2149969.889,5893156.1482,,
15574,2139969.889,5893156.1482,2149969.889,5883156.1482,,
15575,2139969.889,5883156.1482,2149969.889,5873156.1482,,
15576,2139969.889,5873156.1482,2149969.889,5863156.1482,,
15577,2139969.889,5863156.1482,2149969.889,5853156.1482,,
15578,2139969.889,5853156.1482,2149969.889,5843156.1482,,
15579,2139969.889,5843156.1482,2149969.889,5833156.1482,,
15580,2139969.889,5833156.1482,2149969.889,5823156.1482,,
15581,2139969.889,5823156.1482,2149969.889,5813156.1482,,
15582,2139969.889,5813156.1482,2149969.889,5803156.1482,,
15583,2139969.889,5803156.1482,2149969.889,5793156.1482,,
15584,2139969.889,5793156.1482,2149969.889,5783156.1482,,
15585,2139969.889,5783156.1482,2149969.889,5773156.1482,,
15586,2139969.889,5773156.1482,2149969.889,5763156.1482,,
15587,2139969.889,5763156.1482,2149969.889,5753156.1482,,
15588,2139969.889,5753156.1482,2149969.889,5743156.1482,,
15589,2139969.889,5743156.1482,2149969.889,5733156.1482,,
15590,2139969.889,5733156.1482,2149969.889,5723156.1482,,
15591,2139969.889,5723156.1482,2149969.889,5713156.1482,,
15592,2139969.889,5713156.1482,2149969.889,5703156.1482,,
15593,2139969.889,5703156.1482,2149969.889,5693156.1482,,
15594,2139969.889,5693156.1482,2149969.889,5683156.1482,,
15595,2139969.889,5683156.1482,2149969.889,5673156.1482,,
15596,2139969.889,5673156.1482,2149969.889,5663156.1482,,
15597,2139969.889,5663156.1482,2149969.889,5653156.1482,,
15598,2139969.889,5653156.1482,2149969.889,5643156.1482,,
15599,2139969.889,5643156.1482,2149969.889,5633156.1482,,
15600,2139969.889,5633156.1482,2149969.889,5623156.1482,,
15601,2139969.889,5623156.1482,2149969.889,5613156.1482,,
15602,2139969.889,5613156.1482,2149969.889,5603156.1482,,
15603,2139969.889,5603156.1482,2149969.889,5593156.1482,,
15604,2139969.889,5593156.1482,2149969.889,5583156.1482,,
15605,2139969.889,5583156.1482,2149969.889,5573156.1482,,
15606,2139969.889,5573156.1482,2149969.889,5563156.1482,,
15607,2139969.889,5563156.1482,2149969.889,5553156.1482,,
15608,2139969.889,5553156.1482,2149969.889,5543156.1482,,
15609,2139969.889,5543156.1482,2149969.889,5533156.1482,,
15610,2139969.889,5533156.1482,2149969.889,5523156.1482,,
15611,2139969.889,5523156.1482,2149969.889,5513156.1482,,
15612,2139969.889,5513156.1482,2149969.889,5503156.1482,,
15613,2139969.889,5503156.1482,2149969.889,5493156.1482,,
15614,2139969.889,5493156.1482,2149969.889,5483156.1482,,
15615,2139969.889,5483156.1482,2149969.889,5473156.1482,,
15616,2139969.889,5473156.1482,2149969.889,5463156.1482,,
15617,2139969.889,5463156.1482,2149969.889,5453156.1482,,
15618,2139969.889,5453156.1482,2149969.889,5443156.1482,,
15619,2139969.889,5443156.1482,2149969.889,5433156.1482,,
15620,2139969.889,5433156.1482,2149969.889,5423156.1482,,
15621,2139969.889,5423156.1482,2149969.889,5413156.1482,,
15622,2139969.889,5413156.1482,2149969.889,5403156.1482,,
15623,2139969.889,5403156.1482,2149969.889,5393156.1482,,
15624,2139969.889,5393156.1482,2149969.889,5383156.1482,,
15625,2139969.889,5383156.1482,2149969.889,5373156.1482,,
15626,2139969.889,5373156.1482,2149969.889,5363156.1482,,
15627,2139969.889,5363156.1482,2149969.889,5353156.1482,,
15628,2139969.889,5353156.1482,2149969.889,5343156.1482,,
15629,2139969.889,5343156.1482,2149969.889,5333156.1482,,
15630,2139969.889,5333156.1482,2149969.889,5323156.1482,,
15631,2139969.889,5323156.1482,2149969.889,5313156.1482,,
15632,2139969.889,5313156.1482,2149969.889,5303156.1482,,
15633,2139969.889,5303156.1482,2149969.889,5293156.1482,,
15634,2139969.889,5293156.1482,2149969.889,5283156.1482,,
15635,2139969.889,5283156.1482,2149969.889,5273156.1482,,
15636,2139969.889,5273156.1482,2149969.889,5263156.1482,,
15637,2139969.889,5263156.1482,2149969.889,5253156.1482,,
15638,2139969.889,5253156.1482,2149969.889,5243156.1482,,
15639,2139969.889,5243156.1482,2149969.889,5233156.1482,,
15640,2139969.889,5233156.1482,2149969.889,5223156.1482,,
15641,2139969.889,5223156.1482,2149969.889,5213156.1482,,
15642,2139969.889,5213156.1482,2149969.889,5203156.1482,,
15643,2139969.889,5203156.1482,2149969.889,5193156.1482,,
15644,2139969.889,5193156.1482,2149969.889,5183156.1482,,
15645,2139969.889,5183156.1482,2149969.889,5173156.1482,,
15646,2139969.889,5173156.1482,2149969.889,5163156.1482,,
15647,2139969.889,5163156.1482,2149969.889,5153156.1482,,
15648,2139969.889,5153156.1482,2149969.889,5143156.1482,,
15649,2139969.889,5143156.1482,2149969.889,5133156.1482,,
15650,2139969.889,5133156.1482,2149969.889,5123156.1482,,
15651,2139969.889,5123156.1482,2149969.889,5113156.1482,,
15652,2139969.889,5113156.1482,2149969.889,5103156.1482,,
15653,2139969.889,5103156.1482,2149969.889,5093156.1482,,
15654,2139969.889,5093156.1482,2149969.889,5083156.1482,,
15655,2139969.889,5083156.1482,2149969.889,5073156.1482,,
15656,2139969.889,5073156.1482,2149969.889,5063156.1482,,
15657,2139969.889,5063156.1482,2149969.889,5053156.1482,,
15658,2139969.889,5053156.1482,2149969.889,5043156.1482,,
15659,2139969.889,5043156.1482,2149969.889,5033156.1482,,
15660,2139969.889,5033156.1482,2149969.889,5023156.1482,,
15661,2139969.889,5023156.1482,2149969.889,5013156.1482,,
15662,2139969.889,5013156.1482,2149969.889,5003156.1482,,
15663,2139969.889,5003156.1482,2149969.889,4993156.1482,,
15664,2139969.889,4993156.1482,2149969.889,4983156.1482,,
15665,2139969.889,4983156.1482,2149969.889,4973156.1482,,
15666,2139969.889,4973156.1482,2149969.889,4963156.1482,,
15667,2139969.889,4963156.1482,2149969.889,4953156.1482,,
15668,2139969.889,4953156.1482,2149969.889,4943156.1482,,
15669,2139969.889,4943156.1482,2149969.889,4933156.1482,,
15670,2139969.889,4933156.1482,2149969.889,4923156.1482,,
15671,2139969.889,4923156.1482,2149969.889,4913156.1482,,
15672,2139969.889,4913156.1482,2149969.889,4903156.1482,,
15673,2139969.889,4903156.1482,2149969.889,4893156.1482,,
15674,2139969.889,4893156.1482,2149969.889,4883156.1482,,
15675,2139969.889,4883156.1482,2149969.889,4873156.1482,,
15676,2139969.889,4873156.1482,2149969.889,4863156.1482,,
15677,2139969.889,4863156.1482,2149969.889,4853156.1482,,
15678,2139969.889,4853156.1482,2149969.889,4843156.1482,,
15679,2139969.889,4843156.1482,2149969.889,4833156.1482,,
15680,2139969.889,4833156.1482,2149969.889,4823156.1482,,
15681,2139969.889,4823156.1482,2149969.889,4813156.1482,,
15682,2139969.889,4813156.1482,2149969.889,4803156.1482,,
15683,2139969.889,4803156.1482,2149969.889,4793156.1482,,
15684,2139969.889,4793156.1482,2149969.889,4783156.1482,,
15685,2139969.889,4783156.1482,2149969.889,4773156.1482,,
15686,2139969.889,4773156.1482,2149969.889,4763156.1482,,
15687,2139969.889,4763156.1482,2149969.889,4753156.1482,,
15688,2139969.889,4753156.1482,2149969.889,4743156.1482,,
15689,2149969.889,6223156.1482,2159969.889,6213156.1482,,
15690,2149969.889,6213156.1482,2159969.889,6203156.1482,,
15691,2149969.889,6203156.1482,2159969.889,6193156.1482,,
15692,2149969.889,6193156.1482,2159969.889,6183156.1482,,
15693,2149969.889,6183156.1482,2159969.889,6173156.1482,,
15694,2149969.889,6173156.1482,2159969.889,6163156.1482,,
15695,2149969.889,6163156.1482,2159969.889,6153156.1482,,
15696,2149969.889,6153156.1482,2159969.889,6143156.1482,,
15697,2149969.889,6143156.1482,2159969.889,6133156.1482,,
15698,2149969.889,6133156.1482,2159969.889,6123156.1482,,
15699,2149969.889,6123156.1482,2159969.889,6113156.1482,,
15700,2149969.889,6113156.1482,2159969.889,6103156.1482,,
15701,2149969.889,6103156.1482,2159969.889,6093156.1482,,
15702,2149969.889,6093156.1482,2159969.889,6083156.1482,,
15703,2149969.889,6083156.1482,2159969.889,6073156.1482,,
15704,2149969.889,6073156.1482,2159969.889,6063156.1482,,
15705,2149969.889,6063156.1482,2159969.889,6053156.1482,,
15706,2149969.889,6053156.1482,2159969.889,6043156.1482,,
15707,2149969.889,6043156.1482,2159969.889,6033156.1482,,
15708,2149969.889,6033156.1482,2159969.889,6023156.1482,,
15709,2149969.889,6023156.1482,2159969.889,6013156.1482,,
15710,2149969.889,6013156.1482,2159969.889,6003156.1482,,
15711,2149969.889,6003156.1482,2159969.889,5993156.1482,,
15712,2149969.889,5993156.1482,2159969.889,5983156.1482,,
15713,2149969.889,5983156.1482,2159969.889,5973156.1482,,
15714,2149969.889,5973156.1482,2159969.889,5963156.1482,,
15715,2149969.889,5963156.1482,2159969.889,5953156.1482,,
15716,2149969.889,5953156.1482,2159969.889,5943156.1482,,
15717,2149969.889,5943156.1482,2159969.889,5933156.1482,,
15718,2149969.889,5933156.1482,2159969.889,5923156.1482,,
15719,2149969.889,5923156.1482,2159969.889,5913156.1482,,
15720,2149969.889,5913156.1482,2159969.889,5903156.1482,,
15721,2149969.889,5903156.1482,2159969.889,5893156.1482,,
15722,2149969.889,5893156.1482,2159969.889,5883156.1482,,
15723,2149969.889,5883156.1482,2159969.889,5873156.1482,,
15724,2149969.889,5873156.1482,2159969.889,5863156.1482,,
15725,2149969.889,5863156.1482,2159969.889,5853156.1482,,
15726,2149969.889,5853156.1482,2159969.889,5843156.1482,,
15727,2149969.889,5843156.1482,2159969.889,5833156.1482,,
15728,2149969.889,5833156.1482,2159969.889,5823156.1482,,
15729,2149969.889,5823156.1482,2159969.889,5813156.1482,,
15730,2149969.889,5813156.1482,2159969.889,5803156.1482,,
15731,2149969.889,5803156.1482,2159969.889,5793156.1482,,
15732,2149969.889,5793156.1482,2159969.889,5783156.1482,,
15733,2149969.889,5783156.1482,2159969.889,5773156.1482,,
15734,2149969.889,5773156.1482,2159969.889,5763156.1482,,
15735,2149969.889,5763156.1482,2159969.889,5753156.1482,,
15736,2149969.889,5753156.1482,2159969.889,5743156.1482,,
15737,2149969.889,5743156.1482,2159969.889,5733156.1482,,
15738,2149969.889,5733156.1482,2159969.889,5723156.1482,,
15739,2149969.889,5723156.1482,2159969.889,5713156.1482,,
15740,2149969.889,5713156.1482,2159969.889,5703156.1482,,
15741,2149969.889,5703156.1482,2159969.889,5693156.1482,,
15742,2149969.889,5693156.1482,2159969.889,5683156.1482,,
15743,2149969.889,5683156.1482,2159969.889,5673156.1482,,
15744,2149969.889,5673156.1482,2159969.889,5663156.1482,,
15745,2149969.889,5663156.1482,2159969.889,5653156.1482,,
15746,2149969.889,5653156.1482,2159969.889,5643156.1482,,
15747,2149969.889,5643156.1482,2159969.889,5633156.1482,,
15748,2149969.889,5633156.1482,2159969.889,5623156.1482,,
15749,2149969.889,5623156.1482,2159969.889,5613156.1482,,
15750,2149969.889,5613156.1482,2159969.889,5603156.1482,,
15751,2149969.889,5603156.1482,2159969.889,5593156.1482,,
15752,2149969.889,5593156.1482,2159969.889,5583156.1482,,
15753,2149969.889,5583156.1482,2159969.889,5573156.1482,,
15754,2149969.889,5573156.1482,2159969.889,5563156.1482,,
15755,2149969.889,5563156.1482,2159969.889,5553156.1482,,
15756,2149969.889,5553156.1482,2159969.889,5543156.1482,,
15757,2149969.889,5543156.1482,2159969.889,5533156.1482,,
15758,2149969.889,5533156.1482,2159969.889,5523156.1482,,
15759,2149969.889,5523156.1482,2159969.889,5513156.1482,,
15760,2149969.889,5513156.1482,2159969.889,5503156.1482,,
15761,2149969.889,5503156.1482,2159969.889,5493156.1482,,
15762,2149969.889,5493156.1482,2159969.889,5483156.1482,,
15763,2149969.889,5483156.1482,2159969.889,5473156.1482,,
15764,2149969.889,5473156.1482,2159969.889,5463156.1482,,
15765,2149969.889,5463156.1482,2159969.889,5453156.1482,,
15766,2149969.889,5453156.1482,2159969.889,5443156.1482,,
15767,2149969.889,5443156.1482,2159969.889,5433156.1482,,
15768,2149969.889,5433156.1482,2159969.889,5423156.1482,,
15769,2149969.889,5423156.1482,2159969.889,5413156.1482,,
15770,2149969.889,5413156.1482,2159969.889,5403156.1482,,
15771,2149969.889,5403156.1482,2159969.889,5393156.1482,,
15772,2149969.889,5393156.1482,2159969.889,5383156.1482,,
15773,2149969.889,5383156.1482,2159969.889,5373156.1482,,
15774,2149969.889,5373156.1482,2159969.889,5363156.1482,,
15775,2149969.889,5363156.1482,2159969.889,5353156.1482,,
15776,2149969.889,5353156.1482,2159969.889,5343156.1482,,
15777,2149969.889,5343156.1482,2159969.889,5333156.1482,,
15778,2149969.889,5333156.1482,2159969.889,5323156.1482,,
15779,2149969.889,5323156.1482,2159969.889,5313156.1482,,
15780,2149969.889,5313156.1482,2159969.889,5303156.1482,,
15781,2149969.889,5303156.1482,2159969.889,5293156.1482,,
15782,2149969.889,5293156.1482,2159969.889,5283156.1482,,
15783,2149969.889,5283156.1482,2159969.889,5273156.1482,,
15784,2149969.889,5273156.1482,2159969.889,5263156.1482,,
15785,2149969.889,5263156.1482,2159969.889,5253156.1482,,
15786,2149969.889,5253156.1482,2159969.889,5243156.1482,,
15787,2149969.889,5243156.1482,2159969.889,5233156.1482,,
15788,2149969.889,5233156.1482,2159969.889,5223156.1482,,
15789,2149969.889,5223156.1482,2159969.889,5213156.1482,,
15790,2149969.889,5213156.1482,2159969.889,5203156.1482,,
15791,2149969.889,5203156.1482,2159969.889,5193156.1482,,
15792,2149969.889,5193156.1482,2159969.889,5183156.1482,,
15793,2149969.889,5183156.1482,2159969.889,5173156.1482,,
15794,2149969.889,5173156.1482,2159969.889,5163156.1482,,
15795,2149969.889,5163156.1482,2159969.889,5153156.1482,,
15796,2149969.889,5153156.1482,2159969.889,5143156.1482,,
15797,2149969.889,5143156.1482,2159969.889,5133156.1482,,
15798,2149969.889,5133156.1482,2159969.889,5123156.1482,,
15799,2149969.889,5123156.1482,2159969.889,5113156.1482,,
15800,2149969.889,5113156.1482,2159969.889,5103156.1482,,
15801,2149969.889,5103156.1482,2159969.889,5093156.1482,,
15802,2149969.889,5093156.1482,2159969.889,5083156.1482,,
15803,2149969.889,5083156.1482,2159969.889,5073156.1482,,
15804,2149969.889,5073156.1482,2159969.889,5063156.1482,,
15805,2149969.889,5063156.1482,2159969.889,5053156.1482,,
15806,2149969.889,5053156.1482,2159969.889,5043156.1482,,
15807,2149969.889,5043156.1482,2159969.889,5033156.1482,,
15808,2149969.889,5033156.1482,2159969.889,5023156.1482,,
15809,2149969.889,5023156.1482,2159969.889,5013156.1482,,
15810,2149969.889,5013156.1482,2159969.889,5003156.1482,,
15811,2149969.889,5003156.1482,2159969.889,4993156.1482,,
15812,2149969.889,4993156.1482,2159969.889,4983156.1482,,
15813,2149969.889,4983156.1482,2159969.889,4973156.1482,,
15814,2149969.889,4973156.1482,2159969.889,4963156.1482,,
15815,2149969.889,4963156.1482,2159969.889,4953156.1482,,
15816,2149969.889,4953156.1482,2159969.889,4943156.1482,,
15817,2149969.889,4943156.1482,2159969.889,4933156.1482,,
15818,2149969.889,4933156.1482,2159969.889,4923156.1482,,
15819,2149969.889,4923156.1482,2159969.889,4913156.1482,,
15820,2149969.889,4913156.1482,2159969.889,4903156.1482,,
15821,2149969.889,4903156.1482,2159969.889,4893156.1482,,
15822,2149969.889,4893156.1482,2159969.889,4883156.1482,,
15823,2149969.889,4883156.1482,2159969.889,4873156.1482,,
15824,2149969.889,4873156.1482,2159969.889,4863156.1482,,
15825,2149969.889,4863156.1482,2159969.889,4853156.1482,,
15826,2149969.889,4853156.1482,2159969.889,4843156.1482,,
15827,2149969.889,4843156.1482,2159969.889,4833156.1482,,
15828,2149969.889,4833156.1482,2159969.889,4823156.1482,,
15829,2149969.889,4823156.1482,2159969.889,4813156.1482,,
15830,2149969.889,4813156.1482,2159969.889,4803156.1482,,
15831,2149969.889,4803156.1482,2159969.889,4793156.1482,,
15832,2149969.889,4793156.1482,2159969.889,4783156.1482,,
15833,2149969.889,4783156.1482,2159969.889,4773156.1482,,
15834,2149969.889,4773156.1482,2159969.889,4763156.1482,,
15835,2149969.889,4763156.1482,2159969.889,4753156.1482,,
15836,2149969.889,4753156.1482,2159969.889,4743156.1482,,
15837,2159969.889,6223156.1482,2169969.889,6213156.1482,,
15838,2159969.889,6213156.1482,2169969.889,6203156.1482,,
15839,2159969.889,6203156.1482,2169969.889,6193156.1482,,
15840,2159969.889,6193156.1482,2169969.889,6183156.1482,,
15841,2159969.889,6183156.1482,2169969.889,6173156.1482,,
15842,2159969.889,6173156.1482,2169969.889,6163156.1482,,
15843,2159969.889,6163156.1482,2169969.889,6153156.1482,,
15844,2159969.889,6153156.1482,2169969.889,6143156.1482,,
15845,2159969.889,6143156.1482,2169969.889,6133156.1482,,
15846,2159969.889,6133156.1482,2169969.889,6123156.1482,,
15847,2159969.889,6123156.1482,2169969.889,6113156.1482,,
15848,2159969.889,6113156.1482,2169969.889,6103156.1482,,
15849,2159969.889,6103156.1482,2169969.889,6093156.1482,,
15850,2159969.889,6093156.1482,2169969.889,6083156.1482,,
15851,2159969.889,6083156.1482,2169969.889,6073156.1482,,
15852,2159969.889,6073156.1482,2169969.889,6063156.1482,,
15853,2159969.889,6063156.1482,2169969.889,6053156.1482,,
15854,2159969.889,6053156.1482,2169969.889,6043156.1482,,
15855,2159969.889,6043156.1482,2169969.889,6033156.1482,,
15856,2159969.889,6033156.1482,2169969.889,6023156.1482,,
15857,2159969.889,6023156.1482,2169969.889,6013156.1482,,
15858,2159969.889,6013156.1482,2169969.889,6003156.1482,,
15859,2159969.889,6003156.1482,2169969.889,5993156.1482,,
15860,2159969.889,5993156.1482,2169969.889,5983156.1482,,
15861,2159969.889,5983156.1482,2169969.889,5973156.1482,,
15862,2159969.889,5973156.1482,2169969.889,5963156.1482,,
15863,2159969.889,5963156.1482,2169969.889,5953156.1482,,
15864,2159969.889,5953156.1482,2169969.889,5943156.1482,,
15865,2159969.889,5943156.1482,2169969.889,5933156.1482,,
15866,2159969.889,5933156.1482,2169969.889,5923156.1482,,
15867,2159969.889,5923156.1482,2169969.889,5913156.1482,,
15868,2159969.889,5913156.1482,2169969.889,5903156.1482,,
15869,2159969.889,5903156.1482,2169969.889,5893156.1482,,
15870,2159969.889,5893156.1482,2169969.889,5883156.1482,,
15871,2159969.889,5883156.1482,2169969.889,5873156.1482,,
15872,2159969.889,5873156.1482,2169969.889,5863156.1482,,
15873,2159969.889,5863156.1482,2169969.889,5853156.1482,,
15874,2159969.889,5853156.1482,2169969.889,5843156.1482,,
15875,2159969.889,5843156.1482,2169969.889,5833156.1482,,
15876,2159969.889,5833156.1482,2169969.889,5823156.1482,,
15877,2159969.889,5823156.1482,2169969.889,5813156.1482,,
15878,2159969.889,5813156.1482,2169969.889,5803156.1482,,
15879,2159969.889,5803156.1482,2169969.889,5793156.1482,,
15880,2159969.889,5793156.1482,2169969.889,5783156.1482,,
15881,2159969.889,5783156.1482,2169969.889,5773156.1482,,
15882,2159969.889,5773156.1482,2169969.889,5763156.1482,,
15883,2159969.889,5763156.1482,2169969.889,5753156.1482,,
15884,2159969.889,5753156.1482,2169969.889,5743156.1482,,
15885,2159969.889,5743156.1482,2169969.889,5733156.1482,,
15886,2159969.889,5733156.1482,2169969.889,5723156.1482,,
15887,2159969.889,5723156.1482,2169969.889,5713156.1482,,
15888,2159969.889,5713156.1482,2169969.889,5703156.1482,,
15889,2159969.889,5703156.1482,2169969.889,5693156.1482,,
15890,2159969.889,5693156.1482,2169969.889,5683156.1482,,
15891,2159969.889,5683156.1482,2169969.889,5673156.1482,,
15892,2159969.889,5673156.1482,2169969.889,5663156.1482,,
15893,2159969.889,5663156.1482,2169969.889,5653156.1482,,
15894,2159969.889,5653156.1482,2169969.889,5643156.1482,,
15895,2159969.889,5643156.1482,2169969.889,5633156.1482,,
15896,2159969.889,5633156.1482,2169969.889,5623156.1482,,
15897,2159969.889,5623156.1482,2169969.889,5613156.1482,,
15898,2159969.889,5613156.1482,2169969.889,5603156.1482,,
15899,2159969.889,5603156.1482,2169969.889,5593156.1482,,
15900,2159969.889,5593156.1482,2169969.889,5583156.1482,,
15901,2159969.889,5583156.1482,2169969.889,5573156.1482,,
15902,2159969.889,5573156.1482,2169969.889,5563156.1482,,
15903,2159969.889,5563156.1482,2169969.889,5553156.1482,,
15904,2159969.889,5553156.1482,2169969.889,5543156.1482,,
15905,2159969.889,5543156.1482,2169969.889,5533156.1482,,
15906,2159969.889,5533156.1482,2169969.889,5523156.1482,,
15907,2159969.889,5523156.1482,2169969.889,5513156.1482,,
15908,2159969.889,5513156.1482,2169969.889,5503156.1482,,
15909,2159969.889,5503156.1482,2169969.889,5493156.1482,,
15910,2159969.889,5493156.1482,2169969.889,5483156.1482,,
15911,2159969.889,5483156.1482,2169969.889,5473156.1482,,
15912,2159969.889,5473156.1482,2169969.889,5463156.1482,,
15913,2159969.889,5463156.1482,2169969.889,5453156.1482,,
15914,2159969.889,5453156.1482,2169969.889,5443156.1482,,
15915,2159969.889,5443156.1482,2169969.889,5433156.1482,,
15916,2159969.889,5433156.1482,2169969.889,5423156.1482,,
15917,2159969.889,5423156.1482,2169969.889,5413156.1482,,
15918,2159969.889,5413156.1482,2169969.889,5403156.1482,,
15919,2159969.889,5403156.1482,2169969.889,5393156.1482,,
15920,2159969.889,5393156.1482,2169969.889,5383156.1482,,
15921,2159969.889,5383156.1482,2169969.889,5373156.1482,,
15922,2159969.889,5373156.1482,2169969.889,5363156.1482,,
15923,2159969.889,5363156.1482,2169969.889,5353156.1482,,
15924,2159969.889,5353156.1482,2169969.889,5343156.1482,,
15925,2159969.889,5343156.1482,2169969.889,5333156.1482,,
15926,2159969.889,5333156.1482,2169969.889,5323156.1482,,
15927,2159969.889,5323156.1482,2169969.889,5313156.1482,,
15928,2159969.889,5313156.1482,2169969.889,5303156.1482,,
15929,2159969.889,5303156.1482,2169969.889,5293156.1482,,
15930,2159969.889,5293156.1482,2169969.889,5283156.1482,,
15931,2159969.889,5283156.1482,2169969.889,5273156.1482,,
15932,2159969.889,5273156.1482,2169969.889,5263156.1482,,
15933,2159969.889,5263156.1482,2169969.889,5253156.1482,,
15934,2159969.889,5253156.1482,2169969.889,5243156.1482,,
15935,2159969.889,5243156.1482,2169969.889,5233156.1482,,
15936,2159969.889,5233156.1482,2169969.889,5223156.1482,,
15937,2159969.889,5223156.1482,2169969.889,5213156.1482,,
15938,2159969.889,5213156.1482,2169969.889,5203156.1482,,
15939,2159969.889,5203156.1482,2169969.889,5193156.1482,,
15940,2159969.889,5193156.1482,2169969.889,5183156.1482,,
15941,2159969.889,5183156.1482,2169969.889,5173156.1482,,
15942,2159969.889,5173156.1482,2169969.889,5163156.1482,,
15943,2159969.889,5163156.1482,2169969.889,5153156.1482,,
15944,2159969.889,5153156.1482,2169969.889,5143156.1482,,
15945,2159969.889,5143156.1482,2169969.889,5133156.1482,,
15946,2159969.889,5133156.1482,2169969.889,5123156.1482,,
15947,2159969.889,5123156.1482,2169969.889,5113156.1482,,
15948,2159969.889,5113156.1482,2169969.889,5103156.1482,,
15949,2159969.889,5103156.1482,2169969.889,5093156.1482,,
15950,2159969.889,5093156.1482,2169969.889,5083156.1482,,
15951,2159969.889,5083156.1482,2169969.889,5073156.1482,,
15952,2159969.889,5073156.1482,2169969.889,5063156.1482,,
15953,2159969.889,5063156.1482,2169969.889,5053156.1482,,
15954,2159969.889,5053156.1482,2169969.889,5043156.1482,,
15955,2159969.889,5043156.1482,2169969.889,5033156.1482,,
15956,2159969.889,5033156.1482,2169969.889,5023156.1482,,
15957,2159969.889,5023156.1482,2169969.889,5013156.1482,,
15958,2159969.889,5013156.1482,2169969.889,5003156.1482,,
15959,2159969.889,5003156.1482,2169969.889,4993156.1482,,
15960,2159969.889,4993156.1482,2169969.889,4983156.1482,,
15961,2159969.889,4983156.1482,2169969.889,4973156.1482,,
15962,2159969.889,4973156.1482,2169969.889,4963156.1482,,
15963,2159969.889,4963156.1482,2169969.889,4953156.1482,,
15964,2159969.889,4953156.1482,2169969.889,4943156.1482,,
15965,2159969.889,4943156.1482,2169969.889,4933156.1482,,
15966,2159969.889,4933156.1482,2169969.889,4923156.1482,,
15967,2159969.889,4923156.1482,2169969.889,4913156.1482,,
15968,2159969.889,4913156.1482,2169969.889,4903156.1482,,
15969,2159969.889,4903156.1482,2169969.889,4893156.1482,,
15970,2159969.889,4893156.1482,2169969.889,4883156.1482,,
15971,2159969.889,4883156.1482,2169969.889,4873156.1482,,
15972,2159969.889,4873156.1482,2169969.889,4863156.1482,,
15973,2159969.889,4863156.1482,2169969.889,4853156.1482,,
15974,2159969.889,4853156.1482,2169969.889,4843156.1482,,
15975,2159969.889,4843156.1482,2169969.889,4833156.1482,,
15976,2159969.889,4833156.1482,2169969.889,4823156.1482,,
15977,2159969.889,4823156.1482,2169969.889,4813156.1482,,
15978,2159969.889,4813156.1482,2169969.889,4803156.1482,,
15979,2159969.889,4803156.1482,2169969.889,4793156.1482,,
15980,2159969.889,4793156.1482,2169969.889,4783156.1482,,
15981,2159969.889,4783156.1482,2169969.889,4773156.1482,,
15982,2159969.889,4773156.1482,2169969.889,4763156.1482,,
15983,2159969.889,4763156.1482,2169969.889,4753156.1482,,
15984,2159969.889,4753156.1482,2169969.889,4743156.1482,,
15985,2169969.889,6223156.1482,2179969.889,6213156.1482,,
15986,2169969.889,6213156.1482,2179969.889,6203156.1482,,
15987,2169969.889,6203156.1482,2179969.889,6193156.1482,,
15988,2169969.889,6193156.1482,2179969.889,6183156.1482,,
15989,2169969.889,6183156.1482,2179969.889,6173156.1482,,
15990,2169969.889,6173156.1482,2179969.889,6163156.1482,,
15991,2169969.889,6163156.1482,2179969.889,6153156.1482,,
15992,2169969.889,6153156.1482,2179969.889,6143156.1482,,
15993,2169969.889,6143156.1482,2179969.889,6133156.1482,,
15994,2169969.889,6133156.1482,2179969.889,6123156.1482,,
15995,2169969.889,6123156.1482,2179969.889,6113156.1482,,
15996,2169969.889,6113156.1482,2179969.889,6103156.1482,,
15997,2169969.889,6103156.1482,2179969.889,6093156.1482,,
15998,2169969.889,6093156.1482,2179969.889,6083156.1482,,
15999,2169969.889,6083156.1482,2179969.889,6073156.1482,,
16000,2169969.889,6073156.1482,2179969.889,6063156.1482,,
16001,2169969.889,6063156.1482,2179969.889,6053156.1482,,
16002,2169969.889,6053156.1482,2179969.889,6043156.1482,,
16003,2169969.889,6043156.1482,2179969.889,6033156.1482,,
16004,2169969.889,6033156.1482,2179969.889,6023156.1482,,
16005,2169969.889,6023156.1482,2179969.889,6013156.1482,,
16006,2169969.889,6013156.1482,2179969.889,6003156.1482,,
16007,2169969.889,6003156.1482,2179969.889,5993156.1482,,
16008,2169969.889,5993156.1482,2179969.889,5983156.1482,,
16009,2169969.889,5983156.1482,2179969.889,5973156.1482,,
16010,2169969.889,5973156.1482,2179969.889,5963156.1482,,
16011,2169969.889,5963156.1482,2179969.889,5953156.1482,,
16012,2169969.889,5953156.1482,2179969.889,5943156.1482,,
16013,2169969.889,5943156.1482,2179969.889,5933156.1482,,
16014,2169969.889,5933156.1482,2179969.889,5923156.1482,,
16015,2169969.889,5923156.1482,2179969.889,5913156.1482,,
16016,2169969.889,5913156.1482,2179969.889,5903156.1482,,
16017,2169969.889,5903156.1482,2179969.889,5893156.1482,,
16018,2169969.889,5893156.1482,2179969.889,5883156.1482,,
16019,2169969.889,5883156.1482,2179969.889,5873156.1482,,
16020,2169969.889,5873156.1482,2179969.889,5863156.1482,,
16021,2169969.889,5863156.1482,2179969.889,5853156.1482,,
16022,2169969.889,5853156.1482,2179969.889,5843156.1482,,
16023,2169969.889,5843156.1482,2179969.889,5833156.1482,,
16024,2169969.889,5833156.1482,2179969.889,5823156.1482,,
16025,2169969.889,5823156.1482,2179969.889,5813156.1482,,
16026,2169969.889,5813156.1482,2179969.889,5803156.1482,,
16027,2169969.889,5803156.1482,2179969.889,5793156.1482,,
16028,2169969.889,5793156.1482,2179969.889,5783156.1482,,
16029,2169969.889,5783156.1482,2179969.889,5773156.1482,,
16030,2169969.889,5773156.1482,2179969.889,5763156.1482,,
16031,2169969.889,5763156.1482,2179969.889,5753156.1482,,
16032,2169969.889,5753156.1482,2179969.889,5743156.1482,,
16033,2169969.889,5743156.1482,2179969.889,5733156.1482,,
16034,2169969.889,5733156.1482,2179969.889,5723156.1482,,
16035,2169969.889,5723156.1482,2179969.889,5713156.1482,,
16036,2169969.889,5713156.1482,2179969.889,5703156.1482,,
16037,2169969.889,5703156.1482,2179969.889,5693156.1482,,
16038,2169969.889,5693156.1482,2179969.889,5683156.1482,,
16039,2169969.889,5683156.1482,2179969.889,5673156.1482,,
16040,2169969.889,5673156.1482,2179969.889,5663156.1482,,
16041,2169969.889,5663156.1482,2179969.889,5653156.1482,,
16042,2169969.889,5653156.1482,2179969.889,5643156.1482,,
16043,2169969.889,5643156.1482,2179969.889,5633156.1482,,
16044,2169969.889,5633156.1482,2179969.889,5623156.1482,,
16045,2169969.889,5623156.1482,2179969.889,5613156.1482,,
16046,2169969.889,5613156.1482,2179969.889,5603156.1482,,
16047,2169969.889,5603156.1482,2179969.889,5593156.1482,,
16048,2169969.889,5593156.1482,2179969.889,5583156.1482,,
16049,2169969.889,5583156.1482,2179969.889,5573156.1482,,
16050,2169969.889,5573156.1482,2179969.889,5563156.1482,,
16051,2169969.889,5563156.1482,2179969.889,5553156.1482,,
16052,2169969.889,5553156.1482,2179969.889,5543156.1482,,
16053,2169969.889,5543156.1482,2179969.889,5533156.1482,,
16054,2169969.889,5533156.1482,2179969.889,5523156.1482,,
16055,2169969.889,5523156.1482,2179969.889,5513156.1482,,
16056,2169969.889,5513156.1482,2179969.889,5503156.1482,,
16057,2169969.889,5503156.1482,2179969.889,5493156.1482,,
16058,2169969.889,5493156.1482,2179969.889,5483156.1482,,
16059,2169969.889,5483156.1482,2179969.889,5473156.1482,,
16060,2169969.889,5473156.1482,2179969.889,5463156.1482,,
16061,2169969.889,5463156.1482,2179969.889,5453156.1482,,
16062,2169969.889,5453156.1482,2179969.889,5443156.1482,,
16063,2169969.889,5443156.1482,2179969.889,5433156.1482,,
16064,2169969.889,5433156.1482,2179969.889,5423156.1482,,
16065,2169969.889,5423156.1482,2179969.889,5413156.1482,,
16066,2169969.889,5413156.1482,2179969.889,5403156.1482,,
16067,2169969.889,5403156.1482,2179969.889,5393156.1482,,
16068,2169969.889,5393156.1482,2179969.889,5383156.1482,,
16069,2169969.889,5383156.1482,2179969.889,5373156.1482,,
16070,2169969.889,5373156.1482,2179969.889,5363156.1482,,
16071,2169969.889,5363156.1482,2179969.889,5353156.1482,,
16072,2169969.889,5353156.1482,2179969.889,5343156.1482,,
16073,2169969.889,5343156.1482,2179969.889,5333156.1482,,
16074,2169969.889,5333156.1482,2179969.889,5323156.1482,,
16075,2169969.889,5323156.1482,2179969.889,5313156.1482,,
16076,2169969.889,5313156.1482,2179969.889,5303156.1482,,
16077,2169969.889,5303156.1482,2179969.889,5293156.1482,,
16078,2169969.889,5293156.1482,2179969.889,5283156.1482,,
16079,2169969.889,5283156.1482,2179969.889,5273156.1482,,
16080,2169969.889,5273156.1482,2179969.889,5263156.1482,,
16081,2169969.889,5263156.1482,2179969.889,5253156.1482,,
16082,2169969.889,5253156.1482,2179969.889,5243156.1482,,
16083,2169969.889,5243156.1482,2179969.889,5233156.1482,,
16084,2169969.889,5233156.1482,2179969.889,5223156.1482,,
16085,2169969.889,5223156.1482,2179969.889,5213156.1482,,
16086,2169969.889,5213156.1482,2179969.889,5203156.1482,,
16087,2169969.889,5203156.1482,2179969.889,5193156.1482,,
16088,2169969.889,5193156.1482,2179969.889,5183156.1482,,
16089,2169969.889,5183156.1482,2179969.889,5173156.1482,,
16090,2169969.889,5173156.1482,2179969.889,5163156.1482,,
16091,2169969.889,5163156.1482,2179969.889,5153156.1482,,
16092,2169969.889,5153156.1482,2179969.889,5143156.1482,,
16093,2169969.889,5143156.1482,2179969.889,5133156.1482,,
16094,2169969.889,5133156.1482,2179969.889,5123156.1482,,
16095,2169969.889,5123156.1482,2179969.889,5113156.1482,,
16096,2169969.889,5113156.1482,2179969.889,5103156.1482,,
16097,2169969.889,5103156.1482,2179969.889,5093156.1482,,
16098,2169969.889,5093156.1482,2179969.889,5083156.1482,,
16099,2169969.889,5083156.1482,2179969.889,5073156.1482,,
16100,2169969.889,5073156.1482,2179969.889,5063156.1482,,
16101,2169969.889,5063156.1482,2179969.889,5053156.1482,,
16102,2169969.889,5053156.1482,2179969.889,5043156.1482,,
16103,2169969.889,5043156.1482,2179969.889,5033156.1482,,
16104,2169969.889,5033156.1482,2179969.889,5023156.1482,,
16105,2169969.889,5023156.1482,2179969.889,5013156.1482,,
16106,2169969.889,5013156.1482,2179969.889,5003156.1482,,
16107,2169969.889,5003156.1482,2179969.889,4993156.1482,,
16108,2169969.889,4993156.1482,2179969.889,4983156.1482,,
16109,2169969.889,4983156.1482,2179969.889,4973156.1482,,
16110,2169969.889,4973156.1482,2179969.889,4963156.1482,,
16111,2169969.889,4963156.1482,2179969.889,4953156.1482,,
16112,2169969.889,4953156.1482,2179969.889,4943156.1482,,
16113,2169969.889,4943156.1482,2179969.889,4933156.1482,,
16114,2169969.889,4933156.1482,2179969.889,4923156.1482,,
16115,2169969.889,4923156.1482,2179969.889,4913156.1482,,
16116,2169969.889,4913156.1482,2179969.889,4903156.1482,,
16117,2169969.889,4903156.1482,2179969.889,4893156.1482,,
16118,2169969.889,4893156.1482,2179969.889,4883156.1482,,
16119,2169969.889,4883156.1482,2179969.889,4873156.1482,,
16120,2169969.889,4873156.1482,2179969.889,4863156.1482,,
16121,2169969.889,4863156.1482,2179969.889,4853156.1482,,
16122,2169969.889,4853156.1482,2179969.889,4843156.1482,,
16123,2169969.889,4843156.1482,2179969.889,4833156.1482,,
16124,2169969.889,4833156.1482,2179969.889,4823156.1482,,
16125,2169969.889,4823156.1482,2179969.889,4813156.1482,,
16126,2169969.889,4813156.1482,2179969.889,4803156.1482,,
16127,2169969.889,4803156.1482,2179969.889,4793156.1482,,
16128,2169969.889,4793156.1482,2179969.889,4783156.1482,,
16129,2169969.889,4783156.1482,2179969.889,4773156.1482,,
16130,2169969.889,4773156.1482,2179969.889,4763156.1482,,
16131,2169969.889,4763156.1482,2179969.889,4753156.1482,,
16132,2169969.889,4753156.1482,2179969.889,4743156.1482,,
16133,2179969.889,6223156.1482,2189969.889,6213156.1482,,
16134,2179969.889,6213156.1482,2189969.889,6203156.1482,,
16135,2179969.889,6203156.1482,2189969.889,6193156.1482,,
16136,2179969.889,6193156.1482,2189969.889,6183156.1482,,
16137,2179969.889,6183156.1482,2189969.889,6173156.1482,,
16138,2179969.889,6173156.1482,2189969.889,6163156.1482,,
16139,2179969.889,6163156.1482,2189969.889,6153156.1482,,
16140,2179969.889,6153156.1482,2189969.889,6143156.1482,,
16141,2179969.889,6143156.1482,2189969.889,6133156.1482,,
16142,2179969.889,6133156.1482,2189969.889,6123156.1482,,
16143,2179969.889,6123156.1482,2189969.889,6113156.1482,,
16144,2179969.889,6113156.1482,2189969.889,6103156.1482,,
16145,2179969.889,6103156.1482,2189969.889,6093156.1482,,
16146,2179969.889,6093156.1482,2189969.889,6083156.1482,,
16147,2179969.889,6083156.1482,2189969.889,6073156.1482,,
16148,2179969.889,6073156.1482,2189969.889,6063156.1482,,
16149,2179969.889,6063156.1482,2189969.889,6053156.1482,,
16150,2179969.889,6053156.1482,2189969.889,6043156.1482,,
16151,2179969.889,6043156.1482,2189969.889,6033156.1482,,
16152,2179969.889,6033156.1482,2189969.889,6023156.1482,,
16153,2179969.889,6023156.1482,2189969.889,6013156.1482,,
16154,2179969.889,6013156.1482,2189969.889,6003156.1482,,
16155,2179969.889,6003156.1482,2189969.889,5993156.1482,,
16156,2179969.889,5993156.1482,2189969.889,5983156.1482,,
16157,2179969.889,5983156.1482,2189969.889,5973156.1482,,
16158,2179969.889,5973156.1482,2189969.889,5963156.1482,,
16159,2179969.889,5963156.1482,2189969.889,5953156.1482,,
16160,2179969.889,5953156.1482,2189969.889,5943156.1482,,
16161,2179969.889,5943156.1482,2189969.889,5933156.1482,,
16162,2179969.889,5933156.1482,2189969.889,5923156.1482,,
16163,2179969.889,5923156.1482,2189969.889,5913156.1482,,
16164,2179969.889,5913156.1482,2189969.889,5903156.1482,,
16165,2179969.889,5903156.1482,2189969.889,5893156.1482,,
16166,2179969.889,5893156.1482,2189969.889,5883156.1482,,
16167,2179969.889,5883156.1482,2189969.889,5873156.1482,,
16168,2179969.889,5873156.1482,2189969.889,5863156.1482,,
16169,2179969.889,5863156.1482,2189969.889,5853156.1482,,
16170,2179969.889,5853156.1482,2189969.889,5843156.1482,,
16171,2179969.889,5843156.1482,2189969.889,5833156.1482,,
16172,2179969.889,5833156.1482,2189969.889,5823156.1482,,
16173,2179969.889,5823156.1482,2189969.889,5813156.1482,,
16174,2179969.889,5813156.1482,2189969.889,5803156.1482,,
16175,2179969.889,5803156.1482,2189969.889,5793156.1482,,
16176,2179969.889,5793156.1482,2189969.889,5783156.1482,,
16177,2179969.889,5783156.1482,2189969.889,5773156.1482,,
16178,2179969.889,5773156.1482,2189969.889,5763156.1482,,
16179,2179969.889,5763156.1482,2189969.889,5753156.1482,,
16180,2179969.889,5753156.1482,2189969.889,5743156.1482,,
16181,2179969.889,5743156.1482,2189969.889,5733156.1482,,
16182,2179969.889,5733156.1482,2189969.889,5723156.1482,,
16183,2179969.889,5723156.1482,2189969.889,5713156.1482,,
16184,2179969.889,5713156.1482,2189969.889,5703156.1482,,
16185,2179969.889,5703156.1482,2189969.889,5693156.1482,,
16186,2179969.889,5693156.1482,2189969.889,5683156.1482,,
16187,2179969.889,5683156.1482,2189969.889,5673156.1482,,
16188,2179969.889,5673156.1482,2189969.889,5663156.1482,,
16189,2179969.889,5663156.1482,2189969.889,5653156.1482,,
16190,2179969.889,5653156.1482,2189969.889,5643156.1482,,
16191,2179969.889,5643156.1482,2189969.889,5633156.1482,,
16192,2179969.889,5633156.1482,2189969.889,5623156.1482,,
16193,2179969.889,5623156.1482,2189969.889,5613156.1482,,
16194,2179969.889,5613156.1482,2189969.889,5603156.1482,,
16195,2179969.889,5603156.1482,2189969.889,5593156.1482,,
16196,2179969.889,5593156.1482,2189969.889,5583156.1482,,
16197,2179969.889,5583156.1482,2189969.889,5573156.1482,,
16198,2179969.889,5573156.1482,2189969.889,5563156.1482,,
16199,2179969.889,5563156.1482,2189969.889,5553156.1482,,
16200,2179969.889,5553156.1482,2189969.889,5543156.1482,,
16201,2179969.889,5543156.1482,2189969.889,5533156.1482,,
16202,2179969.889,5533156.1482,2189969.889,5523156.1482,,
16203,2179969.889,5523156.1482,2189969.889,5513156.1482,,
16204,2179969.889,5513156.1482,2189969.889,5503156.1482,,
16205,2179969.889,5503156.1482,2189969.889,5493156.1482,,
16206,2179969.889,5493156.1482,2189969.889,5483156.1482,,
16207,2179969.889,5483156.1482,2189969.889,5473156.1482,,
16208,2179969.889,5473156.1482,2189969.889,5463156.1482,,
16209,2179969.889,5463156.1482,2189969.889,5453156.1482,,
16210,2179969.889,5453156.1482,2189969.889,5443156.1482,,
16211,2179969.889,5443156.1482,2189969.889,5433156.1482,,
16212,2179969.889,5433156.1482,2189969.889,5423156.1482,,
16213,2179969.889,5423156.1482,2189969.889,5413156.1482,,
16214,2179969.889,5413156.1482,2189969.889,5403156.1482,,
16215,2179969.889,5403156.1482,2189969.889,5393156.1482,,
16216,2179969.889,5393156.1482,2189969.889,5383156.1482,,
16217,2179969.889,5383156.1482,2189969.889,5373156.1482,,
16218,2179969.889,5373156.1482,2189969.889,5363156.1482,,
16219,2179969.889,5363156.1482,2189969.889,5353156.1482,,
16220,2179969.889,5353156.1482,2189969.889,5343156.1482,,
16221,2179969.889,5343156.1482,2189969.889,5333156.1482,,
16222,2179969.889,5333156.1482,2189969.889,5323156.1482,,
16223,2179969.889,5323156.1482,2189969.889,5313156.1482,,
16224,2179969.889,5313156.1482,2189969.889,5303156.1482,,
16225,2179969.889,5303156.1482,2189969.889,5293156.1482,,
16226,2179969.889,5293156.1482,2189969.889,5283156.1482,,
16227,2179969.889,5283156.1482,2189969.889,5273156.1482,,
16228,2179969.889,5273156.1482,2189969.889,5263156.1482,,
16229,2179969.889,5263156.1482,2189969.889,5253156.1482,,
16230,2179969.889,5253156.1482,2189969.889,5243156.1482,,
16231,2179969.889,5243156.1482,2189969.889,5233156.1482,,
16232,2179969.889,5233156.1482,2189969.889,5223156.1482,,
16233,2179969.889,5223156.1482,2189969.889,5213156.1482,,
16234,2179969.889,5213156.1482,2189969.889,5203156.1482,,
16235,2179969.889,5203156.1482,2189969.889,5193156.1482,,
16236,2179969.889,5193156.1482,2189969.889,5183156.1482,,
16237,2179969.889,5183156.1482,2189969.889,5173156.1482,,
16238,2179969.889,5173156.1482,2189969.889,5163156.1482,,
16239,2179969.889,5163156.1482,2189969.889,5153156.1482,,
16240,2179969.889,5153156.1482,2189969.889,5143156.1482,,
16241,2179969.889,5143156.1482,2189969.889,5133156.1482,,
16242,2179969.889,5133156.1482,2189969.889,5123156.1482,,
16243,2179969.889,5123156.1482,2189969.889,5113156.1482,,
16244,2179969.889,5113156.1482,2189969.889,5103156.1482,,
16245,2179969.889,5103156.1482,2189969.889,5093156.1482,,
16246,2179969.889,5093156.1482,2189969.889,5083156.1482,,
16247,2179969.889,5083156.1482,2189969.889,5073156.1482,,
16248,2179969.889,5073156.1482,2189969.889,5063156.1482,,
16249,2179969.889,5063156.1482,2189969.889,5053156.1482,,
16250,2179969.889,5053156.1482,2189969.889,5043156.1482,,
16251,2179969.889,5043156.1482,2189969.889,5033156.1482,,
16252,2179969.889,5033156.1482,2189969.889,5023156.1482,,
16253,2179969.889,5023156.1482,2189969.889,5013156.1482,,
16254,2179969.889,5013156.1482,2189969.889,5003156.1482,,
16255,2179969.889,5003156.1482,2189969.889,4993156.1482,,
16256,2179969.889,4993156.1482,2189969.889,4983156.1482,,
16257,2179969.889,4983156.1482,2189969.889,4973156.1482,,
16258,2179969.889,4973156.1482,2189969.889,4963156.1482,,
16259,2179969.889,4963156.1482,2189969.889,4953156.1482,,
16260,2179969.889,4953156.1482,2189969.889,4943156.1482,,
16261,2179969.889,4943156.1482,2189969.889,4933156.1482,,
16262,2179969.889,4933156.1482,2189969.889,4923156.1482,,
16263,2179969.889,4923156.1482,2189969.889,4913156.1482,,
16264,2179969.889,4913156.1482,2189969.889,4903156.1482,,
16265,2179969.889,4903156.1482,2189969.889,4893156.1482,,
16266,2179969.889,4893156.1482,2189969.889,4883156.1482,,
16267,2179969.889,4883156.1482,2189969.889,4873156.1482,,
16268,2179969.889,4873156.1482,2189969.889,4863156.1482,,
16269,2179969.889,4863156.1482,2189969.889,4853156.1482,,
16270,2179969.889,4853156.1482,2189969.889,4843156.1482,,
16271,2179969.889,4843156.1482,2189969.889,4833156.1482,,
16272,2179969.889,4833156.1482,2189969.889,4823156.1482,,
16273,2179969.889,4823156.1482,2189969.889,4813156.1482,,
16274,2179969.889,4813156.1482,2189969.889,4803156.1482,,
16275,2179969.889,4803156.1482,2189969.889,4793156.1482,,
16276,2179969.889,4793156.1482,2189969.889,4783156.1482,,
16277,2179969.889,4783156.1482,2189969.889,4773156.1482,,
16278,2179969.889,4773156.1482,2189969.889,4763156.1482,,
16279,2179969.889,4763156.1482,2189969.889,4753156.1482,,
16280,2179969.889,4753156.1482,2189969.889,4743156.1482,,
16281,2189969.889,6223156.1482,2199969.889,6213156.1482,,
16282,2189969.889,6213156.1482,2199969.889,6203156.1482,,
16283,2189969.889,6203156.1482,2199969.889,6193156.1482,,
16284,2189969.889,6193156.1482,2199969.889,6183156.1482,,
16285,2189969.889,6183156.1482,2199969.889,6173156.1482,,
16286,2189969.889,6173156.1482,2199969.889,6163156.1482,,
16287,2189969.889,6163156.1482,2199969.889,6153156.1482,,
16288,2189969.889,6153156.1482,2199969.889,6143156.1482,,
16289,2189969.889,6143156.1482,2199969.889,6133156.1482,,
16290,2189969.889,6133156.1482,2199969.889,6123156.1482,,
16291,2189969.889,6123156.1482,2199969.889,6113156.1482,,
16292,2189969.889,6113156.1482,2199969.889,6103156.1482,,
16293,2189969.889,6103156.1482,2199969.889,6093156.1482,,
16294,2189969.889,6093156.1482,2199969.889,6083156.1482,,
16295,2189969.889,6083156.1482,2199969.889,6073156.1482,,
16296,2189969.889,6073156.1482,2199969.889,6063156.1482,,
16297,2189969.889,6063156.1482,2199969.889,6053156.1482,,
16298,2189969.889,6053156.1482,2199969.889,6043156.1482,,
16299,2189969.889,6043156.1482,2199969.889,6033156.1482,,
16300,2189969.889,6033156.1482,2199969.889,6023156.1482,,
16301,2189969.889,6023156.1482,2199969.889,6013156.1482,,
16302,2189969.889,6013156.1482,2199969.889,6003156.1482,,
16303,2189969.889,6003156.1482,2199969.889,5993156.1482,,
16304,2189969.889,5993156.1482,2199969.889,5983156.1482,,
16305,2189969.889,5983156.1482,2199969.889,5973156.1482,,
16306,2189969.889,5973156.1482,2199969.889,5963156.1482,,
16307,2189969.889,5963156.1482,2199969.889,5953156.1482,,
16308,2189969.889,5953156.1482,2199969.889,5943156.1482,,
16309,2189969.889,5943156.1482,2199969.889,5933156.1482,,
16310,2189969.889,5933156.1482,2199969.889,5923156.1482,,
16311,2189969.889,5923156.1482,2199969.889,5913156.1482,,
16312,2189969.889,5913156.1482,2199969.889,5903156.1482,,
16313,2189969.889,5903156.1482,2199969.889,5893156.1482,,
16314,2189969.889,5893156.1482,2199969.889,5883156.1482,,
16315,2189969.889,5883156.1482,2199969.889,5873156.1482,,
16316,2189969.889,5873156.1482,2199969.889,5863156.1482,,
16317,2189969.889,5863156.1482,2199969.889,5853156.1482,,
16318,2189969.889,5853156.1482,2199969.889,5843156.1482,,
16319,2189969.889,5843156.1482,2199969.889,5833156.1482,,
16320,2189969.889,5833156.1482,2199969.889,5823156.1482,,
16321,2189969.889,5823156.1482,2199969.889,5813156.1482,,
16322,2189969.889,5813156.1482,2199969.889,5803156.1482,,
16323,2189969.889,5803156.1482,2199969.889,5793156.1482,,
16324,2189969.889,5793156.1482,2199969.889,5783156.1482,,
16325,2189969.889,5783156.1482,2199969.889,5773156.1482,,
16326,2189969.889,5773156.1482,2199969.889,5763156.1482,,
16327,2189969.889,5763156.1482,2199969.889,5753156.1482,,
16328,2189969.889,5753156.1482,2199969.889,5743156.1482,,
16329,2189969.889,5743156.1482,2199969.889,5733156.1482,,
16330,2189969.889,5733156.1482,2199969.889,5723156.1482,,
16331,2189969.889,5723156.1482,2199969.889,5713156.1482,,
16332,2189969.889,5713156.1482,2199969.889,5703156.1482,,
16333,2189969.889,5703156.1482,2199969.889,5693156.1482,,
16334,2189969.889,5693156.1482,2199969.889,5683156.1482,,
16335,2189969.889,5683156.1482,2199969.889,5673156.1482,,
16336,2189969.889,5673156.1482,2199969.889,5663156.1482,,
16337,2189969.889,5663156.1482,2199969.889,5653156.1482,,
16338,2189969.889,5653156.1482,2199969.889,5643156.1482,,
16339,2189969.889,5643156.1482,2199969.889,5633156.1482,,
16340,2189969.889,5633156.1482,2199969.889,5623156.1482,,
16341,2189969.889,5623156.1482,2199969.889,5613156.1482,,
16342,2189969.889,5613156.1482,2199969.889,5603156.1482,,
16343,2189969.889,5603156.1482,2199969.889,5593156.1482,,
16344,2189969.889,5593156.1482,2199969.889,5583156.1482,,
16345,2189969.889,5583156.1482,2199969.889,5573156.1482,,
16346,2189969.889,5573156.1482,2199969.889,5563156.1482,,
16347,2189969.889,5563156.1482,2199969.889,5553156.1482,,
16348,2189969.889,5553156.1482,2199969.889,5543156.1482,,
16349,2189969.889,5543156.1482,2199969.889,5533156.1482,,
16350,2189969.889,5533156.1482,2199969.889,5523156.1482,,
16351,2189969.889,5523156.1482,2199969.889,5513156.1482,,
16352,2189969.889,5513156.1482,2199969.889,5503156.1482,,
16353,2189969.889,5503156.1482,2199969.889,5493156.1482,,
16354,2189969.889,5493156.1482,2199969.889,5483156.1482,,
16355,2189969.889,5483156.1482,2199969.889,5473156.1482,,
16356,2189969.889,5473156.1482,2199969.889,5463156.1482,,
16357,2189969.889,5463156.1482,2199969.889,5453156.1482,,
16358,2189969.889,5453156.1482,2199969.889,5443156.1482,,
16359,2189969.889,5443156.1482,2199969.889,5433156.1482,,
16360,2189969.889,5433156.1482,2199969.889,5423156.1482,,
16361,2189969.889,5423156.1482,2199969.889,5413156.1482,,
16362,2189969.889,5413156.1482,2199969.889,5403156.1482,,
16363,2189969.889,5403156.1482,2199969.889,5393156.1482,,
16364,2189969.889,5393156.1482,2199969.889,5383156.1482,,
16365,2189969.889,5383156.1482,2199969.889,5373156.1482,,
16366,2189969.889,5373156.1482,2199969.889,5363156.1482,,
16367,2189969.889,5363156.1482,2199969.889,5353156.1482,,
16368,2189969.889,5353156.1482,2199969.889,5343156.1482,,
16369,2189969.889,5343156.1482,2199969.889,5333156.1482,,
16370,2189969.889,5333156.1482,2199969.889,5323156.1482,,
16371,2189969.889,5323156.1482,2199969.889,5313156.1482,,
16372,2189969.889,5313156.1482,2199969.889,5303156.1482,,
16373,2189969.889,5303156.1482,2199969.889,5293156.1482,,
16374,2189969.889,5293156.1482,2199969.889,5283156.1482,,
16375,2189969.889,5283156.1482,2199969.889,5273156.1482,,
16376,2189969.889,5273156.1482,2199969.889,5263156.1482,,
16377,2189969.889,5263156.1482,2199969.889,5253156.1482,,
16378,2189969.889,5253156.1482,2199969.889,5243156.1482,,
16379,2189969.889,5243156.1482,2199969.889,5233156.1482,,
16380,2189969.889,5233156.1482,2199969.889,5223156.1482,,
16381,2189969.889,5223156.1482,2199969.889,5213156.1482,,
16382,2189969.889,5213156.1482,2199969.889,5203156.1482,,
16383,2189969.889,5203156.1482,2199969.889,5193156.1482,,
16384,2189969.889,5193156.1482,2199969.889,5183156.1482,,
16385,2189969.889,5183156.1482,2199969.889,5173156.1482,,
16386,2189969.889,5173156.1482,2199969.889,5163156.1482,,
16387,2189969.889,5163156.1482,2199969.889,5153156.1482,,
16388,2189969.889,5153156.1482,2199969.889,5143156.1482,,
16389,2189969.889,5143156.1482,2199969.889,5133156.1482,,
16390,2189969.889,5133156.1482,2199969.889,5123156.1482,,
16391,2189969.889,5123156.1482,2199969.889,5113156.1482,,
16392,2189969.889,5113156.1482,2199969.889,5103156.1482,,
16393,2189969.889,5103156.1482,2199969.889,5093156.1482,,
16394,2189969.889,5093156.1482,2199969.889,5083156.1482,,
16395,2189969.889,5083156.1482,2199969.889,5073156.1482,,
16396,2189969.889,5073156.1482,2199969.889,5063156.1482,,
16397,2189969.889,5063156.1482,2199969.889,5053156.1482,,
16398,2189969.889,5053156.1482,2199969.889,5043156.1482,,
16399,2189969.889,5043156.1482,2199969.889,5033156.1482,,
16400,2189969.889,5033156.1482,2199969.889,5023156.1482,,
16401,2189969.889,5023156.1482,2199969.889,5013156.1482,,
16402,2189969.889,5013156.1482,2199969.889,5003156.1482,,
16403,2189969.889,5003156.1482,2199969.889,4993156.1482,,
16404,2189969.889,4993156.1482,2199969.889,4983156.1482,,
16405,2189969.889,4983156.1482,2199969.889,4973156.1482,,
16406,2189969.889,4973156.1482,2199969.889,4963156.1482,,
16407,2189969.889,4963156.1482,2199969.889,4953156.1482,,
16408,2189969.889,4953156.1482,2199969.889,4943156.1482,,
16409,2189969.889,4943156.1482,2199969.889,4933156.1482,,
16410,2189969.889,4933156.1482,2199969.889,4923156.1482,,
16411,2189969.889,4923156.1482,2199969.889,4913156.1482,,
16412,2189969.889,4913156.1482,2199969.889,4903156.1482,,
16413,2189969.889,4903156.1482,2199969.889,4893156.1482,,
16414,2189969.889,4893156.1482,2199969.889,4883156.1482,,
16415,2189969.889,4883156.1482,2199969.889,4873156.1482,,
16416,2189969.889,4873156.1482,2199969.889,4863156.1482,,
16417,2189969.889,4863156.1482,2199969.889,4853156.1482,,
16418,2189969.889,4853156.1482,2199969.889,4843156.1482,,
16419,2189969.889,4843156.1482,2199969.889,4833156.1482,,
16420,2189969.889,4833156.1482,2199969.889,4823156.1482,,
16421,2189969.889,4823156.1482,2199969.889,4813156.1482,,
16422,2189969.889,4813156.1482,2199969.889,4803156.1482,,
16423,2189969.889,4803156.1482,2199969.889,4793156.1482,,
16424,2189969.889,4793156.1482,2199969.889,4783156.1482,,
16425,2189969.889,4783156.1482,2199969.889,4773156.1482,,
16426,2189969.889,4773156.1482,2199969.889,4763156.1482,,
16427,2189969.889,4763156.1482,2199969.889,4753156.1482,,
16428,2189969.889,4753156.1482,2199969.889,4743156.1482,,
16429,2199969.889,6223156.1482,2209969.889,6213156.1482,,
16430,2199969.889,6213156.1482,2209969.889,6203156.1482,,
16431,2199969.889,6203156.1482,2209969.889,6193156.1482,,
16432,2199969.889,6193156.1482,2209969.889,6183156.1482,,
16433,2199969.889,6183156.1482,2209969.889,6173156.1482,,
16434,2199969.889,6173156.1482,2209969.889,6163156.1482,,
16435,2199969.889,6163156.1482,2209969.889,6153156.1482,,
16436,2199969.889,6153156.1482,2209969.889,6143156.1482,,
16437,2199969.889,6143156.1482,2209969.889,6133156.1482,,
16438,2199969.889,6133156.1482,2209969.889,6123156.1482,,
16439,2199969.889,6123156.1482,2209969.889,6113156.1482,,
16440,2199969.889,6113156.1482,2209969.889,6103156.1482,,
16441,2199969.889,6103156.1482,2209969.889,6093156.1482,,
16442,2199969.889,6093156.1482,2209969.889,6083156.1482,,
16443,2199969.889,6083156.1482,2209969.889,6073156.1482,,
16444,2199969.889,6073156.1482,2209969.889,6063156.1482,,
16445,2199969.889,6063156.1482,2209969.889,6053156.1482,,
16446,2199969.889,6053156.1482,2209969.889,6043156.1482,,
16447,2199969.889,6043156.1482,2209969.889,6033156.1482,,
16448,2199969.889,6033156.1482,2209969.889,6023156.1482,,
16449,2199969.889,6023156.1482,2209969.889,6013156.1482,,
16450,2199969.889,6013156.1482,2209969.889,6003156.1482,,
16451,2199969.889,6003156.1482,2209969.889,5993156.1482,,
16452,2199969.889,5993156.1482,2209969.889,5983156.1482,,
16453,2199969.889,5983156.1482,2209969.889,5973156.1482,,
16454,2199969.889,5973156.1482,2209969.889,5963156.1482,,
16455,2199969.889,5963156.1482,2209969.889,5953156.1482,,
16456,2199969.889,5953156.1482,2209969.889,5943156.1482,,
16457,2199969.889,5943156.1482,2209969.889,5933156.1482,,
16458,2199969.889,5933156.1482,2209969.889,5923156.1482,,
16459,2199969.889,5923156.1482,2209969.889,5913156.1482,,
16460,2199969.889,5913156.1482,2209969.889,5903156.1482,,
16461,2199969.889,5903156.1482,2209969.889,5893156.1482,,
16462,2199969.889,5893156.1482,2209969.889,5883156.1482,,
16463,2199969.889,5883156.1482,2209969.889,5873156.1482,,
16464,2199969.889,5873156.1482,2209969.889,5863156.1482,,
16465,2199969.889,5863156.1482,2209969.889,5853156.1482,,
16466,2199969.889,5853156.1482,2209969.889,5843156.1482,,
16467,2199969.889,5843156.1482,2209969.889,5833156.1482,,
16468,2199969.889,5833156.1482,2209969.889,5823156.1482,,
16469,2199969.889,5823156.1482,2209969.889,5813156.1482,,
16470,2199969.889,5813156.1482,2209969.889,5803156.1482,,
16471,2199969.889,5803156.1482,2209969.889,5793156.1482,,
16472,2199969.889,5793156.1482,2209969.889,5783156.1482,,
16473,2199969.889,5783156.1482,2209969.889,5773156.1482,,
16474,2199969.889,5773156.1482,2209969.889,5763156.1482,,
16475,2199969.889,5763156.1482,2209969.889,5753156.1482,,
16476,2199969.889,5753156.1482,2209969.889,5743156.1482,,
16477,2199969.889,5743156.1482,2209969.889,5733156.1482,,
16478,2199969.889,5733156.1482,2209969.889,5723156.1482,,
16479,2199969.889,5723156.1482,2209969.889,5713156.1482,,
16480,2199969.889,5713156.1482,2209969.889,5703156.1482,,
16481,2199969.889,5703156.1482,2209969.889,5693156.1482,,
16482,2199969.889,5693156.1482,2209969.889,5683156.1482,,
16483,2199969.889,5683156.1482,2209969.889,5673156.1482,,
16484,2199969.889,5673156.1482,2209969.889,5663156.1482,,
16485,2199969.889,5663156.1482,2209969.889,5653156.1482,,
16486,2199969.889,5653156.1482,2209969.889,5643156.1482,,
16487,2199969.889,5643156.1482,2209969.889,5633156.1482,,
16488,2199969.889,5633156.1482,2209969.889,5623156.1482,,
16489,2199969.889,5623156.1482,2209969.889,5613156.1482,,
16490,2199969.889,5613156.1482,2209969.889,5603156.1482,,
16491,2199969.889,5603156.1482,2209969.889,5593156.1482,,
16492,2199969.889,5593156.1482,2209969.889,5583156.1482,,
16493,2199969.889,5583156.1482,2209969.889,5573156.1482,,
16494,2199969.889,5573156.1482,2209969.889,5563156.1482,,
16495,2199969.889,5563156.1482,2209969.889,5553156.1482,,
16496,2199969.889,5553156.1482,2209969.889,5543156.1482,,
16497,2199969.889,5543156.1482,2209969.889,5533156.1482,,
16498,2199969.889,5533156.1482,2209969.889,5523156.1482,,
16499,2199969.889,5523156.1482,2209969.889,5513156.1482,,
16500,2199969.889,5513156.1482,2209969.889,5503156.1482,,
16501,2199969.889,5503156.1482,2209969.889,5493156.1482,,
16502,2199969.889,5493156.1482,2209969.889,5483156.1482,,
16503,2199969.889,5483156.1482,2209969.889,5473156.1482,,
16504,2199969.889,5473156.1482,2209969.889,5463156.1482,,
16505,2199969.889,5463156.1482,2209969.889,5453156.1482,,
16506,2199969.889,5453156.1482,2209969.889,5443156.1482,,
16507,2199969.889,5443156.1482,2209969.889,5433156.1482,,
16508,2199969.889,5433156.1482,2209969.889,5423156.1482,,
16509,2199969.889,5423156.1482,2209969.889,5413156.1482,,
16510,2199969.889,5413156.1482,2209969.889,5403156.1482,,
16511,2199969.889,5403156.1482,2209969.889,5393156.1482,,
16512,2199969.889,5393156.1482,2209969.889,5383156.1482,,
16513,2199969.889,5383156.1482,2209969.889,5373156.1482,,
16514,2199969.889,5373156.1482,2209969.889,5363156.1482,,
16515,2199969.889,5363156.1482,2209969.889,5353156.1482,,
16516,2199969.889,5353156.1482,2209969.889,5343156.1482,,
16517,2199969.889,5343156.1482,2209969.889,5333156.1482,,
16518,2199969.889,5333156.1482,2209969.889,5323156.1482,,
16519,2199969.889,5323156.1482,2209969.889,5313156.1482,,
16520,2199969.889,5313156.1482,2209969.889,5303156.1482,,
16521,2199969.889,5303156.1482,2209969.889,5293156.1482,,
16522,2199969.889,5293156.1482,2209969.889,5283156.1482,,
16523,2199969.889,5283156.1482,2209969.889,5273156.1482,,
16524,2199969.889,5273156.1482,2209969.889,5263156.1482,,
16525,2199969.889,5263156.1482,2209969.889,5253156.1482,,
16526,2199969.889,5253156.1482,2209969.889,5243156.1482,,
16527,2199969.889,5243156.1482,2209969.889,5233156.1482,,
16528,2199969.889,5233156.1482,2209969.889,5223156.1482,,
16529,2199969.889,5223156.1482,2209969.889,5213156.1482,,
16530,2199969.889,5213156.1482,2209969.889,5203156.1482,,
16531,2199969.889,5203156.1482,2209969.889,5193156.1482,,
16532,2199969.889,5193156.1482,2209969.889,5183156.1482,,
16533,2199969.889,5183156.1482,2209969.889,5173156.1482,,
16534,2199969.889,5173156.1482,2209969.889,5163156.1482,,
16535,2199969.889,5163156.1482,2209969.889,5153156.1482,,
16536,2199969.889,5153156.1482,2209969.889,5143156.1482,,
16537,2199969.889,5143156.1482,2209969.889,5133156.1482,,
16538,2199969.889,5133156.1482,2209969.889,5123156.1482,,
16539,2199969.889,5123156.1482,2209969.889,5113156.1482,,
16540,2199969.889,5113156.1482,2209969.889,5103156.1482,,
16541,2199969.889,5103156.1482,2209969.889,5093156.1482,,
16542,2199969.889,5093156.1482,2209969.889,5083156.1482,,
16543,2199969.889,5083156.1482,2209969.889,5073156.1482,,
16544,2199969.889,5073156.1482,2209969.889,5063156.1482,,
16545,2199969.889,5063156.1482,2209969.889,5053156.1482,,
16546,2199969.889,5053156.1482,2209969.889,5043156.1482,,
16547,2199969.889,5043156.1482,2209969.889,5033156.1482,,
16548,2199969.889,5033156.1482,2209969.889,5023156.1482,,
16549,2199969.889,5023156.1482,2209969.889,5013156.1482,,
16550,2199969.889,5013156.1482,2209969.889,5003156.1482,,
16551,2199969.889,5003156.1482,2209969.889,4993156.1482,,
16552,2199969.889,4993156.1482,2209969.889,4983156.1482,,
16553,2199969.889,4983156.1482,2209969.889,4973156.1482,,
16554,2199969.889,4973156.1482,2209969.889,4963156.1482,,
16555,2199969.889,4963156.1482,2209969.889,4953156.1482,,
16556,2199969.889,4953156.1482,2209969.889,4943156.1482,,
16557,2199969.889,4943156.1482,2209969.889,4933156.1482,,
16558,2199969.889,4933156.1482,2209969.889,4923156.1482,,
16559,2199969.889,4923156.1482,2209969.889,4913156.1482,,
16560,2199969.889,4913156.1482,2209969.889,4903156.1482,,
16561,2199969.889,4903156.1482,2209969.889,4893156.1482,,
16562,2199969.889,4893156.1482,2209969.889,4883156.1482,,
16563,2199969.889,4883156.1482,2209969.889,4873156.1482,,
16564,2199969.889,4873156.1482,2209969.889,4863156.1482,,
16565,2199969.889,4863156.1482,2209969.889,4853156.1482,,
16566,2199969.889,4853156.1482,2209969.889,4843156.1482,,
16567,2199969.889,4843156.1482,2209969.889,4833156.1482,,
16568,2199969.889,4833156.1482,2209969.889,4823156.1482,,
16569,2199969.889,4823156.1482,2209969.889,4813156.1482,,
16570,2199969.889,4813156.1482,2209969.889,4803156.1482,,
16571,2199969.889,4803156.1482,2209969.889,4793156.1482,,
16572,2199969.889,4793156.1482,2209969.889,4783156.1482,,
16573,2199969.889,4783156.1482,2209969.889,4773156.1482,,
16574,2199969.889,4773156.1482,2209969.889,4763156.1482,,
16575,2199969.889,4763156.1482,2209969.889,4753156.1482,,
16576,2199969.889,4753156.1482,2209969.889,4743156.1482,,
16577,2209969.889,6223156.1482,2219969.889,6213156.1482,,
16578,2209969.889,6213156.1482,2219969.889,6203156.1482,,
16579,2209969.889,6203156.1482,2219969.889,6193156.1482,,
16580,2209969.889,6193156.1482,2219969.889,6183156.1482,,
16581,2209969.889,6183156.1482,2219969.889,6173156.1482,,
16582,2209969.889,6173156.1482,2219969.889,6163156.1482,,
16583,2209969.889,6163156.1482,2219969.889,6153156.1482,,
16584,2209969.889,6153156.1482,2219969.889,6143156.1482,,
16585,2209969.889,6143156.1482,2219969.889,6133156.1482,,
16586,2209969.889,6133156.1482,2219969.889,6123156.1482,,
16587,2209969.889,6123156.1482,2219969.889,6113156.1482,,
16588,2209969.889,6113156.1482,2219969.889,6103156.1482,,
16589,2209969.889,6103156.1482,2219969.889,6093156.1482,,
16590,2209969.889,6093156.1482,2219969.889,6083156.1482,,
16591,2209969.889,6083156.1482,2219969.889,6073156.1482,,
16592,2209969.889,6073156.1482,2219969.889,6063156.1482,,
16593,2209969.889,6063156.1482,2219969.889,6053156.1482,,
16594,2209969.889,6053156.1482,2219969.889,6043156.1482,,
16595,2209969.889,6043156.1482,2219969.889,6033156.1482,,
16596,2209969.889,6033156.1482,2219969.889,6023156.1482,,
16597,2209969.889,6023156.1482,2219969.889,6013156.1482,,
16598,2209969.889,6013156.1482,2219969.889,6003156.1482,,
16599,2209969.889,6003156.1482,2219969.889,5993156.1482,,
16600,2209969.889,5993156.1482,2219969.889,5983156.1482,,
16601,2209969.889,5983156.1482,2219969.889,5973156.1482,,
16602,2209969.889,5973156.1482,2219969.889,5963156.1482,,
16603,2209969.889,5963156.1482,2219969.889,5953156.1482,,
16604,2209969.889,5953156.1482,2219969.889,5943156.1482,,
16605,2209969.889,5943156.1482,2219969.889,5933156.1482,,
16606,2209969.889,5933156.1482,2219969.889,5923156.1482,,
16607,2209969.889,5923156.1482,2219969.889,5913156.1482,,
16608,2209969.889,5913156.1482,2219969.889,5903156.1482,,
16609,2209969.889,5903156.1482,2219969.889,5893156.1482,,
16610,2209969.889,5893156.1482,2219969.889,5883156.1482,,
16611,2209969.889,5883156.1482,2219969.889,5873156.1482,,
16612,2209969.889,5873156.1482,2219969.889,5863156.1482,,
16613,2209969.889,5863156.1482,2219969.889,5853156.1482,,
16614,2209969.889,5853156.1482,2219969.889,5843156.1482,,
16615,2209969.889,5843156.1482,2219969.889,5833156.1482,,
16616,2209969.889,5833156.1482,2219969.889,5823156.1482,,
16617,2209969.889,5823156.1482,2219969.889,5813156.1482,,
16618,2209969.889,5813156.1482,2219969.889,5803156.1482,,
16619,2209969.889,5803156.1482,2219969.889,5793156.1482,,
16620,2209969.889,5793156.1482,2219969.889,5783156.1482,,
16621,2209969.889,5783156.1482,2219969.889,5773156.1482,,
16622,2209969.889,5773156.1482,2219969.889,5763156.1482,,
16623,2209969.889,5763156.1482,2219969.889,5753156.1482,,
16624,2209969.889,5753156.1482,2219969.889,5743156.1482,,
16625,2209969.889,5743156.1482,2219969.889,5733156.1482,,
16626,2209969.889,5733156.1482,2219969.889,5723156.1482,,
16627,2209969.889,5723156.1482,2219969.889,5713156.1482,,
16628,2209969.889,5713156.1482,2219969.889,5703156.1482,,
16629,2209969.889,5703156.1482,2219969.889,5693156.1482,,
16630,2209969.889,5693156.1482,2219969.889,5683156.1482,,
16631,2209969.889,5683156.1482,2219969.889,5673156.1482,,
16632,2209969.889,5673156.1482,2219969.889,5663156.1482,,
16633,2209969.889,5663156.1482,2219969.889,5653156.1482,,
16634,2209969.889,5653156.1482,2219969.889,5643156.1482,,
16635,2209969.889,5643156.1482,2219969.889,5633156.1482,,
16636,2209969.889,5633156.1482,2219969.889,5623156.1482,,
16637,2209969.889,5623156.1482,2219969.889,5613156.1482,,
16638,2209969.889,5613156.1482,2219969.889,5603156.1482,,
16639,2209969.889,5603156.1482,2219969.889,5593156.1482,,
16640,2209969.889,5593156.1482,2219969.889,5583156.1482,,
16641,2209969.889,5583156.1482,2219969.889,5573156.1482,,
16642,2209969.889,5573156.1482,2219969.889,5563156.1482,,
16643,2209969.889,5563156.1482,2219969.889,5553156.1482,,
16644,2209969.889,5553156.1482,2219969.889,5543156.1482,,
16645,2209969.889,5543156.1482,2219969.889,5533156.1482,,
16646,2209969.889,5533156.1482,2219969.889,5523156.1482,,
16647,2209969.889,5523156.1482,2219969.889,5513156.1482,,
16648,2209969.889,5513156.1482,2219969.889,5503156.1482,,
16649,2209969.889,5503156.1482,2219969.889,5493156.1482,,
16650,2209969.889,5493156.1482,2219969.889,5483156.1482,,
16651,2209969.889,5483156.1482,2219969.889,5473156.1482,,
16652,2209969.889,5473156.1482,2219969.889,5463156.1482,,
16653,2209969.889,5463156.1482,2219969.889,5453156.1482,,
16654,2209969.889,5453156.1482,2219969.889,5443156.1482,,
16655,2209969.889,5443156.1482,2219969.889,5433156.1482,,
16656,2209969.889,5433156.1482,2219969.889,5423156.1482,,
16657,2209969.889,5423156.1482,2219969.889,5413156.1482,,
16658,2209969.889,5413156.1482,2219969.889,5403156.1482,,
16659,2209969.889,5403156.1482,2219969.889,5393156.1482,,
16660,2209969.889,5393156.1482,2219969.889,5383156.1482,,
16661,2209969.889,5383156.1482,2219969.889,5373156.1482,,
16662,2209969.889,5373156.1482,2219969.889,5363156.1482,,
16663,2209969.889,5363156.1482,2219969.889,5353156.1482,,
16664,2209969.889,5353156.1482,2219969.889,5343156.1482,,
16665,2209969.889,5343156.1482,2219969.889,5333156.1482,,
16666,2209969.889,5333156.1482,2219969.889,5323156.1482,,
16667,2209969.889,5323156.1482,2219969.889,5313156.1482,,
16668,2209969.889,5313156.1482,2219969.889,5303156.1482,,
16669,2209969.889,5303156.1482,2219969.889,5293156.1482,,
16670,2209969.889,5293156.1482,2219969.889,5283156.1482,,
16671,2209969.889,5283156.1482,2219969.889,5273156.1482,,
16672,2209969.889,5273156.1482,2219969.889,5263156.1482,,
16673,2209969.889,5263156.1482,2219969.889,5253156.1482,,
16674,2209969.889,5253156.1482,2219969.889,5243156.1482,,
16675,2209969.889,5243156.1482,2219969.889,5233156.1482,,
16676,2209969.889,5233156.1482,2219969.889,5223156.1482,,
16677,2209969.889,5223156.1482,2219969.889,5213156.1482,,
16678,2209969.889,5213156.1482,2219969.889,5203156.1482,,
16679,2209969.889,5203156.1482,2219969.889,5193156.1482,,
16680,2209969.889,5193156.1482,2219969.889,5183156.1482,,
16681,2209969.889,5183156.1482,2219969.889,5173156.1482,,
16682,2209969.889,5173156.1482,2219969.889,5163156.1482,,
16683,2209969.889,5163156.1482,2219969.889,5153156.1482,,
16684,2209969.889,5153156.1482,2219969.889,5143156.1482,,
16685,2209969.889,5143156.1482,2219969.889,5133156.1482,,
16686,2209969.889,5133156.1482,2219969.889,5123156.1482,,
16687,2209969.889,5123156.1482,2219969.889,5113156.1482,,
16688,2209969.889,5113156.1482,2219969.889,5103156.1482,,
16689,2209969.889,5103156.1482,2219969.889,5093156.1482,,
16690,2209969.889,5093156.1482,2219969.889,5083156.1482,,
16691,2209969.889,5083156.1482,2219969.889,5073156.1482,,
16692,2209969.889,5073156.1482,2219969.889,5063156.1482,,
16693,2209969.889,5063156.1482,2219969.889,5053156.1482,,
16694,2209969.889,5053156.1482,2219969.889,5043156.1482,,
16695,2209969.889,5043156.1482,2219969.889,5033156.1482,,
16696,2209969.889,5033156.1482,2219969.889,5023156.1482,,
16697,2209969.889,5023156.1482,2219969.889,5013156.1482,,
16698,2209969.889,5013156.1482,2219969.889,5003156.1482,,
16699,2209969.889,5003156.1482,2219969.889,4993156.1482,,
16700,2209969.889,4993156.1482,2219969.889,4983156.1482,,
16701,2209969.889,4983156.1482,2219969.889,4973156.1482,,
16702,2209969.889,4973156.1482,2219969.889,4963156.1482,,
16703,2209969.889,4963156.1482,2219969.889,4953156.1482,,
16704,2209969.889,4953156.1482,2219969.889,4943156.1482,,
16705,2209969.889,4943156.1482,2219969.889,4933156.1482,,
16706,2209969.889,4933156.1482,2219969.889,4923156.1482,,
16707,2209969.889,4923156.1482,2219969.889,4913156.1482,,
16708,2209969.889,4913156.1482,2219969.889,4903156.1482,,
16709,2209969.889,4903156.1482,2219969.889,4893156.1482,,
16710,2209969.889,4893156.1482,2219969.889,4883156.1482,,
16711,2209969.889,4883156.1482,2219969.889,4873156.1482,,
16712,2209969.889,4873156.1482,2219969.889,4863156.1482,,
16713,2209969.889,4863156.1482,2219969.889,4853156.1482,,
16714,2209969.889,4853156.1482,2219969.889,4843156.1482,,
16715,2209969.889,4843156.1482,2219969.889,4833156.1482,,
16716,2209969.889,4833156.1482,2219969.889,4823156.1482,,
16717,2209969.889,4823156.1482,2219969.889,4813156.1482,,
16718,2209969.889,4813156.1482,2219969.889,4803156.1482,,
16719,2209969.889,4803156.1482,2219969.889,4793156.1482,,
16720,2209969.889,4793156.1482,2219969.889,4783156.1482,,
16721,2209969.889,4783156.1482,2219969.889,4773156.1482,,
16722,2209969.889,4773156.1482,2219969.889,4763156.1482,,
16723,2209969.889,4763156.1482,2219969.889,4753156.1482,,
16724,2209969.889,4753156.1482,2219969.889,4743156.1482,,
16725,2219969.889,6223156.1482,2229969.889,6213156.1482,,
16726,2219969.889,6213156.1482,2229969.889,6203156.1482,,
16727,2219969.889,6203156.1482,2229969.889,6193156.1482,,
16728,2219969.889,6193156.1482,2229969.889,6183156.1482,,
16729,2219969.889,6183156.1482,2229969.889,6173156.1482,,
16730,2219969.889,6173156.1482,2229969.889,6163156.1482,,
16731,2219969.889,6163156.1482,2229969.889,6153156.1482,,
16732,2219969.889,6153156.1482,2229969.889,6143156.1482,,
16733,2219969.889,6143156.1482,2229969.889,6133156.1482,,
16734,2219969.889,6133156.1482,2229969.889,6123156.1482,,
16735,2219969.889,6123156.1482,2229969.889,6113156.1482,,
16736,2219969.889,6113156.1482,2229969.889,6103156.1482,,
16737,2219969.889,6103156.1482,2229969.889,6093156.1482,,
16738,2219969.889,6093156.1482,2229969.889,6083156.1482,,
16739,2219969.889,6083156.1482,2229969.889,6073156.1482,,
16740,2219969.889,6073156.1482,2229969.889,6063156.1482,,
16741,2219969.889,6063156.1482,2229969.889,6053156.1482,,
16742,2219969.889,6053156.1482,2229969.889,6043156.1482,,
16743,2219969.889,6043156.1482,2229969.889,6033156.1482,,
16744,2219969.889,6033156.1482,2229969.889,6023156.1482,,
16745,2219969.889,6023156.1482,2229969.889,6013156.1482,,
16746,2219969.889,6013156.1482,2229969.889,6003156.1482,,
16747,2219969.889,6003156.1482,2229969.889,5993156.1482,,
16748,2219969.889,5993156.1482,2229969.889,5983156.1482,,
16749,2219969.889,5983156.1482,2229969.889,5973156.1482,,
16750,2219969.889,5973156.1482,2229969.889,5963156.1482,,
16751,2219969.889,5963156.1482,2229969.889,5953156.1482,,
16752,2219969.889,5953156.1482,2229969.889,5943156.1482,,
16753,2219969.889,5943156.1482,2229969.889,5933156.1482,,
16754,2219969.889,5933156.1482,2229969.889,5923156.1482,,
16755,2219969.889,5923156.1482,2229969.889,5913156.1482,,
16756,2219969.889,5913156.1482,2229969.889,5903156.1482,,
16757,2219969.889,5903156.1482,2229969.889,5893156.1482,,
16758,2219969.889,5893156.1482,2229969.889,5883156.1482,,
16759,2219969.889,5883156.1482,2229969.889,5873156.1482,,
16760,2219969.889,5873156.1482,2229969.889,5863156.1482,,
16761,2219969.889,5863156.1482,2229969.889,5853156.1482,,
16762,2219969.889,5853156.1482,2229969.889,5843156.1482,,
16763,2219969.889,5843156.1482,2229969.889,5833156.1482,,
16764,2219969.889,5833156.1482,2229969.889,5823156.1482,,
16765,2219969.889,5823156.1482,2229969.889,5813156.1482,,
16766,2219969.889,5813156.1482,2229969.889,5803156.1482,,
16767,2219969.889,5803156.1482,2229969.889,5793156.1482,,
16768,2219969.889,5793156.1482,2229969.889,5783156.1482,,
16769,2219969.889,5783156.1482,2229969.889,5773156.1482,,
16770,2219969.889,5773156.1482,2229969.889,5763156.1482,,
16771,2219969.889,5763156.1482,2229969.889,5753156.1482,,
16772,2219969.889,5753156.1482,2229969.889,5743156.1482,,
16773,2219969.889,5743156.1482,2229969.889,5733156.1482,,
16774,2219969.889,5733156.1482,2229969.889,5723156.1482,,
16775,2219969.889,5723156.1482,2229969.889,5713156.1482,,
16776,2219969.889,5713156.1482,2229969.889,5703156.1482,,
16777,2219969.889,5703156.1482,2229969.889,5693156.1482,,
16778,2219969.889,5693156.1482,2229969.889,5683156.1482,,
16779,2219969.889,5683156.1482,2229969.889,5673156.1482,,
16780,2219969.889,5673156.1482,2229969.889,5663156.1482,,
16781,2219969.889,5663156.1482,2229969.889,5653156.1482,,
16782,2219969.889,5653156.1482,2229969.889,5643156.1482,,
16783,2219969.889,5643156.1482,2229969.889,5633156.1482,,
16784,2219969.889,5633156.1482,2229969.889,5623156.1482,,
16785,2219969.889,5623156.1482,2229969.889,5613156.1482,,
16786,2219969.889,5613156.1482,2229969.889,5603156.1482,,
16787,2219969.889,5603156.1482,2229969.889,5593156.1482,,
16788,2219969.889,5593156.1482,2229969.889,5583156.1482,,
16789,2219969.889,5583156.1482,2229969.889,5573156.1482,,
16790,2219969.889,5573156.1482,2229969.889,5563156.1482,,
16791,2219969.889,5563156.1482,2229969.889,5553156.1482,,
16792,2219969.889,5553156.1482,2229969.889,5543156.1482,,
16793,2219969.889,5543156.1482,2229969.889,5533156.1482,,
16794,2219969.889,5533156.1482,2229969.889,5523156.1482,,
16795,2219969.889,5523156.1482,2229969.889,5513156.1482,,
16796,2219969.889,5513156.1482,2229969.889,5503156.1482,,
16797,2219969.889,5503156.1482,2229969.889,5493156.1482,,
16798,2219969.889,5493156.1482,2229969.889,5483156.1482,,
16799,2219969.889,5483156.1482,2229969.889,5473156.1482,,
16800,2219969.889,5473156.1482,2229969.889,5463156.1482,,
16801,2219969.889,5463156.1482,2229969.889,5453156.1482,,
16802,2219969.889,5453156.1482,2229969.889,5443156.1482,,
16803,2219969.889,5443156.1482,2229969.889,5433156.1482,,
16804,2219969.889,5433156.1482,2229969.889,5423156.1482,,
16805,2219969.889,5423156.1482,2229969.889,5413156.1482,,
16806,2219969.889,5413156.1482,2229969.889,5403156.1482,,
16807,2219969.889,5403156.1482,2229969.889,5393156.1482,,
16808,2219969.889,5393156.1482,2229969.889,5383156.1482,,
16809,2219969.889,5383156.1482,2229969.889,5373156.1482,,
16810,2219969.889,5373156.1482,2229969.889,5363156.1482,,
16811,2219969.889,5363156.1482,2229969.889,5353156.1482,,
16812,2219969.889,5353156.1482,2229969.889,5343156.1482,,
16813,2219969.889,5343156.1482,2229969.889,5333156.1482,,
16814,2219969.889,5333156.1482,2229969.889,5323156.1482,,
16815,2219969.889,5323156.1482,2229969.889,5313156.1482,,
16816,2219969.889,5313156.1482,2229969.889,5303156.1482,,
16817,2219969.889,5303156.1482,2229969.889,5293156.1482,,
16818,2219969.889,5293156.1482,2229969.889,5283156.1482,,
16819,2219969.889,5283156.1482,2229969.889,5273156.1482,,
16820,2219969.889,5273156.1482,2229969.889,5263156.1482,,
16821,2219969.889,5263156.1482,2229969.889,5253156.1482,,
16822,2219969.889,5253156.1482,2229969.889,5243156.1482,,
16823,2219969.889,5243156.1482,2229969.889,5233156.1482,,
16824,2219969.889,5233156.1482,2229969.889,5223156.1482,,
16825,2219969.889,5223156.1482,2229969.889,5213156.1482,,
16826,2219969.889,5213156.1482,2229969.889,5203156.1482,,
16827,2219969.889,5203156.1482,2229969.889,5193156.1482,,
16828,2219969.889,5193156.1482,2229969.889,5183156.1482,,
16829,2219969.889,5183156.1482,2229969.889,5173156.1482,,
16830,2219969.889,5173156.1482,2229969.889,5163156.1482,,
16831,2219969.889,5163156.1482,2229969.889,5153156.1482,,
16832,2219969.889,5153156.1482,2229969.889,5143156.1482,,
16833,2219969.889,5143156.1482,2229969.889,5133156.1482,,
16834,2219969.889,5133156.1482,2229969.889,5123156.1482,,
16835,2219969.889,5123156.1482,2229969.889,5113156.1482,,
16836,2219969.889,5113156.1482,2229969.889,5103156.1482,,
16837,2219969.889,5103156.1482,2229969.889,5093156.1482,,
16838,2219969.889,5093156.1482,2229969.889,5083156.1482,,
16839,2219969.889,5083156.1482,2229969.889,5073156.1482,,
16840,2219969.889,5073156.1482,2229969.889,5063156.1482,,
16841,2219969.889,5063156.1482,2229969.889,5053156.1482,,
16842,2219969.889,5053156.1482,2229969.889,5043156.1482,,
16843,2219969.889,5043156.1482,2229969.889,5033156.1482,,
16844,2219969.889,5033156.1482,2229969.889,5023156.1482,,
16845,2219969.889,5023156.1482,2229969.889,5013156.1482,,
16846,2219969.889,5013156.1482,2229969.889,5003156.1482,,
16847,2219969.889,5003156.1482,2229969.889,4993156.1482,,
16848,2219969.889,4993156.1482,2229969.889,4983156.1482,,
16849,2219969.889,4983156.1482,2229969.889,4973156.1482,,
16850,2219969.889,4973156.1482,2229969.889,4963156.1482,,
16851,2219969.889,4963156.1482,2229969.889,4953156.1482,,
16852,2219969.889,4953156.1482,2229969.889,4943156.1482,,
16853,2219969.889,4943156.1482,2229969.889,4933156.1482,,
16854,2219969.889,4933156.1482,2229969.889,4923156.1482,,
16855,2219969.889,4923156.1482,2229969.889,4913156.1482,,
16856,2219969.889,4913156.1482,2229969.889,4903156.1482,,
16857,2219969.889,4903156.1482,2229969.889,4893156.1482,,
16858,2219969.889,4893156.1482,2229969.889,4883156.1482,,
16859,2219969.889,4883156.1482,2229969.889,4873156.1482,,
16860,2219969.889,4873156.1482,2229969.889,4863156.1482,,
16861,2219969.889,4863156.1482,2229969.889,4853156.1482,,
16862,2219969.889,4853156.1482,2229969.889,4843156.1482,,
16863,2219969.889,4843156.1482,2229969.889,4833156.1482,,
16864,2219969.889,4833156.1482,2229969.889,4823156.1482,,
16865,2219969.889,4823156.1482,2229969.889,4813156.1482,,
16866,2219969.889,4813156.1482,2229969.889,4803156.1482,,
16867,2219969.889,4803156.1482,2229969.889,4793156.1482,,
16868,2219969.889,4793156.1482,2229969.889,4783156.1482,,
16869,2219969.889,4783156.1482,2229969.889,4773156.1482,,
16870,2219969.889,4773156.1482,2229969.889,4763156.1482,,
16871,2219969.889,4763156.1482,2229969.889,4753156.1482,,
16872,2219969.889,4753156.1482,2229969.889,4743156.1482,,
16873,2229969.889,6223156.1482,2239969.889,6213156.1482,,
16874,2229969.889,6213156.1482,2239969.889,6203156.1482,,
16875,2229969.889,6203156.1482,2239969.889,6193156.1482,,
16876,2229969.889,6193156.1482,2239969.889,6183156.1482,,
16877,2229969.889,6183156.1482,2239969.889,6173156.1482,,
16878,2229969.889,6173156.1482,2239969.889,6163156.1482,,
16879,2229969.889,6163156.1482,2239969.889,6153156.1482,,
16880,2229969.889,6153156.1482,2239969.889,6143156.1482,,
16881,2229969.889,6143156.1482,2239969.889,6133156.1482,,
16882,2229969.889,6133156.1482,2239969.889,6123156.1482,,
16883,2229969.889,6123156.1482,2239969.889,6113156.1482,,
16884,2229969.889,6113156.1482,2239969.889,6103156.1482,,
16885,2229969.889,6103156.1482,2239969.889,6093156.1482,,
16886,2229969.889,6093156.1482,2239969.889,6083156.1482,,
16887,2229969.889,6083156.1482,2239969.889,6073156.1482,,
16888,2229969.889,6073156.1482,2239969.889,6063156.1482,,
16889,2229969.889,6063156.1482,2239969.889,6053156.1482,,
16890,2229969.889,6053156.1482,2239969.889,6043156.1482,,
16891,2229969.889,6043156.1482,2239969.889,6033156.1482,,
16892,2229969.889,6033156.1482,2239969.889,6023156.1482,,
16893,2229969.889,6023156.1482,2239969.889,6013156.1482,,
16894,2229969.889,6013156.1482,2239969.889,6003156.1482,,
16895,2229969.889,6003156.1482,2239969.889,5993156.1482,,
16896,2229969.889,5993156.1482,2239969.889,5983156.1482,,
16897,2229969.889,5983156.1482,2239969.889,5973156.1482,,
16898,2229969.889,5973156.1482,2239969.889,5963156.1482,,
16899,2229969.889,5963156.1482,2239969.889,5953156.1482,,
16900,2229969.889,5953156.1482,2239969.889,5943156.1482,,
16901,2229969.889,5943156.1482,2239969.889,5933156.1482,,
16902,2229969.889,5933156.1482,2239969.889,5923156.1482,,
16903,2229969.889,5923156.1482,2239969.889,5913156.1482,,
16904,2229969.889,5913156.1482,2239969.889,5903156.1482,,
16905,2229969.889,5903156.1482,2239969.889,5893156.1482,,
16906,2229969.889,5893156.1482,2239969.889,5883156.1482,,
16907,2229969.889,5883156.1482,2239969.889,5873156.1482,,
16908,2229969.889,5873156.1482,2239969.889,5863156.1482,,
16909,2229969.889,5863156.1482,2239969.889,5853156.1482,,
16910,2229969.889,5853156.1482,2239969.889,5843156.1482,,
16911,2229969.889,5843156.1482,2239969.889,5833156.1482,,
16912,2229969.889,5833156.1482,2239969.889,5823156.1482,,
16913,2229969.889,5823156.1482,2239969.889,5813156.1482,,
16914,2229969.889,5813156.1482,2239969.889,5803156.1482,,
16915,2229969.889,5803156.1482,2239969.889,5793156.1482,,
16916,2229969.889,5793156.1482,2239969.889,5783156.1482,,
16917,2229969.889,5783156.1482,2239969.889,5773156.1482,,
16918,2229969.889,5773156.1482,2239969.889,5763156.1482,,
16919,2229969.889,5763156.1482,2239969.889,5753156.1482,,
16920,2229969.889,5753156.1482,2239969.889,5743156.1482,,
16921,2229969.889,5743156.1482,2239969.889,5733156.1482,,
16922,2229969.889,5733156.1482,2239969.889,5723156.1482,,
16923,2229969.889,5723156.1482,2239969.889,5713156.1482,,
16924,2229969.889,5713156.1482,2239969.889,5703156.1482,,
16925,2229969.889,5703156.1482,2239969.889,5693156.1482,,
16926,2229969.889,5693156.1482,2239969.889,5683156.1482,,
16927,2229969.889,5683156.1482,2239969.889,5673156.1482,,
16928,2229969.889,5673156.1482,2239969.889,5663156.1482,,
16929,2229969.889,5663156.1482,2239969.889,5653156.1482,,
16930,2229969.889,5653156.1482,2239969.889,5643156.1482,,
16931,2229969.889,5643156.1482,2239969.889,5633156.1482,,
16932,2229969.889,5633156.1482,2239969.889,5623156.1482,,
16933,2229969.889,5623156.1482,2239969.889,5613156.1482,,
16934,2229969.889,5613156.1482,2239969.889,5603156.1482,,
16935,2229969.889,5603156.1482,2239969.889,5593156.1482,,
16936,2229969.889,5593156.1482,2239969.889,5583156.1482,,
16937,2229969.889,5583156.1482,2239969.889,5573156.1482,,
16938,2229969.889,5573156.1482,2239969.889,5563156.1482,,
16939,2229969.889,5563156.1482,2239969.889,5553156.1482,,
16940,2229969.889,5553156.1482,2239969.889,5543156.1482,,
16941,2229969.889,5543156.1482,2239969.889,5533156.1482,,
16942,2229969.889,5533156.1482,2239969.889,5523156.1482,,
16943,2229969.889,5523156.1482,2239969.889,5513156.1482,,
16944,2229969.889,5513156.1482,2239969.889,5503156.1482,,
16945,2229969.889,5503156.1482,2239969.889,5493156.1482,,
16946,2229969.889,5493156.1482,2239969.889,5483156.1482,,
16947,2229969.889,5483156.1482,2239969.889,5473156.1482,,
16948,2229969.889,5473156.1482,2239969.889,5463156.1482,,
16949,2229969.889,5463156.1482,2239969.889,5453156.1482,,
16950,2229969.889,5453156.1482,2239969.889,5443156.1482,,
16951,2229969.889,5443156.1482,2239969.889,5433156.1482,,
16952,2229969.889,5433156.1482,2239969.889,5423156.1482,,
16953,2229969.889,5423156.1482,2239969.889,5413156.1482,,
16954,2229969.889,5413156.1482,2239969.889,5403156.1482,,
16955,2229969.889,5403156.1482,2239969.889,5393156.1482,,
16956,2229969.889,5393156.1482,2239969.889,5383156.1482,,
16957,2229969.889,5383156.1482,2239969.889,5373156.1482,,
16958,2229969.889,5373156.1482,2239969.889,5363156.1482,,
16959,2229969.889,5363156.1482,2239969.889,5353156.1482,,
16960,2229969.889,5353156.1482,2239969.889,5343156.1482,,
16961,2229969.889,5343156.1482,2239969.889,5333156.1482,,
16962,2229969.889,5333156.1482,2239969.889,5323156.1482,,
16963,2229969.889,5323156.1482,2239969.889,5313156.1482,,
16964,2229969.889,5313156.1482,2239969.889,5303156.1482,,
16965,2229969.889,5303156.1482,2239969.889,5293156.1482,,
16966,2229969.889,5293156.1482,2239969.889,5283156.1482,,
16967,2229969.889,5283156.1482,2239969.889,5273156.1482,,
16968,2229969.889,5273156.1482,2239969.889,5263156.1482,,
16969,2229969.889,5263156.1482,2239969.889,5253156.1482,,
16970,2229969.889,5253156.1482,2239969.889,5243156.1482,,
16971,2229969.889,5243156.1482,2239969.889,5233156.1482,,
16972,2229969.889,5233156.1482,2239969.889,5223156.1482,,
16973,2229969.889,5223156.1482,2239969.889,5213156.1482,,
16974,2229969.889,5213156.1482,2239969.889,5203156.1482,,
16975,2229969.889,5203156.1482,2239969.889,5193156.1482,,
16976,2229969.889,5193156.1482,2239969.889,5183156.1482,,
16977,2229969.889,5183156.1482,2239969.889,5173156.1482,,
16978,2229969.889,5173156.1482,2239969.889,5163156.1482,,
16979,2229969.889,5163156.1482,2239969.889,5153156.1482,,
16980,2229969.889,5153156.1482,2239969.889,5143156.1482,,
16981,2229969.889,5143156.1482,2239969.889,5133156.1482,,
16982,2229969.889,5133156.1482,2239969.889,5123156.1482,,
16983,2229969.889,5123156.1482,2239969.889,5113156.1482,,
16984,2229969.889,5113156.1482,2239969.889,5103156.1482,,
16985,2229969.889,5103156.1482,2239969.889,5093156.1482,,
16986,2229969.889,5093156.1482,2239969.889,5083156.1482,,
16987,2229969.889,5083156.1482,2239969.889,5073156.1482,,
16988,2229969.889,5073156.1482,2239969.889,5063156.1482,,
16989,2229969.889,5063156.1482,2239969.889,5053156.1482,,
16990,2229969.889,5053156.1482,2239969.889,5043156.1482,,
16991,2229969.889,5043156.1482,2239969.889,5033156.1482,,
16992,2229969.889,5033156.1482,2239969.889,5023156.1482,,
16993,2229969.889,5023156.1482,2239969.889,5013156.1482,,
16994,2229969.889,5013156.1482,2239969.889,5003156.1482,,
16995,2229969.889,5003156.1482,2239969.889,4993156.1482,,
16996,2229969.889,4993156.1482,2239969.889,4983156.1482,,
16997,2229969.889,4983156.1482,2239969.889,4973156.1482,,
16998,2229969.889,4973156.1482,2239969.889,4963156.1482,,
16999,2229969.889,4963156.1482,2239969.889,4953156.1482,,
17000,2229969.889,4953156.1482,2239969.889,4943156.1482,,
17001,2229969.889,4943156.1482,2239969.889,4933156.1482,,
17002,2229969.889,4933156.1482,2239969.889,4923156.1482,,
17003,2229969.889,4923156.1482,2239969.889,4913156.1482,,
17004,2229969.889,4913156.1482,2239969.889,4903156.1482,,
17005,2229969.889,4903156.1482,2239969.889,4893156.1482,,
17006,2229969.889,4893156.1482,2239969.889,4883156.1482,,
17007,2229969.889,4883156.1482,2239969.889,4873156.1482,,
17008,2229969.889,4873156.1482,2239969.889,4863156.1482,,
17009,2229969.889,4863156.1482,2239969.889,4853156.1482,,
17010,2229969.889,4853156.1482,2239969.889,4843156.1482,,
17011,2229969.889,4843156.1482,2239969.889,4833156.1482,,
17012,2229969.889,4833156.1482,2239969.889,4823156.1482,,
17013,2229969.889,4823156.1482,2239969.889,4813156.1482,,
17014,2229969.889,4813156.1482,2239969.889,4803156.1482,,
17015,2229969.889,4803156.1482,2239969.889,4793156.1482,,
17016,2229969.889,4793156.1482,2239969.889,4783156.1482,,
17017,2229969.889,4783156.1482,2239969.889,4773156.1482,,
17018,2229969.889,4773156.1482,2239969.889,4763156.1482,,
17019,2229969.889,4763156.1482,2239969.889,4753156.1482,,
17020,2229969.889,4753156.1482,2239969.889,4743156.1482,,
17021,2239969.889,6223156.1482,2249969.889,6213156.1482,,
17022,2239969.889,6213156.1482,2249969.889,6203156.1482,,
17023,2239969.889,6203156.1482,2249969.889,6193156.1482,,
17024,2239969.889,6193156.1482,2249969.889,6183156.1482,,
17025,2239969.889,6183156.1482,2249969.889,6173156.1482,,
17026,2239969.889,6173156.1482,2249969.889,6163156.1482,,
17027,2239969.889,6163156.1482,2249969.889,6153156.1482,,
17028,2239969.889,6153156.1482,2249969.889,6143156.1482,,
17029,2239969.889,6143156.1482,2249969.889,6133156.1482,,
17030,2239969.889,6133156.1482,2249969.889,6123156.1482,,
17031,2239969.889,6123156.1482,2249969.889,6113156.1482,,
17032,2239969.889,6113156.1482,2249969.889,6103156.1482,,
17033,2239969.889,6103156.1482,2249969.889,6093156.1482,,
17034,2239969.889,6093156.1482,2249969.889,6083156.1482,,
17035,2239969.889,6083156.1482,2249969.889,6073156.1482,,
17036,2239969.889,6073156.1482,2249969.889,6063156.1482,,
17037,2239969.889,6063156.1482,2249969.889,6053156.1482,,
17038,2239969.889,6053156.1482,2249969.889,6043156.1482,,
17039,2239969.889,6043156.1482,2249969.889,6033156.1482,,
17040,2239969.889,6033156.1482,2249969.889,6023156.1482,,
17041,2239969.889,6023156.1482,2249969.889,6013156.1482,,
17042,2239969.889,6013156.1482,2249969.889,6003156.1482,,
17043,2239969.889,6003156.1482,2249969.889,5993156.1482,,
17044,2239969.889,5993156.1482,2249969.889,5983156.1482,,
17045,2239969.889,5983156.1482,2249969.889,5973156.1482,,
17046,2239969.889,5973156.1482,2249969.889,5963156.1482,,
17047,2239969.889,5963156.1482,2249969.889,5953156.1482,,
17048,2239969.889,5953156.1482,2249969.889,5943156.1482,,
17049,2239969.889,5943156.1482,2249969.889,5933156.1482,,
17050,2239969.889,5933156.1482,2249969.889,5923156.1482,,
17051,2239969.889,5923156.1482,2249969.889,5913156.1482,,
17052,2239969.889,5913156.1482,2249969.889,5903156.1482,,
17053,2239969.889,5903156.1482,2249969.889,5893156.1482,,
17054,2239969.889,5893156.1482,2249969.889,5883156.1482,,
17055,2239969.889,5883156.1482,2249969.889,5873156.1482,,
17056,2239969.889,5873156.1482,2249969.889,5863156.1482,,
17057,2239969.889,5863156.1482,2249969.889,5853156.1482,,
17058,2239969.889,5853156.1482,2249969.889,5843156.1482,,
17059,2239969.889,5843156.1482,2249969.889,5833156.1482,,
17060,2239969.889,5833156.1482,2249969.889,5823156.1482,,
17061,2239969.889,5823156.1482,2249969.889,5813156.1482,,
17062,2239969.889,5813156.1482,2249969.889,5803156.1482,,
17063,2239969.889,5803156.1482,2249969.889,5793156.1482,,
17064,2239969.889,5793156.1482,2249969.889,5783156.1482,,
17065,2239969.889,5783156.1482,2249969.889,5773156.1482,,
17066,2239969.889,5773156.1482,2249969.889,5763156.1482,,
17067,2239969.889,5763156.1482,2249969.889,5753156.1482,,
17068,2239969.889,5753156.1482,2249969.889,5743156.1482,,
17069,2239969.889,5743156.1482,2249969.889,5733156.1482,,
17070,2239969.889,5733156.1482,2249969.889,5723156.1482,,
17071,2239969.889,5723156.1482,2249969.889,5713156.1482,,
17072,2239969.889,5713156.1482,2249969.889,5703156.1482,,
17073,2239969.889,5703156.1482,2249969.889,5693156.1482,,
17074,2239969.889,5693156.1482,2249969.889,5683156.1482,,
17075,2239969.889,5683156.1482,2249969.889,5673156.1482,,
17076,2239969.889,5673156.1482,2249969.889,5663156.1482,,
17077,2239969.889,5663156.1482,2249969.889,5653156.1482,,
17078,2239969.889,5653156.1482,2249969.889,5643156.1482,,
17079,2239969.889,5643156.1482,2249969.889,5633156.1482,,
17080,2239969.889,5633156.1482,2249969.889,5623156.1482,,
17081,2239969.889,5623156.1482,2249969.889,5613156.1482,,
17082,2239969.889,5613156.1482,2249969.889,5603156.1482,,
17083,2239969.889,5603156.1482,2249969.889,5593156.1482,,
17084,2239969.889,5593156.1482,2249969.889,5583156.1482,,
17085,2239969.889,5583156.1482,2249969.889,5573156.1482,,
17086,2239969.889,5573156.1482,2249969.889,5563156.1482,,
17087,2239969.889,5563156.1482,2249969.889,5553156.1482,,
17088,2239969.889,5553156.1482,2249969.889,5543156.1482,,
17089,2239969.889,5543156.1482,2249969.889,5533156.1482,,
17090,2239969.889,5533156.1482,2249969.889,5523156.1482,,
17091,2239969.889,5523156.1482,2249969.889,5513156.1482,,
17092,2239969.889,5513156.1482,2249969.889,5503156.1482,,
17093,2239969.889,5503156.1482,2249969.889,5493156.1482,,
17094,2239969.889,5493156.1482,2249969.889,5483156.1482,,
17095,2239969.889,5483156.1482,2249969.889,5473156.1482,,
17096,2239969.889,5473156.1482,2249969.889,5463156.1482,,
17097,2239969.889,5463156.1482,2249969.889,5453156.1482,,
17098,2239969.889,5453156.1482,2249969.889,5443156.1482,,
17099,2239969.889,5443156.1482,2249969.889,5433156.1482,,
17100,2239969.889,5433156.1482,2249969.889,5423156.1482,,
17101,2239969.889,5423156.1482,2249969.889,5413156.1482,,
17102,2239969.889,5413156.1482,2249969.889,5403156.1482,,
17103,2239969.889,5403156.1482,2249969.889,5393156.1482,,
17104,2239969.889,5393156.1482,2249969.889,5383156.1482,,
17105,2239969.889,5383156.1482,2249969.889,5373156.1482,,
17106,2239969.889,5373156.1482,2249969.889,5363156.1482,,
17107,2239969.889,5363156.1482,2249969.889,5353156.1482,,
17108,2239969.889,5353156.1482,2249969.889,5343156.1482,,
17109,2239969.889,5343156.1482,2249969.889,5333156.1482,,
17110,2239969.889,5333156.1482,2249969.889,5323156.1482,,
17111,2239969.889,5323156.1482,2249969.889,5313156.1482,,
17112,2239969.889,5313156.1482,2249969.889,5303156.1482,,
17113,2239969.889,5303156.1482,2249969.889,5293156.1482,,
17114,2239969.889,5293156.1482,2249969.889,5283156.1482,,
17115,2239969.889,5283156.1482,2249969.889,5273156.1482,,
17116,2239969.889,5273156.1482,2249969.889,5263156.1482,,
17117,2239969.889,5263156.1482,2249969.889,5253156.1482,,
17118,2239969.889,5253156.1482,2249969.889,5243156.1482,,
17119,2239969.889,5243156.1482,2249969.889,5233156.1482,,
17120,2239969.889,5233156.1482,2249969.889,5223156.1482,,
17121,2239969.889,5223156.1482,2249969.889,5213156.1482,,
17122,2239969.889,5213156.1482,2249969.889,5203156.1482,,
17123,2239969.889,5203156.1482,2249969.889,5193156.1482,,
17124,2239969.889,5193156.1482,2249969.889,5183156.1482,,
17125,2239969.889,5183156.1482,2249969.889,5173156.1482,,
17126,2239969.889,5173156.1482,2249969.889,5163156.1482,,
17127,2239969.889,5163156.1482,2249969.889,5153156.1482,,
17128,2239969.889,5153156.1482,2249969.889,5143156.1482,,
17129,2239969.889,5143156.1482,2249969.889,5133156.1482,,
17130,2239969.889,5133156.1482,2249969.889,5123156.1482,,
17131,2239969.889,5123156.1482,2249969.889,5113156.1482,,
17132,2239969.889,5113156.1482,2249969.889,5103156.1482,,
17133,2239969.889,5103156.1482,2249969.889,5093156.1482,,
17134,2239969.889,5093156.1482,2249969.889,5083156.1482,,
17135,2239969.889,5083156.1482,2249969.889,5073156.1482,,
17136,2239969.889,5073156.1482,2249969.889,5063156.1482,,
17137,2239969.889,5063156.1482,2249969.889,5053156.1482,,
17138,2239969.889,5053156.1482,2249969.889,5043156.1482,,
17139,2239969.889,5043156.1482,2249969.889,5033156.1482,,
17140,2239969.889,5033156.1482,2249969.889,5023156.1482,,
17141,2239969.889,5023156.1482,2249969.889,5013156.1482,,
17142,2239969.889,5013156.1482,2249969.889,5003156.1482,,
17143,2239969.889,5003156.1482,2249969.889,4993156.1482,,
17144,2239969.889,4993156.1482,2249969.889,4983156.1482,,
17145,2239969.889,4983156.1482,2249969.889,4973156.1482,,
17146,2239969.889,4973156.1482,2249969.889,4963156.1482,,
17147,2239969.889,4963156.1482,2249969.889,4953156.1482,,
17148,2239969.889,4953156.1482,2249969.889,4943156.1482,,
17149,2239969.889,4943156.1482,2249969.889,4933156.1482,,
17150,2239969.889,4933156.1482,2249969.889,4923156.1482,,
17151,2239969.889,4923156.1482,2249969.889,4913156.1482,,
17152,2239969.889,4913156.1482,2249969.889,4903156.1482,,
17153,2239969.889,4903156.1482,2249969.889,4893156.1482,,
17154,2239969.889,4893156.1482,2249969.889,4883156.1482,,
17155,2239969.889,4883156.1482,2249969.889,4873156.1482,,
17156,2239969.889,4873156.1482,2249969.889,4863156.1482,,
17157,2239969.889,4863156.1482,2249969.889,4853156.1482,,
17158,2239969.889,4853156.1482,2249969.889,4843156.1482,,
17159,2239969.889,4843156.1482,2249969.889,4833156.1482,,
17160,2239969.889,4833156.1482,2249969.889,4823156.1482,,
17161,2239969.889,4823156.1482,2249969.889,4813156.1482,,
17162,2239969.889,4813156.1482,2249969.889,4803156.1482,,
17163,2239969.889,4803156.1482,2249969.889,4793156.1482,,
17164,2239969.889,4793156.1482,2249969.889,4783156.1482,,
17165,2239969.889,4783156.1482,2249969.889,4773156.1482,,
17166,2239969.889,4773156.1482,2249969.889,4763156.1482,,
17167,2239969.889,4763156.1482,2249969.889,4753156.1482,,
17168,2239969.889,4753156.1482,2249969.889,4743156.1482,,
17169,2249969.889,6223156.1482,2259969.889,6213156.1482,,
17170,2249969.889,6213156.1482,2259969.889,6203156.1482,,
17171,2249969.889,6203156.1482,2259969.889,6193156.1482,,
17172,2249969.889,6193156.1482,2259969.889,6183156.1482,,
17173,2249969.889,6183156.1482,2259969.889,6173156.1482,,
17174,2249969.889,6173156.1482,2259969.889,6163156.1482,,
17175,2249969.889,6163156.1482,2259969.889,6153156.1482,,
17176,2249969.889,6153156.1482,2259969.889,6143156.1482,,
17177,2249969.889,6143156.1482,2259969.889,6133156.1482,,
17178,2249969.889,6133156.1482,2259969.889,6123156.1482,,
17179,2249969.889,6123156.1482,2259969.889,6113156.1482,,
17180,2249969.889,6113156.1482,2259969.889,6103156.1482,,
17181,2249969.889,6103156.1482,2259969.889,6093156.1482,,
17182,2249969.889,6093156.1482,2259969.889,6083156.1482,,
17183,2249969.889,6083156.1482,2259969.889,6073156.1482,,
17184,2249969.889,6073156.1482,2259969.889,6063156.1482,,
17185,2249969.889,6063156.1482,2259969.889,6053156.1482,,
17186,2249969.889,6053156.1482,2259969.889,6043156.1482,,
17187,2249969.889,6043156.1482,2259969.889,6033156.1482,,
17188,2249969.889,6033156.1482,2259969.889,6023156.1482,,
17189,2249969.889,6023156.1482,2259969.889,6013156.1482,,
17190,2249969.889,6013156.1482,2259969.889,6003156.1482,,
17191,2249969.889,6003156.1482,2259969.889,5993156.1482,,
17192,2249969.889,5993156.1482,2259969.889,5983156.1482,,
17193,2249969.889,5983156.1482,2259969.889,5973156.1482,,
17194,2249969.889,5973156.1482,2259969.889,5963156.1482,,
17195,2249969.889,5963156.1482,2259969.889,5953156.1482,,
17196,2249969.889,5953156.1482,2259969.889,5943156.1482,,
17197,2249969.889,5943156.1482,2259969.889,5933156.1482,,
17198,2249969.889,5933156.1482,2259969.889,5923156.1482,,
17199,2249969.889,5923156.1482,2259969.889,5913156.1482,,
17200,2249969.889,5913156.1482,2259969.889,5903156.1482,,
17201,2249969.889,5903156.1482,2259969.889,5893156.1482,,
17202,2249969.889,5893156.1482,2259969.889,5883156.1482,,
17203,2249969.889,5883156.1482,2259969.889,5873156.1482,,
17204,2249969.889,5873156.1482,2259969.889,5863156.1482,,
17205,2249969.889,5863156.1482,2259969.889,5853156.1482,,
17206,2249969.889,5853156.1482,2259969.889,5843156.1482,,
17207,2249969.889,5843156.1482,2259969.889,5833156.1482,,
17208,2249969.889,5833156.1482,2259969.889,5823156.1482,,
17209,2249969.889,5823156.1482,2259969.889,5813156.1482,,
17210,2249969.889,5813156.1482,2259969.889,5803156.1482,,
17211,2249969.889,5803156.1482,2259969.889,5793156.1482,,
17212,2249969.889,5793156.1482,2259969.889,5783156.1482,,
17213,2249969.889,5783156.1482,2259969.889,5773156.1482,,
17214,2249969.889,5773156.1482,2259969.889,5763156.1482,,
17215,2249969.889,5763156.1482,2259969.889,5753156.1482,,
17216,2249969.889,5753156.1482,2259969.889,5743156.1482,,
17217,2249969.889,5743156.1482,2259969.889,5733156.1482,,
17218,2249969.889,5733156.1482,2259969.889,5723156.1482,,
17219,2249969.889,5723156.1482,2259969.889,5713156.1482,,
17220,2249969.889,5713156.1482,2259969.889,5703156.1482,,
17221,2249969.889,5703156.1482,2259969.889,5693156.1482,,
17222,2249969.889,5693156.1482,2259969.889,5683156.1482,,
17223,2249969.889,5683156.1482,2259969.889,5673156.1482,,
17224,2249969.889,5673156.1482,2259969.889,5663156.1482,,
17225,2249969.889,5663156.1482,2259969.889,5653156.1482,,
17226,2249969.889,5653156.1482,2259969.889,5643156.1482,,
17227,2249969.889,5643156.1482,2259969.889,5633156.1482,,
17228,2249969.889,5633156.1482,2259969.889,5623156.1482,,
17229,2249969.889,5623156.1482,2259969.889,5613156.1482,,
17230,2249969.889,5613156.1482,2259969.889,5603156.1482,,
17231,2249969.889,5603156.1482,2259969.889,5593156.1482,,
17232,2249969.889,5593156.1482,2259969.889,5583156.1482,,
17233,2249969.889,5583156.1482,2259969.889,5573156.1482,,
17234,2249969.889,5573156.1482,2259969.889,5563156.1482,,
17235,2249969.889,5563156.1482,2259969.889,5553156.1482,,
17236,2249969.889,5553156.1482,2259969.889,5543156.1482,,
17237,2249969.889,5543156.1482,2259969.889,5533156.1482,,
17238,2249969.889,5533156.1482,2259969.889,5523156.1482,,
17239,2249969.889,5523156.1482,2259969.889,5513156.1482,,
17240,2249969.889,5513156.1482,2259969.889,5503156.1482,,
17241,2249969.889,5503156.1482,2259969.889,5493156.1482,,
17242,2249969.889,5493156.1482,2259969.889,5483156.1482,,
17243,2249969.889,5483156.1482,2259969.889,5473156.1482,,
17244,2249969.889,5473156.1482,2259969.889,5463156.1482,,
17245,2249969.889,5463156.1482,2259969.889,5453156.1482,,
17246,2249969.889,5453156.1482,2259969.889,5443156.1482,,
17247,2249969.889,5443156.1482,2259969.889,5433156.1482,,
17248,2249969.889,5433156.1482,2259969.889,5423156.1482,,
17249,2249969.889,5423156.1482,2259969.889,5413156.1482,,
17250,2249969.889,5413156.1482,2259969.889,5403156.1482,,
17251,2249969.889,5403156.1482,2259969.889,5393156.1482,,
17252,2249969.889,5393156.1482,2259969.889,5383156.1482,,
17253,2249969.889,5383156.1482,2259969.889,5373156.1482,,
17254,2249969.889,5373156.1482,2259969.889,5363156.1482,,
17255,2249969.889,5363156.1482,2259969.889,5353156.1482,,
17256,2249969.889,5353156.1482,2259969.889,5343156.1482,,
17257,2249969.889,5343156.1482,2259969.889,5333156.1482,,
17258,2249969.889,5333156.1482,2259969.889,5323156.1482,,
17259,2249969.889,5323156.1482,2259969.889,5313156.1482,,
17260,2249969.889,5313156.1482,2259969.889,5303156.1482,,
17261,2249969.889,5303156.1482,2259969.889,5293156.1482,,
17262,2249969.889,5293156.1482,2259969.889,5283156.1482,,
17263,2249969.889,5283156.1482,2259969.889,5273156.1482,,
17264,2249969.889,5273156.1482,2259969.889,5263156.1482,,
17265,2249969.889,5263156.1482,2259969.889,5253156.1482,,
17266,2249969.889,5253156.1482,2259969.889,5243156.1482,,
17267,2249969.889,5243156.1482,2259969.889,5233156.1482,,
17268,2249969.889,5233156.1482,2259969.889,5223156.1482,,
17269,2249969.889,5223156.1482,2259969.889,5213156.1482,,
17270,2249969.889,5213156.1482,2259969.889,5203156.1482,,
17271,2249969.889,5203156.1482,2259969.889,5193156.1482,,
17272,2249969.889,5193156.1482,2259969.889,5183156.1482,,
17273,2249969.889,5183156.1482,2259969.889,5173156.1482,,
17274,2249969.889,5173156.1482,2259969.889,5163156.1482,,
17275,2249969.889,5163156.1482,2259969.889,5153156.1482,,
17276,2249969.889,5153156.1482,2259969.889,5143156.1482,,
17277,2249969.889,5143156.1482,2259969.889,5133156.1482,,
17278,2249969.889,5133156.1482,2259969.889,5123156.1482,,
17279,2249969.889,5123156.1482,2259969.889,5113156.1482,,
17280,2249969.889,5113156.1482,2259969.889,5103156.1482,,
17281,2249969.889,5103156.1482,2259969.889,5093156.1482,,
17282,2249969.889,5093156.1482,2259969.889,5083156.1482,,
17283,2249969.889,5083156.1482,2259969.889,5073156.1482,,
17284,2249969.889,5073156.1482,2259969.889,5063156.1482,,
17285,2249969.889,5063156.1482,2259969.889,5053156.1482,,
17286,2249969.889,5053156.1482,2259969.889,5043156.1482,,
17287,2249969.889,5043156.1482,2259969.889,5033156.1482,,
17288,2249969.889,5033156.1482,2259969.889,5023156.1482,,
17289,2249969.889,5023156.1482,2259969.889,5013156.1482,,
17290,2249969.889,5013156.1482,2259969.889,5003156.1482,,
17291,2249969.889,5003156.1482,2259969.889,4993156.1482,,
17292,2249969.889,4993156.1482,2259969.889,4983156.1482,,
17293,2249969.889,4983156.1482,2259969.889,4973156.1482,,
17294,2249969.889,4973156.1482,2259969.889,4963156.1482,,
17295,2249969.889,4963156.1482,2259969.889,4953156.1482,,
17296,2249969.889,4953156.1482,2259969.889,4943156.1482,,
17297,2249969.889,4943156.1482,2259969.889,4933156.1482,,
17298,2249969.889,4933156.1482,2259969.889,4923156.1482,,
17299,2249969.889,4923156.1482,2259969.889,4913156.1482,,
17300,2249969.889,4913156.1482,2259969.889,4903156.1482,,
17301,2249969.889,4903156.1482,2259969.889,4893156.1482,,
17302,2249969.889,4893156.1482,2259969.889,4883156.1482,,
17303,2249969.889,4883156.1482,2259969.889,4873156.1482,,
17304,2249969.889,4873156.1482,2259969.889,4863156.1482,,
17305,2249969.889,4863156.1482,2259969.889,4853156.1482,,
17306,2249969.889,4853156.1482,2259969.889,4843156.1482,,
17307,2249969.889,4843156.1482,2259969.889,4833156.1482,,
17308,2249969.889,4833156.1482,2259969.889,4823156.1482,,
17309,2249969.889,4823156.1482,2259969.889,4813156.1482,,
17310,2249969.889,4813156.1482,2259969.889,4803156.1482,,
17311,2249969.889,4803156.1482,2259969.889,4793156.1482,,
17312,2249969.889,4793156.1482,2259969.889,4783156.1482,,
17313,2249969.889,4783156.1482,2259969.889,4773156.1482,,
17314,2249969.889,4773156.1482,2259969.889,4763156.1482,,
17315,2249969.889,4763156.1482,2259969.889,4753156.1482,,
17316,2249969.889,4753156.1482,2259969.889,4743156.1482,,
17317,2259969.889,6223156.1482,2269969.889,6213156.1482,,
17318,2259969.889,6213156.1482,2269969.889,6203156.1482,,
17319,2259969.889,6203156.1482,2269969.889,6193156.1482,,
17320,2259969.889,6193156.1482,2269969.889,6183156.1482,,
17321,2259969.889,6183156.1482,2269969.889,6173156.1482,,
17322,2259969.889,6173156.1482,2269969.889,6163156.1482,,
17323,2259969.889,6163156.1482,2269969.889,6153156.1482,,
17324,2259969.889,6153156.1482,2269969.889,6143156.1482,,
17325,2259969.889,6143156.1482,2269969.889,6133156.1482,,
17326,2259969.889,6133156.1482,2269969.889,6123156.1482,,
17327,2259969.889,6123156.1482,2269969.889,6113156.1482,,
17328,2259969.889,6113156.1482,2269969.889,6103156.1482,,
17329,2259969.889,6103156.1482,2269969.889,6093156.1482,,
17330,2259969.889,6093156.1482,2269969.889,6083156.1482,,
17331,2259969.889,6083156.1482,2269969.889,6073156.1482,,
17332,2259969.889,6073156.1482,2269969.889,6063156.1482,,
17333,2259969.889,6063156.1482,2269969.889,6053156.1482,,
17334,2259969.889,6053156.1482,2269969.889,6043156.1482,,
17335,2259969.889,6043156.1482,2269969.889,6033156.1482,,
17336,2259969.889,6033156.1482,2269969.889,6023156.1482,,
17337,2259969.889,6023156.1482,2269969.889,6013156.1482,,
17338,2259969.889,6013156.1482,2269969.889,6003156.1482,,
17339,2259969.889,6003156.1482,2269969.889,5993156.1482,,
17340,2259969.889,5993156.1482,2269969.889,5983156.1482,,
17341,2259969.889,5983156.1482,2269969.889,5973156.1482,,
17342,2259969.889,5973156.1482,2269969.889,5963156.1482,,
17343,2259969.889,5963156.1482,2269969.889,5953156.1482,,
17344,2259969.889,5953156.1482,2269969.889,5943156.1482,,
17345,2259969.889,5943156.1482,2269969.889,5933156.1482,,
17346,2259969.889,5933156.1482,2269969.889,5923156.1482,,
17347,2259969.889,5923156.1482,2269969.889,5913156.1482,,
17348,2259969.889,5913156.1482,2269969.889,5903156.1482,,
17349,2259969.889,5903156.1482,2269969.889,5893156.1482,,
17350,2259969.889,5893156.1482,2269969.889,5883156.1482,,
17351,2259969.889,5883156.1482,2269969.889,5873156.1482,,
17352,2259969.889,5873156.1482,2269969.889,5863156.1482,,
17353,2259969.889,5863156.1482,2269969.889,5853156.1482,,
17354,2259969.889,5853156.1482,2269969.889,5843156.1482,,
17355,2259969.889,5843156.1482,2269969.889,5833156.1482,,
17356,2259969.889,5833156.1482,2269969.889,5823156.1482,,
17357,2259969.889,5823156.1482,2269969.889,5813156.1482,,
17358,2259969.889,5813156.1482,2269969.889,5803156.1482,,
17359,2259969.889,5803156.1482,2269969.889,5793156.1482,,
17360,2259969.889,5793156.1482,2269969.889,5783156.1482,,
17361,2259969.889,5783156.1482,2269969.889,5773156.1482,,
17362,2259969.889,5773156.1482,2269969.889,5763156.1482,,
17363,2259969.889,5763156.1482,2269969.889,5753156.1482,,
17364,2259969.889,5753156.1482,2269969.889,5743156.1482,,
17365,2259969.889,5743156.1482,2269969.889,5733156.1482,,
17366,2259969.889,5733156.1482,2269969.889,5723156.1482,,
17367,2259969.889,5723156.1482,2269969.889,5713156.1482,,
17368,2259969.889,5713156.1482,2269969.889,5703156.1482,,
17369,2259969.889,5703156.1482,2269969.889,5693156.1482,,
17370,2259969.889,5693156.1482,2269969.889,5683156.1482,,
17371,2259969.889,5683156.1482,2269969.889,5673156.1482,,
17372,2259969.889,5673156.1482,2269969.889,5663156.1482,,
17373,2259969.889,5663156.1482,2269969.889,5653156.1482,,
17374,2259969.889,5653156.1482,2269969.889,5643156.1482,,
17375,2259969.889,5643156.1482,2269969.889,5633156.1482,,
17376,2259969.889,5633156.1482,2269969.889,5623156.1482,,
17377,2259969.889,5623156.1482,2269969.889,5613156.1482,,
17378,2259969.889,5613156.1482,2269969.889,5603156.1482,,
17379,2259969.889,5603156.1482,2269969.889,5593156.1482,,
17380,2259969.889,5593156.1482,2269969.889,5583156.1482,,
17381,2259969.889,5583156.1482,2269969.889,5573156.1482,,
17382,2259969.889,5573156.1482,2269969.889,5563156.1482,,
17383,2259969.889,5563156.1482,2269969.889,5553156.1482,,
17384,2259969.889,5553156.1482,2269969.889,5543156.1482,,
17385,2259969.889,5543156.1482,2269969.889,5533156.1482,,
17386,2259969.889,5533156.1482,2269969.889,5523156.1482,,
17387,2259969.889,5523156.1482,2269969.889,5513156.1482,,
17388,2259969.889,5513156.1482,2269969.889,5503156.1482,,
17389,2259969.889,5503156.1482,2269969.889,5493156.1482,,
17390,2259969.889,5493156.1482,2269969.889,5483156.1482,,
17391,2259969.889,5483156.1482,2269969.889,5473156.1482,,
17392,2259969.889,5473156.1482,2269969.889,5463156.1482,,
17393,2259969.889,5463156.1482,2269969.889,5453156.1482,,
17394,2259969.889,5453156.1482,2269969.889,5443156.1482,,
17395,2259969.889,5443156.1482,2269969.889,5433156.1482,,
17396,2259969.889,5433156.1482,2269969.889,5423156.1482,,
17397,2259969.889,5423156.1482,2269969.889,5413156.1482,,
17398,2259969.889,5413156.1482,2269969.889,5403156.1482,,
17399,2259969.889,5403156.1482,2269969.889,5393156.1482,,
17400,2259969.889,5393156.1482,2269969.889,5383156.1482,,
17401,2259969.889,5383156.1482,2269969.889,5373156.1482,,
17402,2259969.889,5373156.1482,2269969.889,5363156.1482,,
17403,2259969.889,5363156.1482,2269969.889,5353156.1482,,
17404,2259969.889,5353156.1482,2269969.889,5343156.1482,,
17405,2259969.889,5343156.1482,2269969.889,5333156.1482,,
17406,2259969.889,5333156.1482,2269969.889,5323156.1482,,
17407,2259969.889,5323156.1482,2269969.889,5313156.1482,,
17408,2259969.889,5313156.1482,2269969.889,5303156.1482,,
17409,2259969.889,5303156.1482,2269969.889,5293156.1482,,
17410,2259969.889,5293156.1482,2269969.889,5283156.1482,,
17411,2259969.889,5283156.1482,2269969.889,5273156.1482,,
17412,2259969.889,5273156.1482,2269969.889,5263156.1482,,
17413,2259969.889,5263156.1482,2269969.889,5253156.1482,,
17414,2259969.889,5253156.1482,2269969.889,5243156.1482,,
17415,2259969.889,5243156.1482,2269969.889,5233156.1482,,
17416,2259969.889,5233156.1482,2269969.889,5223156.1482,,
17417,2259969.889,5223156.1482,2269969.889,5213156.1482,,
17418,2259969.889,5213156.1482,2269969.889,5203156.1482,,
17419,2259969.889,5203156.1482,2269969.889,5193156.1482,,
17420,2259969.889,5193156.1482,2269969.889,5183156.1482,,
17421,2259969.889,5183156.1482,2269969.889,5173156.1482,,
17422,2259969.889,5173156.1482,2269969.889,5163156.1482,,
17423,2259969.889,5163156.1482,2269969.889,5153156.1482,,
17424,2259969.889,5153156.1482,2269969.889,5143156.1482,,
17425,2259969.889,5143156.1482,2269969.889,5133156.1482,,
17426,2259969.889,5133156.1482,2269969.889,5123156.1482,,
17427,2259969.889,5123156.1482,2269969.889,5113156.1482,,
17428,2259969.889,5113156.1482,2269969.889,5103156.1482,,
17429,2259969.889,5103156.1482,2269969.889,5093156.1482,,
17430,2259969.889,5093156.1482,2269969.889,5083156.1482,,
17431,2259969.889,5083156.1482,2269969.889,5073156.1482,,
17432,2259969.889,5073156.1482,2269969.889,5063156.1482,,
17433,2259969.889,5063156.1482,2269969.889,5053156.1482,,
17434,2259969.889,5053156.1482,2269969.889,5043156.1482,,
17435,2259969.889,5043156.1482,2269969.889,5033156.1482,,
17436,2259969.889,5033156.1482,2269969.889,5023156.1482,,
17437,2259969.889,5023156.1482,2269969.889,5013156.1482,,
17438,2259969.889,5013156.1482,2269969.889,5003156.1482,,
17439,2259969.889,5003156.1482,2269969.889,4993156.1482,,
17440,2259969.889,4993156.1482,2269969.889,4983156.1482,,
17441,2259969.889,4983156.1482,2269969.889,4973156.1482,,
17442,2259969.889,4973156.1482,2269969.889,4963156.1482,,
17443,2259969.889,4963156.1482,2269969.889,4953156.1482,,
17444,2259969.889,4953156.1482,2269969.889,4943156.1482,,
17445,2259969.889,4943156.1482,2269969.889,4933156.1482,,
17446,2259969.889,4933156.1482,2269969.889,4923156.1482,,
17447,2259969.889,4923156.1482,2269969.889,4913156.1482,,
17448,2259969.889,4913156.1482,2269969.889,4903156.1482,,
17449,2259969.889,4903156.1482,2269969.889,4893156.1482,,
17450,2259969.889,4893156.1482,2269969.889,4883156.1482,,
17451,2259969.889,4883156.1482,2269969.889,4873156.1482,,
17452,2259969.889,4873156.1482,2269969.889,4863156.1482,,
17453,2259969.889,4863156.1482,2269969.889,4853156.1482,,
17454,2259969.889,4853156.1482,2269969.889,4843156.1482,,
17455,2259969.889,4843156.1482,2269969.889,4833156.1482,,
17456,2259969.889,4833156.1482,2269969.889,4823156.1482,,
17457,2259969.889,4823156.1482,2269969.889,4813156.1482,,
17458,2259969.889,4813156.1482,2269969.889,4803156.1482,,
17459,2259969.889,4803156.1482,2269969.889,4793156.1482,,
17460,2259969.889,4793156.1482,2269969.889,4783156.1482,,
17461,2259969.889,4783156.1482,2269969.889,4773156.1482,,
17462,2259969.889,4773156.1482,2269969.889,4763156.1482,,
17463,2259969.889,4763156.1482,2269969.889,4753156.1482,,
17464,2259969.889,4753156.1482,2269969.889,4743156.1482,,
17465,2269969.889,6223156.1482,2279969.889,6213156.1482,,
17466,2269969.889,6213156.1482,2279969.889,6203156.1482,,
17467,2269969.889,6203156.1482,2279969.889,6193156.1482,,
17468,2269969.889,6193156.1482,2279969.889,6183156.1482,,
17469,2269969.889,6183156.1482,2279969.889,6173156.1482,,
17470,2269969.889,6173156.1482,2279969.889,6163156.1482,,
17471,2269969.889,6163156.1482,2279969.889,6153156.1482,,
17472,2269969.889,6153156.1482,2279969.889,6143156.1482,,
17473,2269969.889,6143156.1482,2279969.889,6133156.1482,,
17474,2269969.889,6133156.1482,2279969.889,6123156.1482,,
17475,2269969.889,6123156.1482,2279969.889,6113156.1482,,
17476,2269969.889,6113156.1482,2279969.889,6103156.1482,,
17477,2269969.889,6103156.1482,2279969.889,6093156.1482,,
17478,2269969.889,6093156.1482,2279969.889,6083156.1482,,
17479,2269969.889,6083156.1482,2279969.889,6073156.1482,,
17480,2269969.889,6073156.1482,2279969.889,6063156.1482,,
17481,2269969.889,6063156.1482,2279969.889,6053156.1482,,
17482,2269969.889,6053156.1482,2279969.889,6043156.1482,,
17483,2269969.889,6043156.1482,2279969.889,6033156.1482,,
17484,2269969.889,6033156.1482,2279969.889,6023156.1482,,
17485,2269969.889,6023156.1482,2279969.889,6013156.1482,,
17486,2269969.889,6013156.1482,2279969.889,6003156.1482,,
17487,2269969.889,6003156.1482,2279969.889,5993156.1482,,
17488,2269969.889,5993156.1482,2279969.889,5983156.1482,,
17489,2269969.889,5983156.1482,2279969.889,5973156.1482,,
17490,2269969.889,5973156.1482,2279969.889,5963156.1482,,
17491,2269969.889,5963156.1482,2279969.889,5953156.1482,,
17492,2269969.889,5953156.1482,2279969.889,5943156.1482,,
17493,2269969.889,5943156.1482,2279969.889,5933156.1482,,
17494,2269969.889,5933156.1482,2279969.889,5923156.1482,,
17495,2269969.889,5923156.1482,2279969.889,5913156.1482,,
17496,2269969.889,5913156.1482,2279969.889,5903156.1482,,
17497,2269969.889,5903156.1482,2279969.889,5893156.1482,,
17498,2269969.889,5893156.1482,2279969.889,5883156.1482,,
17499,2269969.889,5883156.1482,2279969.889,5873156.1482,,
17500,2269969.889,5873156.1482,2279969.889,5863156.1482,,
17501,2269969.889,5863156.1482,2279969.889,5853156.1482,,
17502,2269969.889,5853156.1482,2279969.889,5843156.1482,,
17503,2269969.889,5843156.1482,2279969.889,5833156.1482,,
17504,2269969.889,5833156.1482,2279969.889,5823156.1482,,
17505,2269969.889,5823156.1482,2279969.889,5813156.1482,,
17506,2269969.889,5813156.1482,2279969.889,5803156.1482,,
17507,2269969.889,5803156.1482,2279969.889,5793156.1482,,
17508,2269969.889,5793156.1482,2279969.889,5783156.1482,,
17509,2269969.889,5783156.1482,2279969.889,5773156.1482,,
17510,2269969.889,5773156.1482,2279969.889,5763156.1482,,
17511,2269969.889,5763156.1482,2279969.889,5753156.1482,,
17512,2269969.889,5753156.1482,2279969.889,5743156.1482,,
17513,2269969.889,5743156.1482,2279969.889,5733156.1482,,
17514,2269969.889,5733156.1482,2279969.889,5723156.1482,,
17515,2269969.889,5723156.1482,2279969.889,5713156.1482,,
17516,2269969.889,5713156.1482,2279969.889,5703156.1482,,
17517,2269969.889,5703156.1482,2279969.889,5693156.1482,,
17518,2269969.889,5693156.1482,2279969.889,5683156.1482,,
17519,2269969.889,5683156.1482,2279969.889,5673156.1482,,
17520,2269969.889,5673156.1482,2279969.889,5663156.1482,,
17521,2269969.889,5663156.1482,2279969.889,5653156.1482,,
17522,2269969.889,5653156.1482,2279969.889,5643156.1482,,
17523,2269969.889,5643156.1482,2279969.889,5633156.1482,,
17524,2269969.889,5633156.1482,2279969.889,5623156.1482,,
17525,2269969.889,5623156.1482,2279969.889,5613156.1482,,
17526,2269969.889,5613156.1482,2279969.889,5603156.1482,,
17527,2269969.889,5603156.1482,2279969.889,5593156.1482,,
17528,2269969.889,5593156.1482,2279969.889,5583156.1482,,
17529,2269969.889,5583156.1482,2279969.889,5573156.1482,,
17530,2269969.889,5573156.1482,2279969.889,5563156.1482,,
17531,2269969.889,5563156.1482,2279969.889,5553156.1482,,
17532,2269969.889,5553156.1482,2279969.889,5543156.1482,,
17533,2269969.889,5543156.1482,2279969.889,5533156.1482,,
17534,2269969.889,5533156.1482,2279969.889,5523156.1482,,
17535,2269969.889,5523156.1482,2279969.889,5513156.1482,,
17536,2269969.889,5513156.1482,2279969.889,5503156.1482,,
17537,2269969.889,5503156.1482,2279969.889,5493156.1482,,
17538,2269969.889,5493156.1482,2279969.889,5483156.1482,,
17539,2269969.889,5483156.1482,2279969.889,5473156.1482,,
17540,2269969.889,5473156.1482,2279969.889,5463156.1482,,
17541,2269969.889,5463156.1482,2279969.889,5453156.1482,,
17542,2269969.889,5453156.1482,2279969.889,5443156.1482,,
17543,2269969.889,5443156.1482,2279969.889,5433156.1482,,
17544,2269969.889,5433156.1482,2279969.889,5423156.1482,,
17545,2269969.889,5423156.1482,2279969.889,5413156.1482,,
17546,2269969.889,5413156.1482,2279969.889,5403156.1482,,
17547,2269969.889,5403156.1482,2279969.889,5393156.1482,,
17548,2269969.889,5393156.1482,2279969.889,5383156.1482,,
17549,2269969.889,5383156.1482,2279969.889,5373156.1482,,
17550,2269969.889,5373156.1482,2279969.889,5363156.1482,,
17551,2269969.889,5363156.1482,2279969.889,5353156.1482,,
17552,2269969.889,5353156.1482,2279969.889,5343156.1482,,
17553,2269969.889,5343156.1482,2279969.889,5333156.1482,,
17554,2269969.889,5333156.1482,2279969.889,5323156.1482,,
17555,2269969.889,5323156.1482,2279969.889,5313156.1482,,
17556,2269969.889,5313156.1482,2279969.889,5303156.1482,,
17557,2269969.889,5303156.1482,2279969.889,5293156.1482,,
17558,2269969.889,5293156.1482,2279969.889,5283156.1482,,
17559,2269969.889,5283156.1482,2279969.889,5273156.1482,,
17560,2269969.889,5273156.1482,2279969.889,5263156.1482,,
17561,2269969.889,5263156.1482,2279969.889,5253156.1482,,
17562,2269969.889,5253156.1482,2279969.889,5243156.1482,,
17563,2269969.889,5243156.1482,2279969.889,5233156.1482,,
17564,2269969.889,5233156.1482,2279969.889,5223156.1482,,
17565,2269969.889,5223156.1482,2279969.889,5213156.1482,,
17566,2269969.889,5213156.1482,2279969.889,5203156.1482,,
17567,2269969.889,5203156.1482,2279969.889,5193156.1482,,
17568,2269969.889,5193156.1482,2279969.889,5183156.1482,,
17569,2269969.889,5183156.1482,2279969.889,5173156.1482,,
17570,2269969.889,5173156.1482,2279969.889,5163156.1482,,
17571,2269969.889,5163156.1482,2279969.889,5153156.1482,,
17572,2269969.889,5153156.1482,2279969.889,5143156.1482,,
17573,2269969.889,5143156.1482,2279969.889,5133156.1482,,
17574,2269969.889,5133156.1482,2279969.889,5123156.1482,,
17575,2269969.889,5123156.1482,2279969.889,5113156.1482,,
17576,2269969.889,5113156.1482,2279969.889,5103156.1482,,
17577,2269969.889,5103156.1482,2279969.889,5093156.1482,,
17578,2269969.889,5093156.1482,2279969.889,5083156.1482,,
17579,2269969.889,5083156.1482,2279969.889,5073156.1482,,
17580,2269969.889,5073156.1482,2279969.889,5063156.1482,,
17581,2269969.889,5063156.1482,2279969.889,5053156.1482,,
17582,2269969.889,5053156.1482,2279969.889,5043156.1482,,
17583,2269969.889,5043156.1482,2279969.889,5033156.1482,,
17584,2269969.889,5033156.1482,2279969.889,5023156.1482,,
17585,2269969.889,5023156.1482,2279969.889,5013156.1482,,
17586,2269969.889,5013156.1482,2279969.889,5003156.1482,,
17587,2269969.889,5003156.1482,2279969.889,4993156.1482,,
17588,2269969.889,4993156.1482,2279969.889,4983156.1482,,
17589,2269969.889,4983156.1482,2279969.889,4973156.1482,,
17590,2269969.889,4973156.1482,2279969.889,4963156.1482,,
17591,2269969.889,4963156.1482,2279969.889,4953156.1482,,
17592,2269969.889,4953156.1482,2279969.889,4943156.1482,,
17593,2269969.889,4943156.1482,2279969.889,4933156.1482,,
17594,2269969.889,4933156.1482,2279969.889,4923156.1482,,
17595,2269969.889,4923156.1482,2279969.889,4913156.1482,,
17596,2269969.889,4913156.1482,2279969.889,4903156.1482,,
17597,2269969.889,4903156.1482,2279969.889,4893156.1482,,
17598,2269969.889,4893156.1482,2279969.889,4883156.1482,,
17599,2269969.889,4883156.1482,2279969.889,4873156.1482,,
17600,2269969.889,4873156.1482,2279969.889,4863156.1482,,
17601,2269969.889,4863156.1482,2279969.889,4853156.1482,,
17602,2269969.889,4853156.1482,2279969.889,4843156.1482,,
17603,2269969.889,4843156.1482,2279969.889,4833156.1482,,
17604,2269969.889,4833156.1482,2279969.889,4823156.1482,,
17605,2269969.889,4823156.1482,2279969.889,4813156.1482,,
17606,2269969.889,4813156.1482,2279969.889,4803156.1482,,
17607,2269969.889,4803156.1482,2279969.889,4793156.1482,,
17608,2269969.889,4793156.1482,2279969.889,4783156.1482,,
17609,2269969.889,4783156.1482,2279969.889,4773156.1482,,
17610,2269969.889,4773156.1482,2279969.889,4763156.1482,,
17611,2269969.889,4763156.1482,2279969.889,4753156.1482,,
17612,2269969.889,4753156.1482,2279969.889,4743156.1482,,
17613,2279969.889,6223156.1482,2289969.889,6213156.1482,,
17614,2279969.889,6213156.1482,2289969.889,6203156.1482,,
17615,2279969.889,6203156.1482,2289969.889,6193156.1482,,
17616,2279969.889,6193156.1482,2289969.889,6183156.1482,,
17617,2279969.889,6183156.1482,2289969.889,6173156.1482,,
17618,2279969.889,6173156.1482,2289969.889,6163156.1482,,
17619,2279969.889,6163156.1482,2289969.889,6153156.1482,,
17620,2279969.889,6153156.1482,2289969.889,6143156.1482,,
17621,2279969.889,6143156.1482,2289969.889,6133156.1482,,
17622,2279969.889,6133156.1482,2289969.889,6123156.1482,,
17623,2279969.889,6123156.1482,2289969.889,6113156.1482,,
17624,2279969.889,6113156.1482,2289969.889,6103156.1482,,
17625,2279969.889,6103156.1482,2289969.889,6093156.1482,,
17626,2279969.889,6093156.1482,2289969.889,6083156.1482,,
17627,2279969.889,6083156.1482,2289969.889,6073156.1482,,
17628,2279969.889,6073156.1482,2289969.889,6063156.1482,,
17629,2279969.889,6063156.1482,2289969.889,6053156.1482,,
17630,2279969.889,6053156.1482,2289969.889,6043156.1482,,
17631,2279969.889,6043156.1482,2289969.889,6033156.1482,,
17632,2279969.889,6033156.1482,2289969.889,6023156.1482,,
17633,2279969.889,6023156.1482,2289969.889,6013156.1482,,
17634,2279969.889,6013156.1482,2289969.889,6003156.1482,,
17635,2279969.889,6003156.1482,2289969.889,5993156.1482,,
17636,2279969.889,5993156.1482,2289969.889,5983156.1482,,
17637,2279969.889,5983156.1482,2289969.889,5973156.1482,,
17638,2279969.889,5973156.1482,2289969.889,5963156.1482,,
17639,2279969.889,5963156.1482,2289969.889,5953156.1482,,
17640,2279969.889,5953156.1482,2289969.889,5943156.1482,,
17641,2279969.889,5943156.1482,2289969.889,5933156.1482,,
17642,2279969.889,5933156.1482,2289969.889,5923156.1482,,
17643,2279969.889,5923156.1482,2289969.889,5913156.1482,,
17644,2279969.889,5913156.1482,2289969.889,5903156.1482,,
17645,2279969.889,5903156.1482,2289969.889,5893156.1482,,
17646,2279969.889,5893156.1482,2289969.889,5883156.1482,,
17647,2279969.889,5883156.1482,2289969.889,5873156.1482,,
17648,2279969.889,5873156.1482,2289969.889,5863156.1482,,
17649,2279969.889,5863156.1482,2289969.889,5853156.1482,,
17650,2279969.889,5853156.1482,2289969.889,5843156.1482,,
17651,2279969.889,5843156.1482,2289969.889,5833156.1482,,
17652,2279969.889,5833156.1482,2289969.889,5823156.1482,,
17653,2279969.889,5823156.1482,2289969.889,5813156.1482,,
17654,2279969.889,5813156.1482,2289969.889,5803156.1482,,
17655,2279969.889,5803156.1482,2289969.889,5793156.1482,,
17656,2279969.889,5793156.1482,2289969.889,5783156.1482,,
17657,2279969.889,5783156.1482,2289969.889,5773156.1482,,
17658,2279969.889,5773156.1482,2289969.889,5763156.1482,,
17659,2279969.889,5763156.1482,2289969.889,5753156.1482,,
17660,2279969.889,5753156.1482,2289969.889,5743156.1482,,
17661,2279969.889,5743156.1482,2289969.889,5733156.1482,,
17662,2279969.889,5733156.1482,2289969.889,5723156.1482,,
17663,2279969.889,5723156.1482,2289969.889,5713156.1482,,
17664,2279969.889,5713156.1482,2289969.889,5703156.1482,,
17665,2279969.889,5703156.1482,2289969.889,5693156.1482,,
17666,2279969.889,5693156.1482,2289969.889,5683156.1482,,
17667,2279969.889,5683156.1482,2289969.889,5673156.1482,,
17668,2279969.889,5673156.1482,2289969.889,5663156.1482,,
17669,2279969.889,5663156.1482,2289969.889,5653156.1482,,
17670,2279969.889,5653156.1482,2289969.889,5643156.1482,,
17671,2279969.889,5643156.1482,2289969.889,5633156.1482,,
17672,2279969.889,5633156.1482,2289969.889,5623156.1482,,
17673,2279969.889,5623156.1482,2289969.889,5613156.1482,,
17674,2279969.889,5613156.1482,2289969.889,5603156.1482,,
17675,2279969.889,5603156.1482,2289969.889,5593156.1482,,
17676,2279969.889,5593156.1482,2289969.889,5583156.1482,,
17677,2279969.889,5583156.1482,2289969.889,5573156.1482,,
17678,2279969.889,5573156.1482,2289969.889,5563156.1482,,
17679,2279969.889,5563156.1482,2289969.889,5553156.1482,,
17680,2279969.889,5553156.1482,2289969.889,5543156.1482,,
17681,2279969.889,5543156.1482,2289969.889,5533156.1482,,
17682,2279969.889,5533156.1482,2289969.889,5523156.1482,,
17683,2279969.889,5523156.1482,2289969.889,5513156.1482,,
17684,2279969.889,5513156.1482,2289969.889,5503156.1482,,
17685,2279969.889,5503156.1482,2289969.889,5493156.1482,,
17686,2279969.889,5493156.1482,2289969.889,5483156.1482,,
17687,2279969.889,5483156.1482,2289969.889,5473156.1482,,
17688,2279969.889,5473156.1482,2289969.889,5463156.1482,,
17689,2279969.889,5463156.1482,2289969.889,5453156.1482,,
17690,2279969.889,5453156.1482,2289969.889,5443156.1482,,
17691,2279969.889,5443156.1482,2289969.889,5433156.1482,,
17692,2279969.889,5433156.1482,2289969.889,5423156.1482,,
17693,2279969.889,5423156.1482,2289969.889,5413156.1482,,
17694,2279969.889,5413156.1482,2289969.889,5403156.1482,,
17695,2279969.889,5403156.1482,2289969.889,5393156.1482,,
17696,2279969.889,5393156.1482,2289969.889,5383156.1482,,
17697,2279969.889,5383156.1482,2289969.889,5373156.1482,,
17698,2279969.889,5373156.1482,2289969.889,5363156.1482,,
17699,2279969.889,5363156.1482,2289969.889,5353156.1482,,
17700,2279969.889,5353156.1482,2289969.889,5343156.1482,,
17701,2279969.889,5343156.1482,2289969.889,5333156.1482,,
17702,2279969.889,5333156.1482,2289969.889,5323156.1482,,
17703,2279969.889,5323156.1482,2289969.889,5313156.1482,,
17704,2279969.889,5313156.1482,2289969.889,5303156.1482,,
17705,2279969.889,5303156.1482,2289969.889,5293156.1482,,
17706,2279969.889,5293156.1482,2289969.889,5283156.1482,,
17707,2279969.889,5283156.1482,2289969.889,5273156.1482,,
17708,2279969.889,5273156.1482,2289969.889,5263156.1482,,
17709,2279969.889,5263156.1482,2289969.889,5253156.1482,,
17710,2279969.889,5253156.1482,2289969.889,5243156.1482,,
17711,2279969.889,5243156.1482,2289969.889,5233156.1482,,
17712,2279969.889,5233156.1482,2289969.889,5223156.1482,,
17713,2279969.889,5223156.1482,2289969.889,5213156.1482,,
17714,2279969.889,5213156.1482,2289969.889,5203156.1482,,
17715,2279969.889,5203156.1482,2289969.889,5193156.1482,,
17716,2279969.889,5193156.1482,2289969.889,5183156.1482,,
17717,2279969.889,5183156.1482,2289969.889,5173156.1482,,
17718,2279969.889,5173156.1482,2289969.889,5163156.1482,,
17719,2279969.889,5163156.1482,2289969.889,5153156.1482,,
17720,2279969.889,5153156.1482,2289969.889,5143156.1482,,
17721,2279969.889,5143156.1482,2289969.889,5133156.1482,,
17722,2279969.889,5133156.1482,2289969.889,5123156.1482,,
17723,2279969.889,5123156.1482,2289969.889,5113156.1482,,
17724,2279969.889,5113156.1482,2289969.889,5103156.1482,,
17725,2279969.889,5103156.1482,2289969.889,5093156.1482,,
17726,2279969.889,5093156.1482,2289969.889,5083156.1482,,
17727,2279969.889,5083156.1482,2289969.889,5073156.1482,,
17728,2279969.889,5073156.1482,2289969.889,5063156.1482,,
17729,2279969.889,5063156.1482,2289969.889,5053156.1482,,
17730,2279969.889,5053156.1482,2289969.889,5043156.1482,,
17731,2279969.889,5043156.1482,2289969.889,5033156.1482,,
17732,2279969.889,5033156.1482,2289969.889,5023156.1482,,
17733,2279969.889,5023156.1482,2289969.889,5013156.1482,,
17734,2279969.889,5013156.1482,2289969.889,5003156.1482,,
17735,2279969.889,5003156.1482,2289969.889,4993156.1482,,
17736,2279969.889,4993156.1482,2289969.889,4983156.1482,,
17737,2279969.889,4983156.1482,2289969.889,4973156.1482,,
17738,2279969.889,4973156.1482,2289969.889,4963156.1482,,
17739,2279969.889,4963156.1482,2289969.889,4953156.1482,,
17740,2279969.889,4953156.1482,2289969.889,4943156.1482,,
17741,2279969.889,4943156.1482,2289969.889,4933156.1482,,
17742,2279969.889,4933156.1482,2289969.889,4923156.1482,,
17743,2279969.889,4923156.1482,2289969.889,4913156.1482,,
17744,2279969.889,4913156.1482,2289969.889,4903156.1482,,
17745,2279969.889,4903156.1482,2289969.889,4893156.1482,,
17746,2279969.889,4893156.1482,2289969.889,4883156.1482,,
17747,2279969.889,4883156.1482,2289969.889,4873156.1482,,
17748,2279969.889,4873156.1482,2289969.889,4863156.1482,,
17749,2279969.889,4863156.1482,2289969.889,4853156.1482,,
17750,2279969.889,4853156.1482,2289969.889,4843156.1482,,
17751,2279969.889,4843156.1482,2289969.889,4833156.1482,,
17752,2279969.889,4833156.1482,2289969.889,4823156.1482,,
17753,2279969.889,4823156.1482,2289969.889,4813156.1482,,
17754,2279969.889,4813156.1482,2289969.889,4803156.1482,,
17755,2279969.889,4803156.1482,2289969.889,4793156.1482,,
17756,2279969.889,4793156.1482,2289969.889,4783156.1482,,
17757,2279969.889,4783156.1482,2289969.889,4773156.1482,,
17758,2279969.889,4773156.1482,2289969.889,4763156.1482,,
17759,2279969.889,4763156.1482,2289969.889,4753156.1482,,
17760,2279969.889,4753156.1482,2289969.889,4743156.1482,,
17761,2289969.889,6223156.1482,2299969.889,6213156.1482,,
17762,2289969.889,6213156.1482,2299969.889,6203156.1482,,
17763,2289969.889,6203156.1482,2299969.889,6193156.1482,,
17764,2289969.889,6193156.1482,2299969.889,6183156.1482,,
17765,2289969.889,6183156.1482,2299969.889,6173156.1482,,
17766,2289969.889,6173156.1482,2299969.889,6163156.1482,,
17767,2289969.889,6163156.1482,2299969.889,6153156.1482,,
17768,2289969.889,6153156.1482,2299969.889,6143156.1482,,
17769,2289969.889,6143156.1482,2299969.889,6133156.1482,,
17770,2289969.889,6133156.1482,2299969.889,6123156.1482,,
17771,2289969.889,6123156.1482,2299969.889,6113156.1482,,
17772,2289969.889,6113156.1482,2299969.889,6103156.1482,,
17773,2289969.889,6103156.1482,2299969.889,6093156.1482,,
17774,2289969.889,6093156.1482,2299969.889,6083156.1482,,
17775,2289969.889,6083156.1482,2299969.889,6073156.1482,,
17776,2289969.889,6073156.1482,2299969.889,6063156.1482,,
17777,2289969.889,6063156.1482,2299969.889,6053156.1482,,
17778,2289969.889,6053156.1482,2299969.889,6043156.1482,,
17779,2289969.889,6043156.1482,2299969.889,6033156.1482,,
17780,2289969.889,6033156.1482,2299969.889,6023156.1482,,
17781,2289969.889,6023156.1482,2299969.889,6013156.1482,,
17782,2289969.889,6013156.1482,2299969.889,6003156.1482,,
17783,2289969.889,6003156.1482,2299969.889,5993156.1482,,
17784,2289969.889,5993156.1482,2299969.889,5983156.1482,,
17785,2289969.889,5983156.1482,2299969.889,5973156.1482,,
17786,2289969.889,5973156.1482,2299969.889,5963156.1482,,
17787,2289969.889,5963156.1482,2299969.889,5953156.1482,,
17788,2289969.889,5953156.1482,2299969.889,5943156.1482,,
17789,2289969.889,5943156.1482,2299969.889,5933156.1482,,
17790,2289969.889,5933156.1482,2299969.889,5923156.1482,,
17791,2289969.889,5923156.1482,2299969.889,5913156.1482,,
17792,2289969.889,5913156.1482,2299969.889,5903156.1482,,
17793,2289969.889,5903156.1482,2299969.889,5893156.1482,,
17794,2289969.889,5893156.1482,2299969.889,5883156.1482,,
17795,2289969.889,5883156.1482,2299969.889,5873156.1482,,
17796,2289969.889,5873156.1482,2299969.889,5863156.1482,,
17797,2289969.889,5863156.1482,2299969.889,5853156.1482,,
17798,2289969.889,5853156.1482,2299969.889,5843156.1482,,
17799,2289969.889,5843156.1482,2299969.889,5833156.1482,,
17800,2289969.889,5833156.1482,2299969.889,5823156.1482,,
17801,2289969.889,5823156.1482,2299969.889,5813156.1482,,
17802,2289969.889,5813156.1482,2299969.889,5803156.1482,,
17803,2289969.889,5803156.1482,2299969.889,5793156.1482,,
17804,2289969.889,5793156.1482,2299969.889,5783156.1482,,
17805,2289969.889,5783156.1482,2299969.889,5773156.1482,,
17806,2289969.889,5773156.1482,2299969.889,5763156.1482,,
17807,2289969.889,5763156.1482,2299969.889,5753156.1482,,
17808,2289969.889,5753156.1482,2299969.889,5743156.1482,,
17809,2289969.889,5743156.1482,2299969.889,5733156.1482,,
17810,2289969.889,5733156.1482,2299969.889,5723156.1482,,
17811,2289969.889,5723156.1482,2299969.889,5713156.1482,,
17812,2289969.889,5713156.1482,2299969.889,5703156.1482,,
17813,2289969.889,5703156.1482,2299969.889,5693156.1482,,
17814,2289969.889,5693156.1482,2299969.889,5683156.1482,,
17815,2289969.889,5683156.1482,2299969.889,5673156.1482,,
17816,2289969.889,5673156.1482,2299969.889,5663156.1482,,
17817,2289969.889,5663156.1482,2299969.889,5653156.1482,,
17818,2289969.889,5653156.1482,2299969.889,5643156.1482,,
17819,2289969.889,5643156.1482,2299969.889,5633156.1482,,
17820,2289969.889,5633156.1482,2299969.889,5623156.1482,,
17821,2289969.889,5623156.1482,2299969.889,5613156.1482,,
17822,2289969.889,5613156.1482,2299969.889,5603156.1482,,
17823,2289969.889,5603156.1482,2299969.889,5593156.1482,,
17824,2289969.889,5593156.1482,2299969.889,5583156.1482,,
17825,2289969.889,5583156.1482,2299969.889,5573156.1482,,
17826,2289969.889,5573156.1482,2299969.889,5563156.1482,,
17827,2289969.889,5563156.1482,2299969.889,5553156.1482,,
17828,2289969.889,5553156.1482,2299969.889,5543156.1482,,
17829,2289969.889,5543156.1482,2299969.889,5533156.1482,,
17830,2289969.889,5533156.1482,2299969.889,5523156.1482,,
17831,2289969.889,5523156.1482,2299969.889,5513156.1482,,
17832,2289969.889,5513156.1482,2299969.889,5503156.1482,,
17833,2289969.889,5503156.1482,2299969.889,5493156.1482,,
17834,2289969.889,5493156.1482,2299969.889,5483156.1482,,
17835,2289969.889,5483156.1482,2299969.889,5473156.1482,,
17836,2289969.889,5473156.1482,2299969.889,5463156.1482,,
17837,2289969.889,5463156.1482,2299969.889,5453156.1482,,
17838,2289969.889,5453156.1482,2299969.889,5443156.1482,,
17839,2289969.889,5443156.1482,2299969.889,5433156.1482,,
17840,2289969.889,5433156.1482,2299969.889,5423156.1482,,
17841,2289969.889,5423156.1482,2299969.889,5413156.1482,,
17842,2289969.889,5413156.1482,2299969.889,5403156.1482,,
17843,2289969.889,5403156.1482,2299969.889,5393156.1482,,
17844,2289969.889,5393156.1482,2299969.889,5383156.1482,,
17845,2289969.889,5383156.1482,2299969.889,5373156.1482,,
17846,2289969.889,5373156.1482,2299969.889,5363156.1482,,
17847,2289969.889,5363156.1482,2299969.889,5353156.1482,,
17848,2289969.889,5353156.1482,2299969.889,5343156.1482,,
17849,2289969.889,5343156.1482,2299969.889,5333156.1482,,
17850,2289969.889,5333156.1482,2299969.889,5323156.1482,,
17851,2289969.889,5323156.1482,2299969.889,5313156.1482,,
17852,2289969.889,5313156.1482,2299969.889,5303156.1482,,
17853,2289969.889,5303156.1482,2299969.889,5293156.1482,,
17854,2289969.889,5293156.1482,2299969.889,5283156.1482,,
17855,2289969.889,5283156.1482,2299969.889,5273156.1482,,
17856,2289969.889,5273156.1482,2299969.889,5263156.1482,,
17857,2289969.889,5263156.1482,2299969.889,5253156.1482,,
17858,2289969.889,5253156.1482,2299969.889,5243156.1482,,
17859,2289969.889,5243156.1482,2299969.889,5233156.1482,,
17860,2289969.889,5233156.1482,2299969.889,5223156.1482,,
17861,2289969.889,5223156.1482,2299969.889,5213156.1482,,
17862,2289969.889,5213156.1482,2299969.889,5203156.1482,,
17863,2289969.889,5203156.1482,2299969.889,5193156.1482,,
17864,2289969.889,5193156.1482,2299969.889,5183156.1482,,
17865,2289969.889,5183156.1482,2299969.889,5173156.1482,,
17866,2289969.889,5173156.1482,2299969.889,5163156.1482,,
17867,2289969.889,5163156.1482,2299969.889,5153156.1482,,
17868,2289969.889,5153156.1482,2299969.889,5143156.1482,,
17869,2289969.889,5143156.1482,2299969.889,5133156.1482,,
17870,2289969.889,5133156.1482,2299969.889,5123156.1482,,
17871,2289969.889,5123156.1482,2299969.889,5113156.1482,,
17872,2289969.889,5113156.1482,2299969.889,5103156.1482,,
17873,2289969.889,5103156.1482,2299969.889,5093156.1482,,
17874,2289969.889,5093156.1482,2299969.889,5083156.1482,,
17875,2289969.889,5083156.1482,2299969.889,5073156.1482,,
17876,2289969.889,5073156.1482,2299969.889,5063156.1482,,
17877,2289969.889,5063156.1482,2299969.889,5053156.1482,,
17878,2289969.889,5053156.1482,2299969.889,5043156.1482,,
17879,2289969.889,5043156.1482,2299969.889,5033156.1482,,
17880,2289969.889,5033156.1482,2299969.889,5023156.1482,,
17881,2289969.889,5023156.1482,2299969.889,5013156.1482,,
17882,2289969.889,5013156.1482,2299969.889,5003156.1482,,
17883,2289969.889,5003156.1482,2299969.889,4993156.1482,,
17884,2289969.889,4993156.1482,2299969.889,4983156.1482,,
17885,2289969.889,4983156.1482,2299969.889,4973156.1482,,
17886,2289969.889,4973156.1482,2299969.889,4963156.1482,,
17887,2289969.889,4963156.1482,2299969.889,4953156.1482,,
17888,2289969.889,4953156.1482,2299969.889,4943156.1482,,
17889,2289969.889,4943156.1482,2299969.889,4933156.1482,,
17890,2289969.889,4933156.1482,2299969.889,4923156.1482,,
17891,2289969.889,4923156.1482,2299969.889,4913156.1482,,
17892,2289969.889,4913156.1482,2299969.889,4903156.1482,,
17893,2289969.889,4903156.1482,2299969.889,4893156.1482,,
17894,2289969.889,4893156.1482,2299969.889,4883156.1482,,
17895,2289969.889,4883156.1482,2299969.889,4873156.1482,,
17896,2289969.889,4873156.1482,2299969.889,4863156.1482,,
17897,2289969.889,4863156.1482,2299969.889,4853156.1482,,
17898,2289969.889,4853156.1482,2299969.889,4843156.1482,,
17899,2289969.889,4843156.1482,2299969.889,4833156.1482,,
17900,2289969.889,4833156.1482,2299969.889,4823156.1482,,
17901,2289969.889,4823156.1482,2299969.889,4813156.1482,,
17902,2289969.889,4813156.1482,2299969.889,4803156.1482,,
17903,2289969.889,4803156.1482,2299969.889,4793156.1482,,
17904,2289969.889,4793156.1482,2299969.889,4783156.1482,,
17905,2289969.889,4783156.1482,2299969.889,4773156.1482,,
17906,2289969.889,4773156.1482,2299969.889,4763156.1482,,
17907,2289969.889,4763156.1482,2299969.889,4753156.1482,,
17908,2289969.889,4753156.1482,2299969.889,4743156.1482,,
17909,2299969.889,6223156.1482,2309969.889,6213156.1482,,
17910,2299969.889,6213156.1482,2309969.889,6203156.1482,,
17911,2299969.889,6203156.1482,2309969.889,6193156.1482,,
17912,2299969.889,6193156.1482,2309969.889,6183156.1482,,
17913,2299969.889,6183156.1482,2309969.889,6173156.1482,,
17914,2299969.889,6173156.1482,2309969.889,6163156.1482,,
17915,2299969.889,6163156.1482,2309969.889,6153156.1482,,
17916,2299969.889,6153156.1482,2309969.889,6143156.1482,,
17917,2299969.889,6143156.1482,2309969.889,6133156.1482,,
17918,2299969.889,6133156.1482,2309969.889,6123156.1482,,
17919,2299969.889,6123156.1482,2309969.889,6113156.1482,,
17920,2299969.889,6113156.1482,2309969.889,6103156.1482,,
17921,2299969.889,6103156.1482,2309969.889,6093156.1482,,
17922,2299969.889,6093156.1482,2309969.889,6083156.1482,,
17923,2299969.889,6083156.1482,2309969.889,6073156.1482,,
17924,2299969.889,6073156.1482,2309969.889,6063156.1482,,
17925,2299969.889,6063156.1482,2309969.889,6053156.1482,,
17926,2299969.889,6053156.1482,2309969.889,6043156.1482,,
17927,2299969.889,6043156.1482,2309969.889,6033156.1482,,
17928,2299969.889,6033156.1482,2309969.889,6023156.1482,,
17929,2299969.889,6023156.1482,2309969.889,6013156.1482,,
17930,2299969.889,6013156.1482,2309969.889,6003156.1482,,
17931,2299969.889,6003156.1482,2309969.889,5993156.1482,,
17932,2299969.889,5993156.1482,2309969.889,5983156.1482,,
17933,2299969.889,5983156.1482,2309969.889,5973156.1482,,
17934,2299969.889,5973156.1482,2309969.889,5963156.1482,,
17935,2299969.889,5963156.1482,2309969.889,5953156.1482,,
17936,2299969.889,5953156.1482,2309969.889,5943156.1482,,
17937,2299969.889,5943156.1482,2309969.889,5933156.1482,,
17938,2299969.889,5933156.1482,2309969.889,5923156.1482,,
17939,2299969.889,5923156.1482,2309969.889,5913156.1482,,
17940,2299969.889,5913156.1482,2309969.889,5903156.1482,,
17941,2299969.889,5903156.1482,2309969.889,5893156.1482,,
17942,2299969.889,5893156.1482,2309969.889,5883156.1482,,
17943,2299969.889,5883156.1482,2309969.889,5873156.1482,,
17944,2299969.889,5873156.1482,2309969.889,5863156.1482,,
17945,2299969.889,5863156.1482,2309969.889,5853156.1482,,
17946,2299969.889,5853156.1482,2309969.889,5843156.1482,,
17947,2299969.889,5843156.1482,2309969.889,5833156.1482,,
17948,2299969.889,5833156.1482,2309969.889,5823156.1482,,
17949,2299969.889,5823156.1482,2309969.889,5813156.1482,,
17950,2299969.889,5813156.1482,2309969.889,5803156.1482,,
17951,2299969.889,5803156.1482,2309969.889,5793156.1482,,
17952,2299969.889,5793156.1482,2309969.889,5783156.1482,,
17953,2299969.889,5783156.1482,2309969.889,5773156.1482,,
17954,2299969.889,5773156.1482,2309969.889,5763156.1482,,
17955,2299969.889,5763156.1482,2309969.889,5753156.1482,,
17956,2299969.889,5753156.1482,2309969.889,5743156.1482,,
17957,2299969.889,5743156.1482,2309969.889,5733156.1482,,
17958,2299969.889,5733156.1482,2309969.889,5723156.1482,,
17959,2299969.889,5723156.1482,2309969.889,5713156.1482,,
17960,2299969.889,5713156.1482,2309969.889,5703156.1482,,
17961,2299969.889,5703156.1482,2309969.889,5693156.1482,,
17962,2299969.889,5693156.1482,2309969.889,5683156.1482,,
17963,2299969.889,5683156.1482,2309969.889,5673156.1482,,
17964,2299969.889,5673156.1482,2309969.889,5663156.1482,,
17965,2299969.889,5663156.1482,2309969.889,5653156.1482,,
17966,2299969.889,5653156.1482,2309969.889,5643156.1482,,
17967,2299969.889,5643156.1482,2309969.889,5633156.1482,,
17968,2299969.889,5633156.1482,2309969.889,5623156.1482,,
17969,2299969.889,5623156.1482,2309969.889,5613156.1482,,
17970,2299969.889,5613156.1482,2309969.889,5603156.1482,,
17971,2299969.889,5603156.1482,2309969.889,5593156.1482,,
17972,2299969.889,5593156.1482,2309969.889,5583156.1482,,
17973,2299969.889,5583156.1482,2309969.889,5573156.1482,,
17974,2299969.889,5573156.1482,2309969.889,5563156.1482,,
17975,2299969.889,5563156.1482,2309969.889,5553156.1482,,
17976,2299969.889,5553156.1482,2309969.889,5543156.1482,,
17977,2299969.889,5543156.1482,2309969.889,5533156.1482,,
17978,2299969.889,5533156.1482,2309969.889,5523156.1482,,
17979,2299969.889,5523156.1482,2309969.889,5513156.1482,,
17980,2299969.889,5513156.1482,2309969.889,5503156.1482,,
17981,2299969.889,5503156.1482,2309969.889,5493156.1482,,
17982,2299969.889,5493156.1482,2309969.889,5483156.1482,,
17983,2299969.889,5483156.1482,2309969.889,5473156.1482,,
17984,2299969.889,5473156.1482,2309969.889,5463156.1482,,
17985,2299969.889,5463156.1482,2309969.889,5453156.1482,,
17986,2299969.889,5453156.1482,2309969.889,5443156.1482,,
17987,2299969.889,5443156.1482,2309969.889,5433156.1482,,
17988,2299969.889,5433156.1482,2309969.889,5423156.1482,,
17989,2299969.889,5423156.1482,2309969.889,5413156.1482,,
17990,2299969.889,5413156.1482,2309969.889,5403156.1482,,
17991,2299969.889,5403156.1482,2309969.889,5393156.1482,,
17992,2299969.889,5393156.1482,2309969.889,5383156.1482,,
17993,2299969.889,5383156.1482,2309969.889,5373156.1482,,
17994,2299969.889,5373156.1482,2309969.889,5363156.1482,,
17995,2299969.889,5363156.1482,2309969.889,5353156.1482,,
17996,2299969.889,5353156.1482,2309969.889,5343156.1482,,
17997,2299969.889,5343156.1482,2309969.889,5333156.1482,,
17998,2299969.889,5333156.1482,2309969.889,5323156.1482,,
17999,2299969.889,5323156.1482,2309969.889,5313156.1482,,
18000,2299969.889,5313156.1482,2309969.889,5303156.1482,,
18001,2299969.889,5303156.1482,2309969.889,5293156.1482,,
18002,2299969.889,5293156.1482,2309969.889,5283156.1482,,
18003,2299969.889,5283156.1482,2309969.889,5273156.1482,,
18004,2299969.889,5273156.1482,2309969.889,5263156.1482,,
18005,2299969.889,5263156.1482,2309969.889,5253156.1482,,
18006,2299969.889,5253156.1482,2309969.889,5243156.1482,,
18007,2299969.889,5243156.1482,2309969.889,5233156.1482,,
18008,2299969.889,5233156.1482,2309969.889,5223156.1482,,
18009,2299969.889,5223156.1482,2309969.889,5213156.1482,,
18010,2299969.889,5213156.1482,2309969.889,5203156.1482,,
18011,2299969.889,5203156.1482,2309969.889,5193156.1482,,
18012,2299969.889,5193156.1482,2309969.889,5183156.1482,,
18013,2299969.889,5183156.1482,2309969.889,5173156.1482,,
18014,2299969.889,5173156.1482,2309969.889,5163156.1482,,
18015,2299969.889,5163156.1482,2309969.889,5153156.1482,,
18016,2299969.889,5153156.1482,2309969.889,5143156.1482,,
18017,2299969.889,5143156.1482,2309969.889,5133156.1482,,
18018,2299969.889,5133156.1482,2309969.889,5123156.1482,,
18019,2299969.889,5123156.1482,2309969.889,5113156.1482,,
18020,2299969.889,5113156.1482,2309969.889,5103156.1482,,
18021,2299969.889,5103156.1482,2309969.889,5093156.1482,,
18022,2299969.889,5093156.1482,2309969.889,5083156.1482,,
18023,2299969.889,5083156.1482,2309969.889,5073156.1482,,
18024,2299969.889,5073156.1482,2309969.889,5063156.1482,,
18025,2299969.889,5063156.1482,2309969.889,5053156.1482,,
18026,2299969.889,5053156.1482,2309969.889,5043156.1482,,
18027,2299969.889,5043156.1482,2309969.889,5033156.1482,,
18028,2299969.889,5033156.1482,2309969.889,5023156.1482,,
18029,2299969.889,5023156.1482,2309969.889,5013156.1482,,
18030,2299969.889,5013156.1482,2309969.889,5003156.1482,,
18031,2299969.889,5003156.1482,2309969.889,4993156.1482,,
18032,2299969.889,4993156.1482,2309969.889,4983156.1482,,
18033,2299969.889,4983156.1482,2309969.889,4973156.1482,,
18034,2299969.889,4973156.1482,2309969.889,4963156.1482,,
18035,2299969.889,4963156.1482,2309969.889,4953156.1482,,
18036,2299969.889,4953156.1482,2309969.889,4943156.1482,,
18037,2299969.889,4943156.1482,2309969.889,4933156.1482,,
18038,2299969.889,4933156.1482,2309969.889,4923156.1482,,
18039,2299969.889,4923156.1482,2309969.889,4913156.1482,,
18040,2299969.889,4913156.1482,2309969.889,4903156.1482,,
18041,2299969.889,4903156.1482,2309969.889,4893156.1482,,
18042,2299969.889,4893156.1482,2309969.889,4883156.1482,,
18043,2299969.889,4883156.1482,2309969.889,4873156.1482,,
18044,2299969.889,4873156.1482,2309969.889,4863156.1482,,
18045,2299969.889,4863156.1482,2309969.889,4853156.1482,,
18046,2299969.889,4853156.1482,2309969.889,4843156.1482,,
18047,2299969.889,4843156.1482,2309969.889,4833156.1482,,
18048,2299969.889,4833156.1482,2309969.889,4823156.1482,,
18049,2299969.889,4823156.1482,2309969.889,4813156.1482,,
18050,2299969.889,4813156.1482,2309969.889,4803156.1482,,
18051,2299969.889,4803156.1482,2309969.889,4793156.1482,,
18052,2299969.889,4793156.1482,2309969.889,4783156.1482,,
18053,2299969.889,4783156.1482,2309969.889,4773156.1482,,
18054,2299969.889,4773156.1482,2309969.889,4763156.1482,,
18055,2299969.889,4763156.1482,2309969.889,4753156.1482,,
18056,2299969.889,4753156.1482,2309969.889,4743156.1482,,
18057,2309969.889,6223156.1482,2319969.889,6213156.1482,,
18058,2309969.889,6213156.1482,2319969.889,6203156.1482,,
18059,2309969.889,6203156.1482,2319969.889,6193156.1482,,
18060,2309969.889,6193156.1482,2319969.889,6183156.1482,,
18061,2309969.889,6183156.1482,2319969.889,6173156.1482,,
18062,2309969.889,6173156.1482,2319969.889,6163156.1482,,
18063,2309969.889,6163156.1482,2319969.889,6153156.1482,,
18064,2309969.889,6153156.1482,2319969.889,6143156.1482,,
18065,2309969.889,6143156.1482,2319969.889,6133156.1482,,
18066,2309969.889,6133156.1482,2319969.889,6123156.1482,,
18067,2309969.889,6123156.1482,2319969.889,6113156.1482,,
18068,2309969.889,6113156.1482,2319969.889,6103156.1482,,
18069,2309969.889,6103156.1482,2319969.889,6093156.1482,,
18070,2309969.889,6093156.1482,2319969.889,6083156.1482,,
18071,2309969.889,6083156.1482,2319969.889,6073156.1482,,
18072,2309969.889,6073156.1482,2319969.889,6063156.1482,,
18073,2309969.889,6063156.1482,2319969.889,6053156.1482,,
18074,2309969.889,6053156.1482,2319969.889,6043156.1482,,
18075,2309969.889,6043156.1482,2319969.889,6033156.1482,,
18076,2309969.889,6033156.1482,2319969.889,6023156.1482,,
18077,2309969.889,6023156.1482,2319969.889,6013156.1482,,
18078,2309969.889,6013156.1482,2319969.889,6003156.1482,,
18079,2309969.889,6003156.1482,2319969.889,5993156.1482,,
18080,2309969.889,5993156.1482,2319969.889,5983156.1482,,
18081,2309969.889,5983156.1482,2319969.889,5973156.1482,,
18082,2309969.889,5973156.1482,2319969.889,5963156.1482,,
18083,2309969.889,5963156.1482,2319969.889,5953156.1482,,
18084,2309969.889,5953156.1482,2319969.889,5943156.1482,,
18085,2309969.889,5943156.1482,2319969.889,5933156.1482,,
18086,2309969.889,5933156.1482,2319969.889,5923156.1482,,
18087,2309969.889,5923156.1482,2319969.889,5913156.1482,,
18088,2309969.889,5913156.1482,2319969.889,5903156.1482,,
18089,2309969.889,5903156.1482,2319969.889,5893156.1482,,
18090,2309969.889,5893156.1482,2319969.889,5883156.1482,,
18091,2309969.889,5883156.1482,2319969.889,5873156.1482,,
18092,2309969.889,5873156.1482,2319969.889,5863156.1482,,
18093,2309969.889,5863156.1482,2319969.889,5853156.1482,,
18094,2309969.889,5853156.1482,2319969.889,5843156.1482,,
18095,2309969.889,5843156.1482,2319969.889,5833156.1482,,
18096,2309969.889,5833156.1482,2319969.889,5823156.1482,,
18097,2309969.889,5823156.1482,2319969.889,5813156.1482,,
18098,2309969.889,5813156.1482,2319969.889,5803156.1482,,
18099,2309969.889,5803156.1482,2319969.889,5793156.1482,,
18100,2309969.889,5793156.1482,2319969.889,5783156.1482,,
18101,2309969.889,5783156.1482,2319969.889,5773156.1482,,
18102,2309969.889,5773156.1482,2319969.889,5763156.1482,,
18103,2309969.889,5763156.1482,2319969.889,5753156.1482,,
18104,2309969.889,5753156.1482,2319969.889,5743156.1482,,
18105,2309969.889,5743156.1482,2319969.889,5733156.1482,,
18106,2309969.889,5733156.1482,2319969.889,5723156.1482,,
18107,2309969.889,5723156.1482,2319969.889,5713156.1482,,
18108,2309969.889,5713156.1482,2319969.889,5703156.1482,,
18109,2309969.889,5703156.1482,2319969.889,5693156.1482,,
18110,2309969.889,5693156.1482,2319969.889,5683156.1482,,
18111,2309969.889,5683156.1482,2319969.889,5673156.1482,,
18112,2309969.889,5673156.1482,2319969.889,5663156.1482,,
18113,2309969.889,5663156.1482,2319969.889,5653156.1482,,
18114,2309969.889,5653156.1482,2319969.889,5643156.1482,,
18115,2309969.889,5643156.1482,2319969.889,5633156.1482,,
18116,2309969.889,5633156.1482,2319969.889,5623156.1482,,
18117,2309969.889,5623156.1482,2319969.889,5613156.1482,,
18118,2309969.889,5613156.1482,2319969.889,5603156.1482,,
18119,2309969.889,5603156.1482,2319969.889,5593156.1482,,
18120,2309969.889,5593156.1482,2319969.889,5583156.1482,,
18121,2309969.889,5583156.1482,2319969.889,5573156.1482,,
18122,2309969.889,5573156.1482,2319969.889,5563156.1482,,
18123,2309969.889,5563156.1482,2319969.889,5553156.1482,,
18124,2309969.889,5553156.1482,2319969.889,5543156.1482,,
18125,2309969.889,5543156.1482,2319969.889,5533156.1482,,
18126,2309969.889,5533156.1482,2319969.889,5523156.1482,,
18127,2309969.889,5523156.1482,2319969.889,5513156.1482,,
18128,2309969.889,5513156.1482,2319969.889,5503156.1482,,
18129,2309969.889,5503156.1482,2319969.889,5493156.1482,,
18130,2309969.889,5493156.1482,2319969.889,5483156.1482,,
18131,2309969.889,5483156.1482,2319969.889,5473156.1482,,
18132,2309969.889,5473156.1482,2319969.889,5463156.1482,,
18133,2309969.889,5463156.1482,2319969.889,5453156.1482,,
18134,2309969.889,5453156.1482,2319969.889,5443156.1482,,
18135,2309969.889,5443156.1482,2319969.889,5433156.1482,,
18136,2309969.889,5433156.1482,2319969.889,5423156.1482,,
18137,2309969.889,5423156.1482,2319969.889,5413156.1482,,
18138,2309969.889,5413156.1482,2319969.889,5403156.1482,,
18139,2309969.889,5403156.1482,2319969.889,5393156.1482,,
18140,2309969.889,5393156.1482,2319969.889,5383156.1482,,
18141,2309969.889,5383156.1482,2319969.889,5373156.1482,,
18142,2309969.889,5373156.1482,2319969.889,5363156.1482,,
18143,2309969.889,5363156.1482,2319969.889,5353156.1482,,
18144,2309969.889,5353156.1482,2319969.889,5343156.1482,,
18145,2309969.889,5343156.1482,2319969.889,5333156.1482,,
18146,2309969.889,5333156.1482,2319969.889,5323156.1482,,
18147,2309969.889,5323156.1482,2319969.889,5313156.1482,,
18148,2309969.889,5313156.1482,2319969.889,5303156.1482,,
18149,2309969.889,5303156.1482,2319969.889,5293156.1482,,
18150,2309969.889,5293156.1482,2319969.889,5283156.1482,,
18151,2309969.889,5283156.1482,2319969.889,5273156.1482,,
18152,2309969.889,5273156.1482,2319969.889,5263156.1482,,
18153,2309969.889,5263156.1482,2319969.889,5253156.1482,,
18154,2309969.889,5253156.1482,2319969.889,5243156.1482,,
18155,2309969.889,5243156.1482,2319969.889,5233156.1482,,
18156,2309969.889,5233156.1482,2319969.889,5223156.1482,,
18157,2309969.889,5223156.1482,2319969.889,5213156.1482,,
18158,2309969.889,5213156.1482,2319969.889,5203156.1482,,
18159,2309969.889,5203156.1482,2319969.889,5193156.1482,,
18160,2309969.889,5193156.1482,2319969.889,5183156.1482,,
18161,2309969.889,5183156.1482,2319969.889,5173156.1482,,
18162,2309969.889,5173156.1482,2319969.889,5163156.1482,,
18163,2309969.889,5163156.1482,2319969.889,5153156.1482,,
18164,2309969.889,5153156.1482,2319969.889,5143156.1482,,
18165,2309969.889,5143156.1482,2319969.889,5133156.1482,,
18166,2309969.889,5133156.1482,2319969.889,5123156.1482,,
18167,2309969.889,5123156.1482,2319969.889,5113156.1482,,
18168,2309969.889,5113156.1482,2319969.889,5103156.1482,,
18169,2309969.889,5103156.1482,2319969.889,5093156.1482,,
18170,2309969.889,5093156.1482,2319969.889,5083156.1482,,
18171,2309969.889,5083156.1482,2319969.889,5073156.1482,,
18172,2309969.889,5073156.1482,2319969.889,5063156.1482,,
18173,2309969.889,5063156.1482,2319969.889,5053156.1482,,
18174,2309969.889,5053156.1482,2319969.889,5043156.1482,,
18175,2309969.889,5043156.1482,2319969.889,5033156.1482,,
18176,2309969.889,5033156.1482,2319969.889,5023156.1482,,
18177,2309969.889,5023156.1482,2319969.889,5013156.1482,,
18178,2309969.889,5013156.1482,2319969.889,5003156.1482,,
18179,2309969.889,5003156.1482,2319969.889,4993156.1482,,
18180,2309969.889,4993156.1482,2319969.889,4983156.1482,,
18181,2309969.889,4983156.1482,2319969.889,4973156.1482,,
18182,2309969.889,4973156.1482,2319969.889,4963156.1482,,
18183,2309969.889,4963156.1482,2319969.889,4953156.1482,,
18184,2309969.889,4953156.1482,2319969.889,4943156.1482,,
18185,2309969.889,4943156.1482,2319969.889,4933156.1482,,
18186,2309969.889,4933156.1482,2319969.889,4923156.1482,,
18187,2309969.889,4923156.1482,2319969.889,4913156.1482,,
18188,2309969.889,4913156.1482,2319969.889,4903156.1482,,
18189,2309969.889,4903156.1482,2319969.889,4893156.1482,,
18190,2309969.889,4893156.1482,2319969.889,4883156.1482,,
18191,2309969.889,4883156.1482,2319969.889,4873156.1482,,
18192,2309969.889,4873156.1482,2319969.889,4863156.1482,,
18193,2309969.889,4863156.1482,2319969.889,4853156.1482,,
18194,2309969.889,4853156.1482,2319969.889,4843156.1482,,
18195,2309969.889,4843156.1482,2319969.889,4833156.1482,,
18196,2309969.889,4833156.1482,2319969.889,4823156.1482,,
18197,2309969.889,4823156.1482,2319969.889,4813156.1482,,
18198,2309969.889,4813156.1482,2319969.889,4803156.1482,,
18199,2309969.889,4803156.1482,2319969.889,4793156.1482,,
18200,2309969.889,4793156.1482,2319969.889,4783156.1482,,
18201,2309969.889,4783156.1482,2319969.889,4773156.1482,,
18202,2309969.889,4773156.1482,2319969.889,4763156.1482,,
18203,2309969.889,4763156.1482,2319969.889,4753156.1482,,
18204,2309969.889,4753156.1482,2319969.889,4743156.1482,,
18205,2319969.889,6223156.1482,2329969.889,6213156.1482,,
18206,2319969.889,6213156.1482,2329969.889,6203156.1482,,
18207,2319969.889,6203156.1482,2329969.889,6193156.1482,,
18208,2319969.889,6193156.1482,2329969.889,6183156.1482,,
18209,2319969.889,6183156.1482,2329969.889,6173156.1482,,
18210,2319969.889,6173156.1482,2329969.889,6163156.1482,,
18211,2319969.889,6163156.1482,2329969.889,6153156.1482,,
18212,2319969.889,6153156.1482,2329969.889,6143156.1482,,
18213,2319969.889,6143156.1482,2329969.889,6133156.1482,,
18214,2319969.889,6133156.1482,2329969.889,6123156.1482,,
18215,2319969.889,6123156.1482,2329969.889,6113156.1482,,
18216,2319969.889,6113156.1482,2329969.889,6103156.1482,,
18217,2319969.889,6103156.1482,2329969.889,6093156.1482,,
18218,2319969.889,6093156.1482,2329969.889,6083156.1482,,
18219,2319969.889,6083156.1482,2329969.889,6073156.1482,,
18220,2319969.889,6073156.1482,2329969.889,6063156.1482,,
18221,2319969.889,6063156.1482,2329969.889,6053156.1482,,
18222,2319969.889,6053156.1482,2329969.889,6043156.1482,,
18223,2319969.889,6043156.1482,2329969.889,6033156.1482,,
18224,2319969.889,6033156.1482,2329969.889,6023156.1482,,
18225,2319969.889,6023156.1482,2329969.889,6013156.1482,,
18226,2319969.889,6013156.1482,2329969.889,6003156.1482,,
18227,2319969.889,6003156.1482,2329969.889,5993156.1482,,
18228,2319969.889,5993156.1482,2329969.889,5983156.1482,,
18229,2319969.889,5983156.1482,2329969.889,5973156.1482,,
18230,2319969.889,5973156.1482,2329969.889,5963156.1482,,
18231,2319969.889,5963156.1482,2329969.889,5953156.1482,,
18232,2319969.889,5953156.1482,2329969.889,5943156.1482,,
18233,2319969.889,5943156.1482,2329969.889,5933156.1482,,
18234,2319969.889,5933156.1482,2329969.889,5923156.1482,,
18235,2319969.889,5923156.1482,2329969.889,5913156.1482,,
18236,2319969.889,5913156.1482,2329969.889,5903156.1482,,
18237,2319969.889,5903156.1482,2329969.889,5893156.1482,,
18238,2319969.889,5893156.1482,2329969.889,5883156.1482,,
18239,2319969.889,5883156.1482,2329969.889,5873156.1482,,
18240,2319969.889,5873156.1482,2329969.889,5863156.1482,,
18241,2319969.889,5863156.1482,2329969.889,5853156.1482,,
18242,2319969.889,5853156.1482,2329969.889,5843156.1482,,
18243,2319969.889,5843156.1482,2329969.889,5833156.1482,,
18244,2319969.889,5833156.1482,2329969.889,5823156.1482,,
18245,2319969.889,5823156.1482,2329969.889,5813156.1482,,
18246,2319969.889,5813156.1482,2329969.889,5803156.1482,,
18247,2319969.889,5803156.1482,2329969.889,5793156.1482,,
18248,2319969.889,5793156.1482,2329969.889,5783156.1482,,
18249,2319969.889,5783156.1482,2329969.889,5773156.1482,,
18250,2319969.889,5773156.1482,2329969.889,5763156.1482,,
18251,2319969.889,5763156.1482,2329969.889,5753156.1482,,
18252,2319969.889,5753156.1482,2329969.889,5743156.1482,,
18253,2319969.889,5743156.1482,2329969.889,5733156.1482,,
18254,2319969.889,5733156.1482,2329969.889,5723156.1482,,
18255,2319969.889,5723156.1482,2329969.889,5713156.1482,,
18256,2319969.889,5713156.1482,2329969.889,5703156.1482,,
18257,2319969.889,5703156.1482,2329969.889,5693156.1482,,
18258,2319969.889,5693156.1482,2329969.889,5683156.1482,,
18259,2319969.889,5683156.1482,2329969.889,5673156.1482,,
18260,2319969.889,5673156.1482,2329969.889,5663156.1482,,
18261,2319969.889,5663156.1482,2329969.889,5653156.1482,,
18262,2319969.889,5653156.1482,2329969.889,5643156.1482,,
18263,2319969.889,5643156.1482,2329969.889,5633156.1482,,
18264,2319969.889,5633156.1482,2329969.889,5623156.1482,,
18265,2319969.889,5623156.1482,2329969.889,5613156.1482,,
18266,2319969.889,5613156.1482,2329969.889,5603156.1482,,
18267,2319969.889,5603156.1482,2329969.889,5593156.1482,,
18268,2319969.889,5593156.1482,2329969.889,5583156.1482,,
18269,2319969.889,5583156.1482,2329969.889,5573156.1482,,
18270,2319969.889,5573156.1482,2329969.889,5563156.1482,,
18271,2319969.889,5563156.1482,2329969.889,5553156.1482,,
18272,2319969.889,5553156.1482,2329969.889,5543156.1482,,
18273,2319969.889,5543156.1482,2329969.889,5533156.1482,,
18274,2319969.889,5533156.1482,2329969.889,5523156.1482,,
18275,2319969.889,5523156.1482,2329969.889,5513156.1482,,
18276,2319969.889,5513156.1482,2329969.889,5503156.1482,,
18277,2319969.889,5503156.1482,2329969.889,5493156.1482,,
18278,2319969.889,5493156.1482,2329969.889,5483156.1482,,
18279,2319969.889,5483156.1482,2329969.889,5473156.1482,,
18280,2319969.889,5473156.1482,2329969.889,5463156.1482,,
18281,2319969.889,5463156.1482,2329969.889,5453156.1482,,
18282,2319969.889,5453156.1482,2329969.889,5443156.1482,,
18283,2319969.889,5443156.1482,2329969.889,5433156.1482,,
18284,2319969.889,5433156.1482,2329969.889,5423156.1482,,
18285,2319969.889,5423156.1482,2329969.889,5413156.1482,,
18286,2319969.889,5413156.1482,2329969.889,5403156.1482,,
18287,2319969.889,5403156.1482,2329969.889,5393156.1482,,
18288,2319969.889,5393156.1482,2329969.889,5383156.1482,,
18289,2319969.889,5383156.1482,2329969.889,5373156.1482,,
18290,2319969.889,5373156.1482,2329969.889,5363156.1482,,
18291,2319969.889,5363156.1482,2329969.889,5353156.1482,,
18292,2319969.889,5353156.1482,2329969.889,5343156.1482,,
18293,2319969.889,5343156.1482,2329969.889,5333156.1482,,
18294,2319969.889,5333156.1482,2329969.889,5323156.1482,,
18295,2319969.889,5323156.1482,2329969.889,5313156.1482,,
18296,2319969.889,5313156.1482,2329969.889,5303156.1482,,
18297,2319969.889,5303156.1482,2329969.889,5293156.1482,,
18298,2319969.889,5293156.1482,2329969.889,5283156.1482,,
18299,2319969.889,5283156.1482,2329969.889,5273156.1482,,
18300,2319969.889,5273156.1482,2329969.889,5263156.1482,,
18301,2319969.889,5263156.1482,2329969.889,5253156.1482,,
18302,2319969.889,5253156.1482,2329969.889,5243156.1482,,
18303,2319969.889,5243156.1482,2329969.889,5233156.1482,,
18304,2319969.889,5233156.1482,2329969.889,5223156.1482,,
18305,2319969.889,5223156.1482,2329969.889,5213156.1482,,
18306,2319969.889,5213156.1482,2329969.889,5203156.1482,,
18307,2319969.889,5203156.1482,2329969.889,5193156.1482,,
18308,2319969.889,5193156.1482,2329969.889,5183156.1482,,
18309,2319969.889,5183156.1482,2329969.889,5173156.1482,,
18310,2319969.889,5173156.1482,2329969.889,5163156.1482,,
18311,2319969.889,5163156.1482,2329969.889,5153156.1482,,
18312,2319969.889,5153156.1482,2329969.889,5143156.1482,,
18313,2319969.889,5143156.1482,2329969.889,5133156.1482,,
18314,2319969.889,5133156.1482,2329969.889,5123156.1482,,
18315,2319969.889,5123156.1482,2329969.889,5113156.1482,,
18316,2319969.889,5113156.1482,2329969.889,5103156.1482,,
18317,2319969.889,5103156.1482,2329969.889,5093156.1482,,
18318,2319969.889,5093156.1482,2329969.889,5083156.1482,,
18319,2319969.889,5083156.1482,2329969.889,5073156.1482,,
18320,2319969.889,5073156.1482,2329969.889,5063156.1482,,
18321,2319969.889,5063156.1482,2329969.889,5053156.1482,,
18322,2319969.889,5053156.1482,2329969.889,5043156.1482,,
18323,2319969.889,5043156.1482,2329969.889,5033156.1482,,
18324,2319969.889,5033156.1482,2329969.889,5023156.1482,,
18325,2319969.889,5023156.1482,2329969.889,5013156.1482,,
18326,2319969.889,5013156.1482,2329969.889,5003156.1482,,
18327,2319969.889,5003156.1482,2329969.889,4993156.1482,,
18328,2319969.889,4993156.1482,2329969.889,4983156.1482,,
18329,2319969.889,4983156.1482,2329969.889,4973156.1482,,
18330,2319969.889,4973156.1482,2329969.889,4963156.1482,,
18331,2319969.889,4963156.1482,2329969.889,4953156.1482,,
18332,2319969.889,4953156.1482,2329969.889,4943156.1482,,
18333,2319969.889,4943156.1482,2329969.889,4933156.1482,,
18334,2319969.889,4933156.1482,2329969.889,4923156.1482,,
18335,2319969.889,4923156.1482,2329969.889,4913156.1482,,
18336,2319969.889,4913156.1482,2329969.889,4903156.1482,,
18337,2319969.889,4903156.1482,2329969.889,4893156.1482,,
18338,2319969.889,4893156.1482,2329969.889,4883156.1482,,
18339,2319969.889,4883156.1482,2329969.889,4873156.1482,,
18340,2319969.889,4873156.1482,2329969.889,4863156.1482,,
18341,2319969.889,4863156.1482,2329969.889,4853156.1482,,
18342,2319969.889,4853156.1482,2329969.889,4843156.1482,,
18343,2319969.889,4843156.1482,2329969.889,4833156.1482,,
18344,2319969.889,4833156.1482,2329969.889,4823156.1482,,
18345,2319969.889,4823156.1482,2329969.889,4813156.1482,,
18346,2319969.889,4813156.1482,2329969.889,4803156.1482,,
18347,2319969.889,4803156.1482,2329969.889,4793156.1482,,
18348,2319969.889,4793156.1482,2329969.889,4783156.1482,,
18349,2319969.889,4783156.1482,2329969.889,4773156.1482,,
18350,2319969.889,4773156.1482,2329969.889,4763156.1482,,
18351,2319969.889,4763156.1482,2329969.889,4753156.1482,,
18352,2319969.889,4753156.1482,2329969.889,4743156.1482,,
18353,2329969.889,6223156.1482,2339969.889,6213156.1482,,
18354,2329969.889,6213156.1482,2339969.889,6203156.1482,,
18355,2329969.889,6203156.1482,2339969.889,6193156.1482,,
18356,2329969.889,6193156.1482,2339969.889,6183156.1482,,
18357,2329969.889,6183156.1482,2339969.889,6173156.1482,,
18358,2329969.889,6173156.1482,2339969.889,6163156.1482,,
18359,2329969.889,6163156.1482,2339969.889,6153156.1482,,
18360,2329969.889,6153156.1482,2339969.889,6143156.1482,,
18361,2329969.889,6143156.1482,2339969.889,6133156.1482,,
18362,2329969.889,6133156.1482,2339969.889,6123156.1482,,
18363,2329969.889,6123156.1482,2339969.889,6113156.1482,,
18364,2329969.889,6113156.1482,2339969.889,6103156.1482,,
18365,2329969.889,6103156.1482,2339969.889,6093156.1482,,
18366,2329969.889,6093156.1482,2339969.889,6083156.1482,,
18367,2329969.889,6083156.1482,2339969.889,6073156.1482,,
18368,2329969.889,6073156.1482,2339969.889,6063156.1482,,
18369,2329969.889,6063156.1482,2339969.889,6053156.1482,,
18370,2329969.889,6053156.1482,2339969.889,6043156.1482,,
18371,2329969.889,6043156.1482,2339969.889,6033156.1482,,
18372,2329969.889,6033156.1482,2339969.889,6023156.1482,,
18373,2329969.889,6023156.1482,2339969.889,6013156.1482,,
18374,2329969.889,6013156.1482,2339969.889,6003156.1482,,
18375,2329969.889,6003156.1482,2339969.889,5993156.1482,,
18376,2329969.889,5993156.1482,2339969.889,5983156.1482,,
18377,2329969.889,5983156.1482,2339969.889,5973156.1482,,
18378,2329969.889,5973156.1482,2339969.889,5963156.1482,,
18379,2329969.889,5963156.1482,2339969.889,5953156.1482,,
18380,2329969.889,5953156.1482,2339969.889,5943156.1482,,
18381,2329969.889,5943156.1482,2339969.889,5933156.1482,,
18382,2329969.889,5933156.1482,2339969.889,5923156.1482,,
18383,2329969.889,5923156.1482,2339969.889,5913156.1482,,
18384,2329969.889,5913156.1482,2339969.889,5903156.1482,,
18385,2329969.889,5903156.1482,2339969.889,5893156.1482,,
18386,2329969.889,5893156.1482,2339969.889,5883156.1482,,
18387,2329969.889,5883156.1482,2339969.889,5873156.1482,,
18388,2329969.889,5873156.1482,2339969.889,5863156.1482,,
18389,2329969.889,5863156.1482,2339969.889,5853156.1482,,
18390,2329969.889,5853156.1482,2339969.889,5843156.1482,,
18391,2329969.889,5843156.1482,2339969.889,5833156.1482,,
18392,2329969.889,5833156.1482,2339969.889,5823156.1482,,
18393,2329969.889,5823156.1482,2339969.889,5813156.1482,,
18394,2329969.889,5813156.1482,2339969.889,5803156.1482,,
18395,2329969.889,5803156.1482,2339969.889,5793156.1482,,
18396,2329969.889,5793156.1482,2339969.889,5783156.1482,,
18397,2329969.889,5783156.1482,2339969.889,5773156.1482,,
18398,2329969.889,5773156.1482,2339969.889,5763156.1482,,
18399,2329969.889,5763156.1482,2339969.889,5753156.1482,,
18400,2329969.889,5753156.1482,2339969.889,5743156.1482,,
18401,2329969.889,5743156.1482,2339969.889,5733156.1482,,
18402,2329969.889,5733156.1482,2339969.889,5723156.1482,,
18403,2329969.889,5723156.1482,2339969.889,5713156.1482,,
18404,2329969.889,5713156.1482,2339969.889,5703156.1482,,
18405,2329969.889,5703156.1482,2339969.889,5693156.1482,,
18406,2329969.889,5693156.1482,2339969.889,5683156.1482,,
18407,2329969.889,5683156.1482,2339969.889,5673156.1482,,
18408,2329969.889,5673156.1482,2339969.889,5663156.1482,,
18409,2329969.889,5663156.1482,2339969.889,5653156.1482,,
18410,2329969.889,5653156.1482,2339969.889,5643156.1482,,
18411,2329969.889,5643156.1482,2339969.889,5633156.1482,,
18412,2329969.889,5633156.1482,2339969.889,5623156.1482,,
18413,2329969.889,5623156.1482,2339969.889,5613156.1482,,
18414,2329969.889,5613156.1482,2339969.889,5603156.1482,,
18415,2329969.889,5603156.1482,2339969.889,5593156.1482,,
18416,2329969.889,5593156.1482,2339969.889,5583156.1482,,
18417,2329969.889,5583156.1482,2339969.889,5573156.1482,,
18418,2329969.889,5573156.1482,2339969.889,5563156.1482,,
18419,2329969.889,5563156.1482,2339969.889,5553156.1482,,
18420,2329969.889,5553156.1482,2339969.889,5543156.1482,,
18421,2329969.889,5543156.1482,2339969.889,5533156.1482,,
18422,2329969.889,5533156.1482,2339969.889,5523156.1482,,
18423,2329969.889,5523156.1482,2339969.889,5513156.1482,,
18424,2329969.889,5513156.1482,2339969.889,5503156.1482,,
18425,2329969.889,5503156.1482,2339969.889,5493156.1482,,
18426,2329969.889,5493156.1482,2339969.889,5483156.1482,,
18427,2329969.889,5483156.1482,2339969.889,5473156.1482,,
18428,2329969.889,5473156.1482,2339969.889,5463156.1482,,
18429,2329969.889,5463156.1482,2339969.889,5453156.1482,,
18430,2329969.889,5453156.1482,2339969.889,5443156.1482,,
18431,2329969.889,5443156.1482,2339969.889,5433156.1482,,
18432,2329969.889,5433156.1482,2339969.889,5423156.1482,,
18433,2329969.889,5423156.1482,2339969.889,5413156.1482,,
18434,2329969.889,5413156.1482,2339969.889,5403156.1482,,
18435,2329969.889,5403156.1482,2339969.889,5393156.1482,,
18436,2329969.889,5393156.1482,2339969.889,5383156.1482,,
18437,2329969.889,5383156.1482,2339969.889,5373156.1482,,
18438,2329969.889,5373156.1482,2339969.889,5363156.1482,,
18439,2329969.889,5363156.1482,2339969.889,5353156.1482,,
18440,2329969.889,5353156.1482,2339969.889,5343156.1482,,
18441,2329969.889,5343156.1482,2339969.889,5333156.1482,,
18442,2329969.889,5333156.1482,2339969.889,5323156.1482,,
18443,2329969.889,5323156.1482,2339969.889,5313156.1482,,
18444,2329969.889,5313156.1482,2339969.889,5303156.1482,,
18445,2329969.889,5303156.1482,2339969.889,5293156.1482,,
18446,2329969.889,5293156.1482,2339969.889,5283156.1482,,
18447,2329969.889,5283156.1482,2339969.889,5273156.1482,,
18448,2329969.889,5273156.1482,2339969.889,5263156.1482,,
18449,2329969.889,5263156.1482,2339969.889,5253156.1482,,
18450,2329969.889,5253156.1482,2339969.889,5243156.1482,,
18451,2329969.889,5243156.1482,2339969.889,5233156.1482,,
18452,2329969.889,5233156.1482,2339969.889,5223156.1482,,
18453,2329969.889,5223156.1482,2339969.889,5213156.1482,,
18454,2329969.889,5213156.1482,2339969.889,5203156.1482,,
18455,2329969.889,5203156.1482,2339969.889,5193156.1482,,
18456,2329969.889,5193156.1482,2339969.889,5183156.1482,,
18457,2329969.889,5183156.1482,2339969.889,5173156.1482,,
18458,2329969.889,5173156.1482,2339969.889,5163156.1482,,
18459,2329969.889,5163156.1482,2339969.889,5153156.1482,,
18460,2329969.889,5153156.1482,2339969.889,5143156.1482,,
18461,2329969.889,5143156.1482,2339969.889,5133156.1482,,
18462,2329969.889,5133156.1482,2339969.889,5123156.1482,,
18463,2329969.889,5123156.1482,2339969.889,5113156.1482,,
18464,2329969.889,5113156.1482,2339969.889,5103156.1482,,
18465,2329969.889,5103156.1482,2339969.889,5093156.1482,,
18466,2329969.889,5093156.1482,2339969.889,5083156.1482,,
18467,2329969.889,5083156.1482,2339969.889,5073156.1482,,
18468,2329969.889,5073156.1482,2339969.889,5063156.1482,,
18469,2329969.889,5063156.1482,2339969.889,5053156.1482,,
18470,2329969.889,5053156.1482,2339969.889,5043156.1482,,
18471,2329969.889,5043156.1482,2339969.889,5033156.1482,,
18472,2329969.889,5033156.1482,2339969.889,5023156.1482,,
18473,2329969.889,5023156.1482,2339969.889,5013156.1482,,
18474,2329969.889,5013156.1482,2339969.889,5003156.1482,,
18475,2329969.889,5003156.1482,2339969.889,4993156.1482,,
18476,2329969.889,4993156.1482,2339969.889,4983156.1482,,
18477,2329969.889,4983156.1482,2339969.889,4973156.1482,,
18478,2329969.889,4973156.1482,2339969.889,4963156.1482,,
18479,2329969.889,4963156.1482,2339969.889,4953156.1482,,
18480,2329969.889,4953156.1482,2339969.889,4943156.1482,,
18481,2329969.889,4943156.1482,2339969.889,4933156.1482,,
18482,2329969.889,4933156.1482,2339969.889,4923156.1482,,
18483,2329969.889,4923156.1482,2339969.889,4913156.1482,,
18484,2329969.889,4913156.1482,2339969.889,4903156.1482,,
18485,2329969.889,4903156.1482,2339969.889,4893156.1482,,
18486,2329969.889,4893156.1482,2339969.889,4883156.1482,,
18487,2329969.889,4883156.1482,2339969.889,4873156.1482,,
18488,2329969.889,4873156.1482,2339969.889,4863156.1482,,
18489,2329969.889,4863156.1482,2339969.889,4853156.1482,,
18490,2329969.889,4853156.1482,2339969.889,4843156.1482,,
18491,2329969.889,4843156.1482,2339969.889,4833156.1482,,
18492,2329969.889,4833156.1482,2339969.889,4823156.1482,,
18493,2329969.889,4823156.1482,2339969.889,4813156.1482,,
18494,2329969.889,4813156.1482,2339969.889,4803156.1482,,
18495,2329969.889,4803156.1482,2339969.889,4793156.1482,,
18496,2329969.889,4793156.1482,2339969.889,4783156.1482,,
18497,2329969.889,4783156.1482,2339969.889,4773156.1482,,
18498,2329969.889,4773156.1482,2339969.889,4763156.1482,,
18499,2329969.889,4763156.1482,2339969.889,4753156.1482,,
18500,2329969.889,4753156.1482,2339969.889,4743156.1482,,
18501,2339969.889,6223156.1482,2349969.889,6213156.1482,,
18502,2339969.889,6213156.1482,2349969.889,6203156.1482,,
18503,2339969.889,6203156.1482,2349969.889,6193156.1482,,
18504,2339969.889,6193156.1482,2349969.889,6183156.1482,,
18505,2339969.889,6183156.1482,2349969.889,6173156.1482,,
18506,2339969.889,6173156.1482,2349969.889,6163156.1482,,
18507,2339969.889,6163156.1482,2349969.889,6153156.1482,,
18508,2339969.889,6153156.1482,2349969.889,6143156.1482,,
18509,2339969.889,6143156.1482,2349969.889,6133156.1482,,
18510,2339969.889,6133156.1482,2349969.889,6123156.1482,,
18511,2339969.889,6123156.1482,2349969.889,6113156.1482,,
18512,2339969.889,6113156.1482,2349969.889,6103156.1482,,
18513,2339969.889,6103156.1482,2349969.889,6093156.1482,,
18514,2339969.889,6093156.1482,2349969.889,6083156.1482,,
18515,2339969.889,6083156.1482,2349969.889,6073156.1482,,
18516,2339969.889,6073156.1482,2349969.889,6063156.1482,,
18517,2339969.889,6063156.1482,2349969.889,6053156.1482,,
18518,2339969.889,6053156.1482,2349969.889,6043156.1482,,
18519,2339969.889,6043156.1482,2349969.889,6033156.1482,,
18520,2339969.889,6033156.1482,2349969.889,6023156.1482,,
18521,2339969.889,6023156.1482,2349969.889,6013156.1482,,
18522,2339969.889,6013156.1482,2349969.889,6003156.1482,,
18523,2339969.889,6003156.1482,2349969.889,5993156.1482,,
18524,2339969.889,5993156.1482,2349969.889,5983156.1482,,
18525,2339969.889,5983156.1482,2349969.889,5973156.1482,,
18526,2339969.889,5973156.1482,2349969.889,5963156.1482,,
18527,2339969.889,5963156.1482,2349969.889,5953156.1482,,
18528,2339969.889,5953156.1482,2349969.889,5943156.1482,,
18529,2339969.889,5943156.1482,2349969.889,5933156.1482,,
18530,2339969.889,5933156.1482,2349969.889,5923156.1482,,
18531,2339969.889,5923156.1482,2349969.889,5913156.1482,,
18532,2339969.889,5913156.1482,2349969.889,5903156.1482,,
18533,2339969.889,5903156.1482,2349969.889,5893156.1482,,
18534,2339969.889,5893156.1482,2349969.889,5883156.1482,,
18535,2339969.889,5883156.1482,2349969.889,5873156.1482,,
18536,2339969.889,5873156.1482,2349969.889,5863156.1482,,
18537,2339969.889,5863156.1482,2349969.889,5853156.1482,,
18538,2339969.889,5853156.1482,2349969.889,5843156.1482,,
18539,2339969.889,5843156.1482,2349969.889,5833156.1482,,
18540,2339969.889,5833156.1482,2349969.889,5823156.1482,,
18541,2339969.889,5823156.1482,2349969.889,5813156.1482,,
18542,2339969.889,5813156.1482,2349969.889,5803156.1482,,
18543,2339969.889,5803156.1482,2349969.889,5793156.1482,,
18544,2339969.889,5793156.1482,2349969.889,5783156.1482,,
18545,2339969.889,5783156.1482,2349969.889,5773156.1482,,
18546,2339969.889,5773156.1482,2349969.889,5763156.1482,,
18547,2339969.889,5763156.1482,2349969.889,5753156.1482,,
18548,2339969.889,5753156.1482,2349969.889,5743156.1482,,
18549,2339969.889,5743156.1482,2349969.889,5733156.1482,,
18550,2339969.889,5733156.1482,2349969.889,5723156.1482,,
18551,2339969.889,5723156.1482,2349969.889,5713156.1482,,
18552,2339969.889,5713156.1482,2349969.889,5703156.1482,,
18553,2339969.889,5703156.1482,2349969.889,5693156.1482,,
18554,2339969.889,5693156.1482,2349969.889,5683156.1482,,
18555,2339969.889,5683156.1482,2349969.889,5673156.1482,,
18556,2339969.889,5673156.1482,2349969.889,5663156.1482,,
18557,2339969.889,5663156.1482,2349969.889,5653156.1482,,
18558,2339969.889,5653156.1482,2349969.889,5643156.1482,,
18559,2339969.889,5643156.1482,2349969.889,5633156.1482,,
18560,2339969.889,5633156.1482,2349969.889,5623156.1482,,
18561,2339969.889,5623156.1482,2349969.889,5613156.1482,,
18562,2339969.889,5613156.1482,2349969.889,5603156.1482,,
18563,2339969.889,5603156.1482,2349969.889,5593156.1482,,
18564,2339969.889,5593156.1482,2349969.889,5583156.1482,,
18565,2339969.889,5583156.1482,2349969.889,5573156.1482,,
18566,2339969.889,5573156.1482,2349969.889,5563156.1482,,
18567,2339969.889,5563156.1482,2349969.889,5553156.1482,,
18568,2339969.889,5553156.1482,2349969.889,5543156.1482,,
18569,2339969.889,5543156.1482,2349969.889,5533156.1482,,
18570,2339969.889,5533156.1482,2349969.889,5523156.1482,,
18571,2339969.889,5523156.1482,2349969.889,5513156.1482,,
18572,2339969.889,5513156.1482,2349969.889,5503156.1482,,
18573,2339969.889,5503156.1482,2349969.889,5493156.1482,,
18574,2339969.889,5493156.1482,2349969.889,5483156.1482,,
18575,2339969.889,5483156.1482,2349969.889,5473156.1482,,
18576,2339969.889,5473156.1482,2349969.889,5463156.1482,,
18577,2339969.889,5463156.1482,2349969.889,5453156.1482,,
18578,2339969.889,5453156.1482,2349969.889,5443156.1482,,
18579,2339969.889,5443156.1482,2349969.889,5433156.1482,,
18580,2339969.889,5433156.1482,2349969.889,5423156.1482,,
18581,2339969.889,5423156.1482,2349969.889,5413156.1482,,
18582,2339969.889,5413156.1482,2349969.889,5403156.1482,,
18583,2339969.889,5403156.1482,2349969.889,5393156.1482,,
18584,2339969.889,5393156.1482,2349969.889,5383156.1482,,
18585,2339969.889,5383156.1482,2349969.889,5373156.1482,,
18586,2339969.889,5373156.1482,2349969.889,5363156.1482,,
18587,2339969.889,5363156.1482,2349969.889,5353156.1482,,
18588,2339969.889,5353156.1482,2349969.889,5343156.1482,,
18589,2339969.889,5343156.1482,2349969.889,5333156.1482,,
18590,2339969.889,5333156.1482,2349969.889,5323156.1482,,
18591,2339969.889,5323156.1482,2349969.889,5313156.1482,,
18592,2339969.889,5313156.1482,2349969.889,5303156.1482,,
18593,2339969.889,5303156.1482,2349969.889,5293156.1482,,
18594,2339969.889,5293156.1482,2349969.889,5283156.1482,,
18595,2339969.889,5283156.1482,2349969.889,5273156.1482,,
18596,2339969.889,5273156.1482,2349969.889,5263156.1482,,
18597,2339969.889,5263156.1482,2349969.889,5253156.1482,,
18598,2339969.889,5253156.1482,2349969.889,5243156.1482,,
18599,2339969.889,5243156.1482,2349969.889,5233156.1482,,
18600,2339969.889,5233156.1482,2349969.889,5223156.1482,,
18601,2339969.889,5223156.1482,2349969.889,5213156.1482,,
18602,2339969.889,5213156.1482,2349969.889,5203156.1482,,
18603,2339969.889,5203156.1482,2349969.889,5193156.1482,,
18604,2339969.889,5193156.1482,2349969.889,5183156.1482,,
18605,2339969.889,5183156.1482,2349969.889,5173156.1482,,
18606,2339969.889,5173156.1482,2349969.889,5163156.1482,,
18607,2339969.889,5163156.1482,2349969.889,5153156.1482,,
18608,2339969.889,5153156.1482,2349969.889,5143156.1482,,
18609,2339969.889,5143156.1482,2349969.889,5133156.1482,,
18610,2339969.889,5133156.1482,2349969.889,5123156.1482,,
18611,2339969.889,5123156.1482,2349969.889,5113156.1482,,
18612,2339969.889,5113156.1482,2349969.889,5103156.1482,,
18613,2339969.889,5103156.1482,2349969.889,5093156.1482,,
18614,2339969.889,5093156.1482,2349969.889,5083156.1482,,
18615,2339969.889,5083156.1482,2349969.889,5073156.1482,,
18616,2339969.889,5073156.1482,2349969.889,5063156.1482,,
18617,2339969.889,5063156.1482,2349969.889,5053156.1482,,
18618,2339969.889,5053156.1482,2349969.889,5043156.1482,,
18619,2339969.889,5043156.1482,2349969.889,5033156.1482,,
18620,2339969.889,5033156.1482,2349969.889,5023156.1482,,
18621,2339969.889,5023156.1482,2349969.889,5013156.1482,,
18622,2339969.889,5013156.1482,2349969.889,5003156.1482,,
18623,2339969.889,5003156.1482,2349969.889,4993156.1482,,
18624,2339969.889,4993156.1482,2349969.889,4983156.1482,,
18625,2339969.889,4983156.1482,2349969.889,4973156.1482,,
18626,2339969.889,4973156.1482,2349969.889,4963156.1482,,
18627,2339969.889,4963156.1482,2349969.889,4953156.1482,,
18628,2339969.889,4953156.1482,2349969.889,4943156.1482,,
18629,2339969.889,4943156.1482,2349969.889,4933156.1482,,
18630,2339969.889,4933156.1482,2349969.889,4923156.1482,,
18631,2339969.889,4923156.1482,2349969.889,4913156.1482,,
18632,2339969.889,4913156.1482,2349969.889,4903156.1482,,
18633,2339969.889,4903156.1482,2349969.889,4893156.1482,,
18634,2339969.889,4893156.1482,2349969.889,4883156.1482,,
18635,2339969.889,4883156.1482,2349969.889,4873156.1482,,
18636,2339969.889,4873156.1482,2349969.889,4863156.1482,,
18637,2339969.889,4863156.1482,2349969.889,4853156.1482,,
18638,2339969.889,4853156.1482,2349969.889,4843156.1482,,
18639,2339969.889,4843156.1482,2349969.889,4833156.1482,,
18640,2339969.889,4833156.1482,2349969.889,4823156.1482,,
18641,2339969.889,4823156.1482,2349969.889,4813156.1482,,
18642,2339969.889,4813156.1482,2349969.889,4803156.1482,,
18643,2339969.889,4803156.1482,2349969.889,4793156.1482,,
18644,2339969.889,4793156.1482,2349969.889,4783156.1482,,
18645,2339969.889,4783156.1482,2349969.889,4773156.1482,,
18646,2339969.889,4773156.1482,2349969.889,4763156.1482,,
18647,2339969.889,4763156.1482,2349969.889,4753156.1482,,
18648,2339969.889,4753156.1482,2349969.889,4743156.1482,,
18649,2349969.889,6223156.1482,2359969.889,6213156.1482,,
18650,2349969.889,6213156.1482,2359969.889,6203156.1482,,
18651,2349969.889,6203156.1482,2359969.889,6193156.1482,,
18652,2349969.889,6193156.1482,2359969.889,6183156.1482,,
18653,2349969.889,6183156.1482,2359969.889,6173156.1482,,
18654,2349969.889,6173156.1482,2359969.889,6163156.1482,,
18655,2349969.889,6163156.1482,2359969.889,6153156.1482,,
18656,2349969.889,6153156.1482,2359969.889,6143156.1482,,
18657,2349969.889,6143156.1482,2359969.889,6133156.1482,,
18658,2349969.889,6133156.1482,2359969.889,6123156.1482,,
18659,2349969.889,6123156.1482,2359969.889,6113156.1482,,
18660,2349969.889,6113156.1482,2359969.889,6103156.1482,,
18661,2349969.889,6103156.1482,2359969.889,6093156.1482,,
18662,2349969.889,6093156.1482,2359969.889,6083156.1482,,
18663,2349969.889,6083156.1482,2359969.889,6073156.1482,,
18664,2349969.889,6073156.1482,2359969.889,6063156.1482,,
18665,2349969.889,6063156.1482,2359969.889,6053156.1482,,
18666,2349969.889,6053156.1482,2359969.889,6043156.1482,,
18667,2349969.889,6043156.1482,2359969.889,6033156.1482,,
18668,2349969.889,6033156.1482,2359969.889,6023156.1482,,
18669,2349969.889,6023156.1482,2359969.889,6013156.1482,,
18670,2349969.889,6013156.1482,2359969.889,6003156.1482,,
18671,2349969.889,6003156.1482,2359969.889,5993156.1482,,
18672,2349969.889,5993156.1482,2359969.889,5983156.1482,,
18673,2349969.889,5983156.1482,2359969.889,5973156.1482,,
18674,2349969.889,5973156.1482,2359969.889,5963156.1482,,
18675,2349969.889,5963156.1482,2359969.889,5953156.1482,,
18676,2349969.889,5953156.1482,2359969.889,5943156.1482,,
18677,2349969.889,5943156.1482,2359969.889,5933156.1482,,
18678,2349969.889,5933156.1482,2359969.889,5923156.1482,,
18679,2349969.889,5923156.1482,2359969.889,5913156.1482,,
18680,2349969.889,5913156.1482,2359969.889,5903156.1482,,
18681,2349969.889,5903156.1482,2359969.889,5893156.1482,,
18682,2349969.889,5893156.1482,2359969.889,5883156.1482,,
18683,2349969.889,5883156.1482,2359969.889,5873156.1482,,
18684,2349969.889,5873156.1482,2359969.889,5863156.1482,,
18685,2349969.889,5863156.1482,2359969.889,5853156.1482,,
18686,2349969.889,5853156.1482,2359969.889,5843156.1482,,
18687,2349969.889,5843156.1482,2359969.889,5833156.1482,,
18688,2349969.889,5833156.1482,2359969.889,5823156.1482,,
18689,2349969.889,5823156.1482,2359969.889,5813156.1482,,
18690,2349969.889,5813156.1482,2359969.889,5803156.1482,,
18691,2349969.889,5803156.1482,2359969.889,5793156.1482,,
18692,2349969.889,5793156.1482,2359969.889,5783156.1482,,
18693,2349969.889,5783156.1482,2359969.889,5773156.1482,,
18694,2349969.889,5773156.1482,2359969.889,5763156.1482,,
18695,2349969.889,5763156.1482,2359969.889,5753156.1482,,
18696,2349969.889,5753156.1482,2359969.889,5743156.1482,,
18697,2349969.889,5743156.1482,2359969.889,5733156.1482,,
18698,2349969.889,5733156.1482,2359969.889,5723156.1482,,
18699,2349969.889,5723156.1482,2359969.889,5713156.1482,,
18700,2349969.889,5713156.1482,2359969.889,5703156.1482,,
18701,2349969.889,5703156.1482,2359969.889,5693156.1482,,
18702,2349969.889,5693156.1482,2359969.889,5683156.1482,,
18703,2349969.889,5683156.1482,2359969.889,5673156.1482,,
18704,2349969.889,5673156.1482,2359969.889,5663156.1482,,
18705,2349969.889,5663156.1482,2359969.889,5653156.1482,,
18706,2349969.889,5653156.1482,2359969.889,5643156.1482,,
18707,2349969.889,5643156.1482,2359969.889,5633156.1482,,
18708,2349969.889,5633156.1482,2359969.889,5623156.1482,,
18709,2349969.889,5623156.1482,2359969.889,5613156.1482,,
18710,2349969.889,5613156.1482,2359969.889,5603156.1482,,
18711,2349969.889,5603156.1482,2359969.889,5593156.1482,,
18712,2349969.889,5593156.1482,2359969.889,5583156.1482,,
18713,2349969.889,5583156.1482,2359969.889,5573156.1482,,
18714,2349969.889,5573156.1482,2359969.889,5563156.1482,,
18715,2349969.889,5563156.1482,2359969.889,5553156.1482,,
18716,2349969.889,5553156.1482,2359969.889,5543156.1482,,
18717,2349969.889,5543156.1482,2359969.889,5533156.1482,,
18718,2349969.889,5533156.1482,2359969.889,5523156.1482,,
18719,2349969.889,5523156.1482,2359969.889,5513156.1482,,
18720,2349969.889,5513156.1482,2359969.889,5503156.1482,,
18721,2349969.889,5503156.1482,2359969.889,5493156.1482,,
18722,2349969.889,5493156.1482,2359969.889,5483156.1482,,
18723,2349969.889,5483156.1482,2359969.889,5473156.1482,,
18724,2349969.889,5473156.1482,2359969.889,5463156.1482,,
18725,2349969.889,5463156.1482,2359969.889,5453156.1482,,
18726,2349969.889,5453156.1482,2359969.889,5443156.1482,,
18727,2349969.889,5443156.1482,2359969.889,5433156.1482,,
18728,2349969.889,5433156.1482,2359969.889,5423156.1482,,
18729,2349969.889,5423156.1482,2359969.889,5413156.1482,,
18730,2349969.889,5413156.1482,2359969.889,5403156.1482,,
18731,2349969.889,5403156.1482,2359969.889,5393156.1482,,
18732,2349969.889,5393156.1482,2359969.889,5383156.1482,,
18733,2349969.889,5383156.1482,2359969.889,5373156.1482,,
18734,2349969.889,5373156.1482,2359969.889,5363156.1482,,
18735,2349969.889,5363156.1482,2359969.889,5353156.1482,,
18736,2349969.889,5353156.1482,2359969.889,5343156.1482,,
18737,2349969.889,5343156.1482,2359969.889,5333156.1482,,
18738,2349969.889,5333156.1482,2359969.889,5323156.1482,,
18739,2349969.889,5323156.1482,2359969.889,5313156.1482,,
18740,2349969.889,5313156.1482,2359969.889,5303156.1482,,
18741,2349969.889,5303156.1482,2359969.889,5293156.1482,,
18742,2349969.889,5293156.1482,2359969.889,5283156.1482,,
18743,2349969.889,5283156.1482,2359969.889,5273156.1482,,
18744,2349969.889,5273156.1482,2359969.889,5263156.1482,,
18745,2349969.889,5263156.1482,2359969.889,5253156.1482,,
18746,2349969.889,5253156.1482,2359969.889,5243156.1482,,
18747,2349969.889,5243156.1482,2359969.889,5233156.1482,,
18748,2349969.889,5233156.1482,2359969.889,5223156.1482,,
18749,2349969.889,5223156.1482,2359969.889,5213156.1482,,
18750,2349969.889,5213156.1482,2359969.889,5203156.1482,,
18751,2349969.889,5203156.1482,2359969.889,5193156.1482,,
18752,2349969.889,5193156.1482,2359969.889,5183156.1482,,
18753,2349969.889,5183156.1482,2359969.889,5173156.1482,,
18754,2349969.889,5173156.1482,2359969.889,5163156.1482,,
18755,2349969.889,5163156.1482,2359969.889,5153156.1482,,
18756,2349969.889,5153156.1482,2359969.889,5143156.1482,,
18757,2349969.889,5143156.1482,2359969.889,5133156.1482,,
18758,2349969.889,5133156.1482,2359969.889,5123156.1482,,
18759,2349969.889,5123156.1482,2359969.889,5113156.1482,,
18760,2349969.889,5113156.1482,2359969.889,5103156.1482,,
18761,2349969.889,5103156.1482,2359969.889,5093156.1482,,
18762,2349969.889,5093156.1482,2359969.889,5083156.1482,,
18763,2349969.889,5083156.1482,2359969.889,5073156.1482,,
18764,2349969.889,5073156.1482,2359969.889,5063156.1482,,
18765,2349969.889,5063156.1482,2359969.889,5053156.1482,,
18766,2349969.889,5053156.1482,2359969.889,5043156.1482,,
18767,2349969.889,5043156.1482,2359969.889,5033156.1482,,
18768,2349969.889,5033156.1482,2359969.889,5023156.1482,,
18769,2349969.889,5023156.1482,2359969.889,5013156.1482,,
18770,2349969.889,5013156.1482,2359969.889,5003156.1482,,
18771,2349969.889,5003156.1482,2359969.889,4993156.1482,,
18772,2349969.889,4993156.1482,2359969.889,4983156.1482,,
18773,2349969.889,4983156.1482,2359969.889,4973156.1482,,
18774,2349969.889,4973156.1482,2359969.889,4963156.1482,,
18775,2349969.889,4963156.1482,2359969.889,4953156.1482,,
18776,2349969.889,4953156.1482,2359969.889,4943156.1482,,
18777,2349969.889,4943156.1482,2359969.889,4933156.1482,,
18778,2349969.889,4933156.1482,2359969.889,4923156.1482,,
18779,2349969.889,4923156.1482,2359969.889,4913156.1482,,
18780,2349969.889,4913156.1482,2359969.889,4903156.1482,,
18781,2349969.889,4903156.1482,2359969.889,4893156.1482,,
18782,2349969.889,4893156.1482,2359969.889,4883156.1482,,
18783,2349969.889,4883156.1482,2359969.889,4873156.1482,,
18784,2349969.889,4873156.1482,2359969.889,4863156.1482,,
18785,2349969.889,4863156.1482,2359969.889,4853156.1482,,
18786,2349969.889,4853156.1482,2359969.889,4843156.1482,,
18787,2349969.889,4843156.1482,2359969.889,4833156.1482,,
18788,2349969.889,4833156.1482,2359969.889,4823156.1482,,
18789,2349969.889,4823156.1482,2359969.889,4813156.1482,,
18790,2349969.889,4813156.1482,2359969.889,4803156.1482,,
18791,2349969.889,4803156.1482,2359969.889,4793156.1482,,
18792,2349969.889,4793156.1482,2359969.889,4783156.1482,,
18793,2349969.889,4783156.1482,2359969.889,4773156.1482,,
18794,2349969.889,4773156.1482,2359969.889,4763156.1482,,
18795,2349969.889,4763156.1482,2359969.889,4753156.1482,,
18796,2349969.889,4753156.1482,2359969.889,4743156.1482,,
18797,2359969.889,6223156.1482,2369969.889,6213156.1482,,
18798,2359969.889,6213156.1482,2369969.889,6203156.1482,,
18799,2359969.889,6203156.1482,2369969.889,6193156.1482,,
18800,2359969.889,6193156.1482,2369969.889,6183156.1482,,
18801,2359969.889,6183156.1482,2369969.889,6173156.1482,,
18802,2359969.889,6173156.1482,2369969.889,6163156.1482,,
18803,2359969.889,6163156.1482,2369969.889,6153156.1482,,
18804,2359969.889,6153156.1482,2369969.889,6143156.1482,,
18805,2359969.889,6143156.1482,2369969.889,6133156.1482,,
18806,2359969.889,6133156.1482,2369969.889,6123156.1482,,
18807,2359969.889,6123156.1482,2369969.889,6113156.1482,,
18808,2359969.889,6113156.1482,2369969.889,6103156.1482,,
18809,2359969.889,6103156.1482,2369969.889,6093156.1482,,
18810,2359969.889,6093156.1482,2369969.889,6083156.1482,,
18811,2359969.889,6083156.1482,2369969.889,6073156.1482,,
18812,2359969.889,6073156.1482,2369969.889,6063156.1482,,
18813,2359969.889,6063156.1482,2369969.889,6053156.1482,,
18814,2359969.889,6053156.1482,2369969.889,6043156.1482,,
18815,2359969.889,6043156.1482,2369969.889,6033156.1482,,
18816,2359969.889,6033156.1482,2369969.889,6023156.1482,,
18817,2359969.889,6023156.1482,2369969.889,6013156.1482,,
18818,2359969.889,6013156.1482,2369969.889,6003156.1482,,
18819,2359969.889,6003156.1482,2369969.889,5993156.1482,,
18820,2359969.889,5993156.1482,2369969.889,5983156.1482,,
18821,2359969.889,5983156.1482,2369969.889,5973156.1482,,
18822,2359969.889,5973156.1482,2369969.889,5963156.1482,,
18823,2359969.889,5963156.1482,2369969.889,5953156.1482,,
18824,2359969.889,5953156.1482,2369969.889,5943156.1482,,
18825,2359969.889,5943156.1482,2369969.889,5933156.1482,,
18826,2359969.889,5933156.1482,2369969.889,5923156.1482,,
18827,2359969.889,5923156.1482,2369969.889,5913156.1482,,
18828,2359969.889,5913156.1482,2369969.889,5903156.1482,,
18829,2359969.889,5903156.1482,2369969.889,5893156.1482,,
18830,2359969.889,5893156.1482,2369969.889,5883156.1482,,
18831,2359969.889,5883156.1482,2369969.889,5873156.1482,,
18832,2359969.889,5873156.1482,2369969.889,5863156.1482,,
18833,2359969.889,5863156.1482,2369969.889,5853156.1482,,
18834,2359969.889,5853156.1482,2369969.889,5843156.1482,,
18835,2359969.889,5843156.1482,2369969.889,5833156.1482,,
18836,2359969.889,5833156.1482,2369969.889,5823156.1482,,
18837,2359969.889,5823156.1482,2369969.889,5813156.1482,,
18838,2359969.889,5813156.1482,2369969.889,5803156.1482,,
18839,2359969.889,5803156.1482,2369969.889,5793156.1482,,
18840,2359969.889,5793156.1482,2369969.889,5783156.1482,,
18841,2359969.889,5783156.1482,2369969.889,5773156.1482,,
18842,2359969.889,5773156.1482,2369969.889,5763156.1482,,
18843,2359969.889,5763156.1482,2369969.889,5753156.1482,,
18844,2359969.889,5753156.1482,2369969.889,5743156.1482,,
18845,2359969.889,5743156.1482,2369969.889,5733156.1482,,
18846,2359969.889,5733156.1482,2369969.889,5723156.1482,,
18847,2359969.889,5723156.1482,2369969.889,5713156.1482,,
18848,2359969.889,5713156.1482,2369969.889,5703156.1482,,
18849,2359969.889,5703156.1482,2369969.889,5693156.1482,,
18850,2359969.889,5693156.1482,2369969.889,5683156.1482,,
18851,2359969.889,5683156.1482,2369969.889,5673156.1482,,
18852,2359969.889,5673156.1482,2369969.889,5663156.1482,,
18853,2359969.889,5663156.1482,2369969.889,5653156.1482,,
18854,2359969.889,5653156.1482,2369969.889,5643156.1482,,
18855,2359969.889,5643156.1482,2369969.889,5633156.1482,,
18856,2359969.889,5633156.1482,2369969.889,5623156.1482,,
18857,2359969.889,5623156.1482,2369969.889,5613156.1482,,
18858,2359969.889,5613156.1482,2369969.889,5603156.1482,,
18859,2359969.889,5603156.1482,2369969.889,5593156.1482,,
18860,2359969.889,5593156.1482,2369969.889,5583156.1482,,
18861,2359969.889,5583156.1482,2369969.889,5573156.1482,,
18862,2359969.889,5573156.1482,2369969.889,5563156.1482,,
18863,2359969.889,5563156.1482,2369969.889,5553156.1482,,
18864,2359969.889,5553156.1482,2369969.889,5543156.1482,,
18865,2359969.889,5543156.1482,2369969.889,5533156.1482,,
18866,2359969.889,5533156.1482,2369969.889,5523156.1482,,
18867,2359969.889,5523156.1482,2369969.889,5513156.1482,,
18868,2359969.889,5513156.1482,2369969.889,5503156.1482,,
18869,2359969.889,5503156.1482,2369969.889,5493156.1482,,
18870,2359969.889,5493156.1482,2369969.889,5483156.1482,,
18871,2359969.889,5483156.1482,2369969.889,5473156.1482,,
18872,2359969.889,5473156.1482,2369969.889,5463156.1482,,
18873,2359969.889,5463156.1482,2369969.889,5453156.1482,,
18874,2359969.889,5453156.1482,2369969.889,5443156.1482,,
18875,2359969.889,5443156.1482,2369969.889,5433156.1482,,
18876,2359969.889,5433156.1482,2369969.889,5423156.1482,,
18877,2359969.889,5423156.1482,2369969.889,5413156.1482,,
18878,2359969.889,5413156.1482,2369969.889,5403156.1482,,
18879,2359969.889,5403156.1482,2369969.889,5393156.1482,,
18880,2359969.889,5393156.1482,2369969.889,5383156.1482,,
18881,2359969.889,5383156.1482,2369969.889,5373156.1482,,
18882,2359969.889,5373156.1482,2369969.889,5363156.1482,,
18883,2359969.889,5363156.1482,2369969.889,5353156.1482,,
18884,2359969.889,5353156.1482,2369969.889,5343156.1482,,
18885,2359969.889,5343156.1482,2369969.889,5333156.1482,,
18886,2359969.889,5333156.1482,2369969.889,5323156.1482,,
18887,2359969.889,5323156.1482,2369969.889,5313156.1482,,
18888,2359969.889,5313156.1482,2369969.889,5303156.1482,,
18889,2359969.889,5303156.1482,2369969.889,5293156.1482,,
18890,2359969.889,5293156.1482,2369969.889,5283156.1482,,
18891,2359969.889,5283156.1482,2369969.889,5273156.1482,,
18892,2359969.889,5273156.1482,2369969.889,5263156.1482,,
18893,2359969.889,5263156.1482,2369969.889,5253156.1482,,
18894,2359969.889,5253156.1482,2369969.889,5243156.1482,,
18895,2359969.889,5243156.1482,2369969.889,5233156.1482,,
18896,2359969.889,5233156.1482,2369969.889,5223156.1482,,
18897,2359969.889,5223156.1482,2369969.889,5213156.1482,,
18898,2359969.889,5213156.1482,2369969.889,5203156.1482,,
18899,2359969.889,5203156.1482,2369969.889,5193156.1482,,
18900,2359969.889,5193156.1482,2369969.889,5183156.1482,,
18901,2359969.889,5183156.1482,2369969.889,5173156.1482,,
18902,2359969.889,5173156.1482,2369969.889,5163156.1482,,
18903,2359969.889,5163156.1482,2369969.889,5153156.1482,,
18904,2359969.889,5153156.1482,2369969.889,5143156.1482,,
18905,2359969.889,5143156.1482,2369969.889,5133156.1482,,
18906,2359969.889,5133156.1482,2369969.889,5123156.1482,,
18907,2359969.889,5123156.1482,2369969.889,5113156.1482,,
18908,2359969.889,5113156.1482,2369969.889,5103156.1482,,
18909,2359969.889,5103156.1482,2369969.889,5093156.1482,,
18910,2359969.889,5093156.1482,2369969.889,5083156.1482,,
18911,2359969.889,5083156.1482,2369969.889,5073156.1482,,
18912,2359969.889,5073156.1482,2369969.889,5063156.1482,,
18913,2359969.889,5063156.1482,2369969.889,5053156.1482,,
18914,2359969.889,5053156.1482,2369969.889,5043156.1482,,
18915,2359969.889,5043156.1482,2369969.889,5033156.1482,,
18916,2359969.889,5033156.1482,2369969.889,5023156.1482,,
18917,2359969.889,5023156.1482,2369969.889,5013156.1482,,
18918,2359969.889,5013156.1482,2369969.889,5003156.1482,,
18919,2359969.889,5003156.1482,2369969.889,4993156.1482,,
18920,2359969.889,4993156.1482,2369969.889,4983156.1482,,
18921,2359969.889,4983156.1482,2369969.889,4973156.1482,,
18922,2359969.889,4973156.1482,2369969.889,4963156.1482,,
18923,2359969.889,4963156.1482,2369969.889,4953156.1482,,
18924,2359969.889,4953156.1482,2369969.889,4943156.1482,,
18925,2359969.889,4943156.1482,2369969.889,4933156.1482,,
18926,2359969.889,4933156.1482,2369969.889,4923156.1482,,
18927,2359969.889,4923156.1482,2369969.889,4913156.1482,,
18928,2359969.889,4913156.1482,2369969.889,4903156.1482,,
18929,2359969.889,4903156.1482,2369969.889,4893156.1482,,
18930,2359969.889,4893156.1482,2369969.889,4883156.1482,,
18931,2359969.889,4883156.1482,2369969.889,4873156.1482,,
18932,2359969.889,4873156.1482,2369969.889,4863156.1482,,
18933,2359969.889,4863156.1482,2369969.889,4853156.1482,,
18934,2359969.889,4853156.1482,2369969.889,4843156.1482,,
18935,2359969.889,4843156.1482,2369969.889,4833156.1482,,
18936,2359969.889,4833156.1482,2369969.889,4823156.1482,,
18937,2359969.889,4823156.1482,2369969.889,4813156.1482,,
18938,2359969.889,4813156.1482,2369969.889,4803156.1482,,
18939,2359969.889,4803156.1482,2369969.889,4793156.1482,,
18940,2359969.889,4793156.1482,2369969.889,4783156.1482,,
18941,2359969.889,4783156.1482,2369969.889,4773156.1482,,
18942,2359969.889,4773156.1482,2369969.889,4763156.1482,,
18943,2359969.889,4763156.1482,2369969.889,4753156.1482,,
18944,2359969.889,4753156.1482,2369969.889,4743156.1482,,
18945,2369969.889,6223156.1482,2379969.889,6213156.1482,,
18946,2369969.889,6213156.1482,2379969.889,6203156.1482,,
18947,2369969.889,6203156.1482,2379969.889,6193156.1482,,
18948,2369969.889,6193156.1482,2379969.889,6183156.1482,,
18949,2369969.889,6183156.1482,2379969.889,6173156.1482,,
18950,2369969.889,6173156.1482,2379969.889,6163156.1482,,
18951,2369969.889,6163156.1482,2379969.889,6153156.1482,,
18952,2369969.889,6153156.1482,2379969.889,6143156.1482,,
18953,2369969.889,6143156.1482,2379969.889,6133156.1482,,
18954,2369969.889,6133156.1482,2379969.889,6123156.1482,,
18955,2369969.889,6123156.1482,2379969.889,6113156.1482,,
18956,2369969.889,6113156.1482,2379969.889,6103156.1482,,
18957,2369969.889,6103156.1482,2379969.889,6093156.1482,,
18958,2369969.889,6093156.1482,2379969.889,6083156.1482,,
18959,2369969.889,6083156.1482,2379969.889,6073156.1482,,
18960,2369969.889,6073156.1482,2379969.889,6063156.1482,,
18961,2369969.889,6063156.1482,2379969.889,6053156.1482,,
18962,2369969.889,6053156.1482,2379969.889,6043156.1482,,
18963,2369969.889,6043156.1482,2379969.889,6033156.1482,,
18964,2369969.889,6033156.1482,2379969.889,6023156.1482,,
18965,2369969.889,6023156.1482,2379969.889,6013156.1482,,
18966,2369969.889,6013156.1482,2379969.889,6003156.1482,,
18967,2369969.889,6003156.1482,2379969.889,5993156.1482,,
18968,2369969.889,5993156.1482,2379969.889,5983156.1482,,
18969,2369969.889,5983156.1482,2379969.889,5973156.1482,,
18970,2369969.889,5973156.1482,2379969.889,5963156.1482,,
18971,2369969.889,5963156.1482,2379969.889,5953156.1482,,
18972,2369969.889,5953156.1482,2379969.889,5943156.1482,,
18973,2369969.889,5943156.1482,2379969.889,5933156.1482,,
18974,2369969.889,5933156.1482,2379969.889,5923156.1482,,
18975,2369969.889,5923156.1482,2379969.889,5913156.1482,,
18976,2369969.889,5913156.1482,2379969.889,5903156.1482,,
18977,2369969.889,5903156.1482,2379969.889,5893156.1482,,
18978,2369969.889,5893156.1482,2379969.889,5883156.1482,,
18979,2369969.889,5883156.1482,2379969.889,5873156.1482,,
18980,2369969.889,5873156.1482,2379969.889,5863156.1482,,
18981,2369969.889,5863156.1482,2379969.889,5853156.1482,,
18982,2369969.889,5853156.1482,2379969.889,5843156.1482,,
18983,2369969.889,5843156.1482,2379969.889,5833156.1482,,
18984,2369969.889,5833156.1482,2379969.889,5823156.1482,,
18985,2369969.889,5823156.1482,2379969.889,5813156.1482,,
18986,2369969.889,5813156.1482,2379969.889,5803156.1482,,
18987,2369969.889,5803156.1482,2379969.889,5793156.1482,,
18988,2369969.889,5793156.1482,2379969.889,5783156.1482,,
18989,2369969.889,5783156.1482,2379969.889,5773156.1482,,
18990,2369969.889,5773156.1482,2379969.889,5763156.1482,,
18991,2369969.889,5763156.1482,2379969.889,5753156.1482,,
18992,2369969.889,5753156.1482,2379969.889,5743156.1482,,
18993,2369969.889,5743156.1482,2379969.889,5733156.1482,,
18994,2369969.889,5733156.1482,2379969.889,5723156.1482,,
18995,2369969.889,5723156.1482,2379969.889,5713156.1482,,
18996,2369969.889,5713156.1482,2379969.889,5703156.1482,,
18997,2369969.889,5703156.1482,2379969.889,5693156.1482,,
18998,2369969.889,5693156.1482,2379969.889,5683156.1482,,
18999,2369969.889,5683156.1482,2379969.889,5673156.1482,,
19000,2369969.889,5673156.1482,2379969.889,5663156.1482,,
19001,2369969.889,5663156.1482,2379969.889,5653156.1482,,
19002,2369969.889,5653156.1482,2379969.889,5643156.1482,,
19003,2369969.889,5643156.1482,2379969.889,5633156.1482,,
19004,2369969.889,5633156.1482,2379969.889,5623156.1482,,
19005,2369969.889,5623156.1482,2379969.889,5613156.1482,,
19006,2369969.889,5613156.1482,2379969.889,5603156.1482,,
19007,2369969.889,5603156.1482,2379969.889,5593156.1482,,
19008,2369969.889,5593156.1482,2379969.889,5583156.1482,,
19009,2369969.889,5583156.1482,2379969.889,5573156.1482,,
19010,2369969.889,5573156.1482,2379969.889,5563156.1482,,
19011,2369969.889,5563156.1482,2379969.889,5553156.1482,,
19012,2369969.889,5553156.1482,2379969.889,5543156.1482,,
19013,2369969.889,5543156.1482,2379969.889,5533156.1482,,
19014,2369969.889,5533156.1482,2379969.889,5523156.1482,,
19015,2369969.889,5523156.1482,2379969.889,5513156.1482,,
19016,2369969.889,5513156.1482,2379969.889,5503156.1482,,
19017,2369969.889,5503156.1482,2379969.889,5493156.1482,,
19018,2369969.889,5493156.1482,2379969.889,5483156.1482,,
19019,2369969.889,5483156.1482,2379969.889,5473156.1482,,
19020,2369969.889,5473156.1482,2379969.889,5463156.1482,,
19021,2369969.889,5463156.1482,2379969.889,5453156.1482,,
19022,2369969.889,5453156.1482,2379969.889,5443156.1482,,
19023,2369969.889,5443156.1482,2379969.889,5433156.1482,,
19024,2369969.889,5433156.1482,2379969.889,5423156.1482,,
19025,2369969.889,5423156.1482,2379969.889,5413156.1482,,
19026,2369969.889,5413156.1482,2379969.889,5403156.1482,,
19027,2369969.889,5403156.1482,2379969.889,5393156.1482,,
19028,2369969.889,5393156.1482,2379969.889,5383156.1482,,
19029,2369969.889,5383156.1482,2379969.889,5373156.1482,,
19030,2369969.889,5373156.1482,2379969.889,5363156.1482,,
19031,2369969.889,5363156.1482,2379969.889,5353156.1482,,
19032,2369969.889,5353156.1482,2379969.889,5343156.1482,,
19033,2369969.889,5343156.1482,2379969.889,5333156.1482,,
19034,2369969.889,5333156.1482,2379969.889,5323156.1482,,
19035,2369969.889,5323156.1482,2379969.889,5313156.1482,,
19036,2369969.889,5313156.1482,2379969.889,5303156.1482,,
19037,2369969.889,5303156.1482,2379969.889,5293156.1482,,
19038,2369969.889,5293156.1482,2379969.889,5283156.1482,,
19039,2369969.889,5283156.1482,2379969.889,5273156.1482,,
19040,2369969.889,5273156.1482,2379969.889,5263156.1482,,
19041,2369969.889,5263156.1482,2379969.889,5253156.1482,,
19042,2369969.889,5253156.1482,2379969.889,5243156.1482,,
19043,2369969.889,5243156.1482,2379969.889,5233156.1482,,
19044,2369969.889,5233156.1482,2379969.889,5223156.1482,,
19045,2369969.889,5223156.1482,2379969.889,5213156.1482,,
19046,2369969.889,5213156.1482,2379969.889,5203156.1482,,
19047,2369969.889,5203156.1482,2379969.889,5193156.1482,,
19048,2369969.889,5193156.1482,2379969.889,5183156.1482,,
19049,2369969.889,5183156.1482,2379969.889,5173156.1482,,
19050,2369969.889,5173156.1482,2379969.889,5163156.1482,,
19051,2369969.889,5163156.1482,2379969.889,5153156.1482,,
19052,2369969.889,5153156.1482,2379969.889,5143156.1482,,
19053,2369969.889,5143156.1482,2379969.889,5133156.1482,,
19054,2369969.889,5133156.1482,2379969.889,5123156.1482,,
19055,2369969.889,5123156.1482,2379969.889,5113156.1482,,
19056,2369969.889,5113156.1482,2379969.889,5103156.1482,,
19057,2369969.889,5103156.1482,2379969.889,5093156.1482,,
19058,2369969.889,5093156.1482,2379969.889,5083156.1482,,
19059,2369969.889,5083156.1482,2379969.889,5073156.1482,,
19060,2369969.889,5073156.1482,2379969.889,5063156.1482,,
19061,2369969.889,5063156.1482,2379969.889,5053156.1482,,
19062,2369969.889,5053156.1482,2379969.889,5043156.1482,,
19063,2369969.889,5043156.1482,2379969.889,5033156.1482,,
19064,2369969.889,5033156.1482,2379969.889,5023156.1482,,
19065,2369969.889,5023156.1482,2379969.889,5013156.1482,,
19066,2369969.889,5013156.1482,2379969.889,5003156.1482,,
19067,2369969.889,5003156.1482,2379969.889,4993156.1482,,
19068,2369969.889,4993156.1482,2379969.889,4983156.1482,,
19069,2369969.889,4983156.1482,2379969.889,4973156.1482,,
19070,2369969.889,4973156.1482,2379969.889,4963156.1482,,
19071,2369969.889,4963156.1482,2379969.889,4953156.1482,,
19072,2369969.889,4953156.1482,2379969.889,4943156.1482,,
19073,2369969.889,4943156.1482,2379969.889,4933156.1482,,
19074,2369969.889,4933156.1482,2379969.889,4923156.1482,,
19075,2369969.889,4923156.1482,2379969.889,4913156.1482,,
19076,2369969.889,4913156.1482,2379969.889,4903156.1482,,
19077,2369969.889,4903156.1482,2379969.889,4893156.1482,,
19078,2369969.889,4893156.1482,2379969.889,4883156.1482,,
19079,2369969.889,4883156.1482,2379969.889,4873156.1482,,
19080,2369969.889,4873156.1482,2379969.889,4863156.1482,,
19081,2369969.889,4863156.1482,2379969.889,4853156.1482,,
19082,2369969.889,4853156.1482,2379969.889,4843156.1482,,
19083,2369969.889,4843156.1482,2379969.889,4833156.1482,,
19084,2369969.889,4833156.1482,2379969.889,4823156.1482,,
19085,2369969.889,4823156.1482,2379969.889,4813156.1482,,
19086,2369969.889,4813156.1482,2379969.889,4803156.1482,,
19087,2369969.889,4803156.1482,2379969.889,4793156.1482,,
19088,2369969.889,4793156.1482,2379969.889,4783156.1482,,
19089,2369969.889,4783156.1482,2379969.889,4773156.1482,,
19090,2369969.889,4773156.1482,2379969.889,4763156.1482,,
19091,2369969.889,4763156.1482,2379969.889,4753156.1482,,
19092,2369969.889,4753156.1482,2379969.889,4743156.1482,,
19093,2379969.889,6223156.1482,2389969.889,6213156.1482,,
19094,2379969.889,6213156.1482,2389969.889,6203156.1482,,
19095,2379969.889,6203156.1482,2389969.889,6193156.1482,,
19096,2379969.889,6193156.1482,2389969.889,6183156.1482,,
19097,2379969.889,6183156.1482,2389969.889,6173156.1482,,
19098,2379969.889,6173156.1482,2389969.889,6163156.1482,,
19099,2379969.889,6163156.1482,2389969.889,6153156.1482,,
19100,2379969.889,6153156.1482,2389969.889,6143156.1482,,
19101,2379969.889,6143156.1482,2389969.889,6133156.1482,,
19102,2379969.889,6133156.1482,2389969.889,6123156.1482,,
19103,2379969.889,6123156.1482,2389969.889,6113156.1482,,
19104,2379969.889,6113156.1482,2389969.889,6103156.1482,,
19105,2379969.889,6103156.1482,2389969.889,6093156.1482,,
19106,2379969.889,6093156.1482,2389969.889,6083156.1482,,
19107,2379969.889,6083156.1482,2389969.889,6073156.1482,,
19108,2379969.889,6073156.1482,2389969.889,6063156.1482,,
19109,2379969.889,6063156.1482,2389969.889,6053156.1482,,
19110,2379969.889,6053156.1482,2389969.889,6043156.1482,,
19111,2379969.889,6043156.1482,2389969.889,6033156.1482,,
19112,2379969.889,6033156.1482,2389969.889,6023156.1482,,
19113,2379969.889,6023156.1482,2389969.889,6013156.1482,,
19114,2379969.889,6013156.1482,2389969.889,6003156.1482,,
19115,2379969.889,6003156.1482,2389969.889,5993156.1482,,
19116,2379969.889,5993156.1482,2389969.889,5983156.1482,,
19117,2379969.889,5983156.1482,2389969.889,5973156.1482,,
19118,2379969.889,5973156.1482,2389969.889,5963156.1482,,
19119,2379969.889,5963156.1482,2389969.889,5953156.1482,,
19120,2379969.889,5953156.1482,2389969.889,5943156.1482,,
19121,2379969.889,5943156.1482,2389969.889,5933156.1482,,
19122,2379969.889,5933156.1482,2389969.889,5923156.1482,,
19123,2379969.889,5923156.1482,2389969.889,5913156.1482,,
19124,2379969.889,5913156.1482,2389969.889,5903156.1482,,
19125,2379969.889,5903156.1482,2389969.889,5893156.1482,,
19126,2379969.889,5893156.1482,2389969.889,5883156.1482,,
19127,2379969.889,5883156.1482,2389969.889,5873156.1482,,
19128,2379969.889,5873156.1482,2389969.889,5863156.1482,,
19129,2379969.889,5863156.1482,2389969.889,5853156.1482,,
19130,2379969.889,5853156.1482,2389969.889,5843156.1482,,
19131,2379969.889,5843156.1482,2389969.889,5833156.1482,,
19132,2379969.889,5833156.1482,2389969.889,5823156.1482,,
19133,2379969.889,5823156.1482,2389969.889,5813156.1482,,
19134,2379969.889,5813156.1482,2389969.889,5803156.1482,,
19135,2379969.889,5803156.1482,2389969.889,5793156.1482,,
19136,2379969.889,5793156.1482,2389969.889,5783156.1482,,
19137,2379969.889,5783156.1482,2389969.889,5773156.1482,,
19138,2379969.889,5773156.1482,2389969.889,5763156.1482,,
19139,2379969.889,5763156.1482,2389969.889,5753156.1482,,
19140,2379969.889,5753156.1482,2389969.889,5743156.1482,,
19141,2379969.889,5743156.1482,2389969.889,5733156.1482,,
19142,2379969.889,5733156.1482,2389969.889,5723156.1482,,
19143,2379969.889,5723156.1482,2389969.889,5713156.1482,,
19144,2379969.889,5713156.1482,2389969.889,5703156.1482,,
19145,2379969.889,5703156.1482,2389969.889,5693156.1482,,
19146,2379969.889,5693156.1482,2389969.889,5683156.1482,,
19147,2379969.889,5683156.1482,2389969.889,5673156.1482,,
19148,2379969.889,5673156.1482,2389969.889,5663156.1482,,
19149,2379969.889,5663156.1482,2389969.889,5653156.1482,,
19150,2379969.889,5653156.1482,2389969.889,5643156.1482,,
19151,2379969.889,5643156.1482,2389969.889,5633156.1482,,
19152,2379969.889,5633156.1482,2389969.889,5623156.1482,,
19153,2379969.889,5623156.1482,2389969.889,5613156.1482,,
19154,2379969.889,5613156.1482,2389969.889,5603156.1482,,
19155,2379969.889,5603156.1482,2389969.889,5593156.1482,,
19156,2379969.889,5593156.1482,2389969.889,5583156.1482,,
19157,2379969.889,5583156.1482,2389969.889,5573156.1482,,
19158,2379969.889,5573156.1482,2389969.889,5563156.1482,,
19159,2379969.889,5563156.1482,2389969.889,5553156.1482,,
19160,2379969.889,5553156.1482,2389969.889,5543156.1482,,
19161,2379969.889,5543156.1482,2389969.889,5533156.1482,,
19162,2379969.889,5533156.1482,2389969.889,5523156.1482,,
19163,2379969.889,5523156.1482,2389969.889,5513156.1482,,
19164,2379969.889,5513156.1482,2389969.889,5503156.1482,,
19165,2379969.889,5503156.1482,2389969.889,5493156.1482,,
19166,2379969.889,5493156.1482,2389969.889,5483156.1482,,
19167,2379969.889,5483156.1482,2389969.889,5473156.1482,,
19168,2379969.889,5473156.1482,2389969.889,5463156.1482,,
19169,2379969.889,5463156.1482,2389969.889,5453156.1482,,
19170,2379969.889,5453156.1482,2389969.889,5443156.1482,,
19171,2379969.889,5443156.1482,2389969.889,5433156.1482,,
19172,2379969.889,5433156.1482,2389969.889,5423156.1482,,
19173,2379969.889,5423156.1482,2389969.889,5413156.1482,,
19174,2379969.889,5413156.1482,2389969.889,5403156.1482,,
19175,2379969.889,5403156.1482,2389969.889,5393156.1482,,
19176,2379969.889,5393156.1482,2389969.889,5383156.1482,,
19177,2379969.889,5383156.1482,2389969.889,5373156.1482,,
19178,2379969.889,5373156.1482,2389969.889,5363156.1482,,
19179,2379969.889,5363156.1482,2389969.889,5353156.1482,,
19180,2379969.889,5353156.1482,2389969.889,5343156.1482,,
19181,2379969.889,5343156.1482,2389969.889,5333156.1482,,
19182,2379969.889,5333156.1482,2389969.889,5323156.1482,,
19183,2379969.889,5323156.1482,2389969.889,5313156.1482,,
19184,2379969.889,5313156.1482,2389969.889,5303156.1482,,
19185,2379969.889,5303156.1482,2389969.889,5293156.1482,,
19186,2379969.889,5293156.1482,2389969.889,5283156.1482,,
19187,2379969.889,5283156.1482,2389969.889,5273156.1482,,
19188,2379969.889,5273156.1482,2389969.889,5263156.1482,,
19189,2379969.889,5263156.1482,2389969.889,5253156.1482,,
19190,2379969.889,5253156.1482,2389969.889,5243156.1482,,
19191,2379969.889,5243156.1482,2389969.889,5233156.1482,,
19192,2379969.889,5233156.1482,2389969.889,5223156.1482,,
19193,2379969.889,5223156.1482,2389969.889,5213156.1482,,
19194,2379969.889,5213156.1482,2389969.889,5203156.1482,,
19195,2379969.889,5203156.1482,2389969.889,5193156.1482,,
19196,2379969.889,5193156.1482,2389969.889,5183156.1482,,
19197,2379969.889,5183156.1482,2389969.889,5173156.1482,,
19198,2379969.889,5173156.1482,2389969.889,5163156.1482,,
19199,2379969.889,5163156.1482,2389969.889,5153156.1482,,
19200,2379969.889,5153156.1482,2389969.889,5143156.1482,,
19201,2379969.889,5143156.1482,2389969.889,5133156.1482,,
19202,2379969.889,5133156.1482,2389969.889,5123156.1482,,
19203,2379969.889,5123156.1482,2389969.889,5113156.1482,,
19204,2379969.889,5113156.1482,2389969.889,5103156.1482,,
19205,2379969.889,5103156.1482,2389969.889,5093156.1482,,
19206,2379969.889,5093156.1482,2389969.889,5083156.1482,,
19207,2379969.889,5083156.1482,2389969.889,5073156.1482,,
19208,2379969.889,5073156.1482,2389969.889,5063156.1482,,
19209,2379969.889,5063156.1482,2389969.889,5053156.1482,,
19210,2379969.889,5053156.1482,2389969.889,5043156.1482,,
19211,2379969.889,5043156.1482,2389969.889,5033156.1482,,
19212,2379969.889,5033156.1482,2389969.889,5023156.1482,,
19213,2379969.889,5023156.1482,2389969.889,5013156.1482,,
19214,2379969.889,5013156.1482,2389969.889,5003156.1482,,
19215,2379969.889,5003156.1482,2389969.889,4993156.1482,,
19216,2379969.889,4993156.1482,2389969.889,4983156.1482,,
19217,2379969.889,4983156.1482,2389969.889,4973156.1482,,
19218,2379969.889,4973156.1482,2389969.889,4963156.1482,,
19219,2379969.889,4963156.1482,2389969.889,4953156.1482,,
19220,2379969.889,4953156.1482,2389969.889,4943156.1482,,
19221,2379969.889,4943156.1482,2389969.889,4933156.1482,,
19222,2379969.889,4933156.1482,2389969.889,4923156.1482,,
19223,2379969.889,4923156.1482,2389969.889,4913156.1482,,
19224,2379969.889,4913156.1482,2389969.889,4903156.1482,,
19225,2379969.889,4903156.1482,2389969.889,4893156.1482,,
19226,2379969.889,4893156.1482,2389969.889,4883156.1482,,
19227,2379969.889,4883156.1482,2389969.889,4873156.1482,,
19228,2379969.889,4873156.1482,2389969.889,4863156.1482,,
19229,2379969.889,4863156.1482,2389969.889,4853156.1482,,
19230,2379969.889,4853156.1482,2389969.889,4843156.1482,,
19231,2379969.889,4843156.1482,2389969.889,4833156.1482,,
19232,2379969.889,4833156.1482,2389969.889,4823156.1482,,
19233,2379969.889,4823156.1482,2389969.889,4813156.1482,,
19234,2379969.889,4813156.1482,2389969.889,4803156.1482,,
19235,2379969.889,4803156.1482,2389969.889,4793156.1482,,
19236,2379969.889,4793156.1482,2389969.889,4783156.1482,,
19237,2379969.889,4783156.1482,2389969.889,4773156.1482,,
19238,2379969.889,4773156.1482,2389969.889,4763156.1482,,
19239,2379969.889,4763156.1482,2389969.889,4753156.1482,,
19240,2379969.889,4753156.1482,2389969.889,4743156.1482,,
19241,2389969.889,6223156.1482,2399969.889,6213156.1482,,
19242,2389969.889,6213156.1482,2399969.889,6203156.1482,,
19243,2389969.889,6203156.1482,2399969.889,6193156.1482,,
19244,2389969.889,6193156.1482,2399969.889,6183156.1482,,
19245,2389969.889,6183156.1482,2399969.889,6173156.1482,,
19246,2389969.889,6173156.1482,2399969.889,6163156.1482,,
19247,2389969.889,6163156.1482,2399969.889,6153156.1482,,
19248,2389969.889,6153156.1482,2399969.889,6143156.1482,,
19249,2389969.889,6143156.1482,2399969.889,6133156.1482,,
19250,2389969.889,6133156.1482,2399969.889,6123156.1482,,
19251,2389969.889,6123156.1482,2399969.889,6113156.1482,,
19252,2389969.889,6113156.1482,2399969.889,6103156.1482,,
19253,2389969.889,6103156.1482,2399969.889,6093156.1482,,
19254,2389969.889,6093156.1482,2399969.889,6083156.1482,,
19255,2389969.889,6083156.1482,2399969.889,6073156.1482,,
19256,2389969.889,6073156.1482,2399969.889,6063156.1482,,
19257,2389969.889,6063156.1482,2399969.889,6053156.1482,,
19258,2389969.889,6053156.1482,2399969.889,6043156.1482,,
19259,2389969.889,6043156.1482,2399969.889,6033156.1482,,
19260,2389969.889,6033156.1482,2399969.889,6023156.1482,,
19261,2389969.889,6023156.1482,2399969.889,6013156.1482,,
19262,2389969.889,6013156.1482,2399969.889,6003156.1482,,
19263,2389969.889,6003156.1482,2399969.889,5993156.1482,,
19264,2389969.889,5993156.1482,2399969.889,5983156.1482,,
19265,2389969.889,5983156.1482,2399969.889,5973156.1482,,
19266,2389969.889,5973156.1482,2399969.889,5963156.1482,,
19267,2389969.889,5963156.1482,2399969.889,5953156.1482,,
19268,2389969.889,5953156.1482,2399969.889,5943156.1482,,
19269,2389969.889,5943156.1482,2399969.889,5933156.1482,,
19270,2389969.889,5933156.1482,2399969.889,5923156.1482,,
19271,2389969.889,5923156.1482,2399969.889,5913156.1482,,
19272,2389969.889,5913156.1482,2399969.889,5903156.1482,,
19273,2389969.889,5903156.1482,2399969.889,5893156.1482,,
19274,2389969.889,5893156.1482,2399969.889,5883156.1482,,
19275,2389969.889,5883156.1482,2399969.889,5873156.1482,,
19276,2389969.889,5873156.1482,2399969.889,5863156.1482,,
19277,2389969.889,5863156.1482,2399969.889,5853156.1482,,
19278,2389969.889,5853156.1482,2399969.889,5843156.1482,,
19279,2389969.889,5843156.1482,2399969.889,5833156.1482,,
19280,2389969.889,5833156.1482,2399969.889,5823156.1482,,
19281,2389969.889,5823156.1482,2399969.889,5813156.1482,,
19282,2389969.889,5813156.1482,2399969.889,5803156.1482,,
19283,2389969.889,5803156.1482,2399969.889,5793156.1482,,
19284,2389969.889,5793156.1482,2399969.889,5783156.1482,,
19285,2389969.889,5783156.1482,2399969.889,5773156.1482,,
19286,2389969.889,5773156.1482,2399969.889,5763156.1482,,
19287,2389969.889,5763156.1482,2399969.889,5753156.1482,,
19288,2389969.889,5753156.1482,2399969.889,5743156.1482,,
19289,2389969.889,5743156.1482,2399969.889,5733156.1482,,
19290,2389969.889,5733156.1482,2399969.889,5723156.1482,,
19291,2389969.889,5723156.1482,2399969.889,5713156.1482,,
19292,2389969.889,5713156.1482,2399969.889,5703156.1482,,
19293,2389969.889,5703156.1482,2399969.889,5693156.1482,,
19294,2389969.889,5693156.1482,2399969.889,5683156.1482,,
19295,2389969.889,5683156.1482,2399969.889,5673156.1482,,
19296,2389969.889,5673156.1482,2399969.889,5663156.1482,,
19297,2389969.889,5663156.1482,2399969.889,5653156.1482,,
19298,2389969.889,5653156.1482,2399969.889,5643156.1482,,
19299,2389969.889,5643156.1482,2399969.889,5633156.1482,,
19300,2389969.889,5633156.1482,2399969.889,5623156.1482,,
19301,2389969.889,5623156.1482,2399969.889,5613156.1482,,
19302,2389969.889,5613156.1482,2399969.889,5603156.1482,,
19303,2389969.889,5603156.1482,2399969.889,5593156.1482,,
19304,2389969.889,5593156.1482,2399969.889,5583156.1482,,
19305,2389969.889,5583156.1482,2399969.889,5573156.1482,,
19306,2389969.889,5573156.1482,2399969.889,5563156.1482,,
19307,2389969.889,5563156.1482,2399969.889,5553156.1482,,
19308,2389969.889,5553156.1482,2399969.889,5543156.1482,,
19309,2389969.889,5543156.1482,2399969.889,5533156.1482,,
19310,2389969.889,5533156.1482,2399969.889,5523156.1482,,
19311,2389969.889,5523156.1482,2399969.889,5513156.1482,,
19312,2389969.889,5513156.1482,2399969.889,5503156.1482,,
19313,2389969.889,5503156.1482,2399969.889,5493156.1482,,
19314,2389969.889,5493156.1482,2399969.889,5483156.1482,,
19315,2389969.889,5483156.1482,2399969.889,5473156.1482,,
19316,2389969.889,5473156.1482,2399969.889,5463156.1482,,
19317,2389969.889,5463156.1482,2399969.889,5453156.1482,,
19318,2389969.889,5453156.1482,2399969.889,5443156.1482,,
19319,2389969.889,5443156.1482,2399969.889,5433156.1482,,
19320,2389969.889,5433156.1482,2399969.889,5423156.1482,,
19321,2389969.889,5423156.1482,2399969.889,5413156.1482,,
19322,2389969.889,5413156.1482,2399969.889,5403156.1482,,
19323,2389969.889,5403156.1482,2399969.889,5393156.1482,,
19324,2389969.889,5393156.1482,2399969.889,5383156.1482,,
19325,2389969.889,5383156.1482,2399969.889,5373156.1482,,
19326,2389969.889,5373156.1482,2399969.889,5363156.1482,,
19327,2389969.889,5363156.1482,2399969.889,5353156.1482,,
19328,2389969.889,5353156.1482,2399969.889,5343156.1482,,
19329,2389969.889,5343156.1482,2399969.889,5333156.1482,,
19330,2389969.889,5333156.1482,2399969.889,5323156.1482,,
19331,2389969.889,5323156.1482,2399969.889,5313156.1482,,
19332,2389969.889,5313156.1482,2399969.889,5303156.1482,,
19333,2389969.889,5303156.1482,2399969.889,5293156.1482,,
19334,2389969.889,5293156.1482,2399969.889,5283156.1482,,
19335,2389969.889,5283156.1482,2399969.889,5273156.1482,,
19336,2389969.889,5273156.1482,2399969.889,5263156.1482,,
19337,2389969.889,5263156.1482,2399969.889,5253156.1482,,
19338,2389969.889,5253156.1482,2399969.889,5243156.1482,,
19339,2389969.889,5243156.1482,2399969.889,5233156.1482,,
19340,2389969.889,5233156.1482,2399969.889,5223156.1482,,
19341,2389969.889,5223156.1482,2399969.889,5213156.1482,,
19342,2389969.889,5213156.1482,2399969.889,5203156.1482,,
19343,2389969.889,5203156.1482,2399969.889,5193156.1482,,
19344,2389969.889,5193156.1482,2399969.889,5183156.1482,,
19345,2389969.889,5183156.1482,2399969.889,5173156.1482,,
19346,2389969.889,5173156.1482,2399969.889,5163156.1482,,
19347,2389969.889,5163156.1482,2399969.889,5153156.1482,,
19348,2389969.889,5153156.1482,2399969.889,5143156.1482,,
19349,2389969.889,5143156.1482,2399969.889,5133156.1482,,
19350,2389969.889,5133156.1482,2399969.889,5123156.1482,,
19351,2389969.889,5123156.1482,2399969.889,5113156.1482,,
19352,2389969.889,5113156.1482,2399969.889,5103156.1482,,
19353,2389969.889,5103156.1482,2399969.889,5093156.1482,,
19354,2389969.889,5093156.1482,2399969.889,5083156.1482,,
19355,2389969.889,5083156.1482,2399969.889,5073156.1482,,
19356,2389969.889,5073156.1482,2399969.889,5063156.1482,,
19357,2389969.889,5063156.1482,2399969.889,5053156.1482,,
19358,2389969.889,5053156.1482,2399969.889,5043156.1482,,
19359,2389969.889,5043156.1482,2399969.889,5033156.1482,,
19360,2389969.889,5033156.1482,2399969.889,5023156.1482,,
19361,2389969.889,5023156.1482,2399969.889,5013156.1482,,
19362,2389969.889,5013156.1482,2399969.889,5003156.1482,,
19363,2389969.889,5003156.1482,2399969.889,4993156.1482,,
19364,2389969.889,4993156.1482,2399969.889,4983156.1482,,
19365,2389969.889,4983156.1482,2399969.889,4973156.1482,,
19366,2389969.889,4973156.1482,2399969.889,4963156.1482,,
19367,2389969.889,4963156.1482,2399969.889,4953156.1482,,
19368,2389969.889,4953156.1482,2399969.889,4943156.1482,,
19369,2389969.889,4943156.1482,2399969.889,4933156.1482,,
19370,2389969.889,4933156.1482,2399969.889,4923156.1482,,
19371,2389969.889,4923156.1482,2399969.889,4913156.1482,,
19372,2389969.889,4913156.1482,2399969.889,4903156.1482,,
19373,2389969.889,4903156.1482,2399969.889,4893156.1482,,
19374,2389969.889,4893156.1482,2399969.889,4883156.1482,,
19375,2389969.889,4883156.1482,2399969.889,4873156.1482,,
19376,2389969.889,4873156.1482,2399969.889,4863156.1482,,
19377,2389969.889,4863156.1482,2399969.889,4853156.1482,,
19378,2389969.889,4853156.1482,2399969.889,4843156.1482,,
19379,2389969.889,4843156.1482,2399969.889,4833156.1482,,
19380,2389969.889,4833156.1482,2399969.889,4823156.1482,,
19381,2389969.889,4823156.1482,2399969.889,4813156.1482,,
19382,2389969.889,4813156.1482,2399969.889,4803156.1482,,
19383,2389969.889,4803156.1482,2399969.889,4793156.1482,,
19384,2389969.889,4793156.1482,2399969.889,4783156.1482,,
19385,2389969.889,4783156.1482,2399969.889,4773156.1482,,
19386,2389969.889,4773156.1482,2399969.889,4763156.1482,,
19387,2389969.889,4763156.1482,2399969.889,4753156.1482,,
19388,2389969.889,4753156.1482,2399969.889,4743156.1482,,
19389,2399969.889,6223156.1482,2409969.889,6213156.1482,,
19390,2399969.889,6213156.1482,2409969.889,6203156.1482,,
19391,2399969.889,6203156.1482,2409969.889,6193156.1482,,
19392,2399969.889,6193156.1482,2409969.889,6183156.1482,,
19393,2399969.889,6183156.1482,2409969.889,6173156.1482,,
19394,2399969.889,6173156.1482,2409969.889,6163156.1482,,
19395,2399969.889,6163156.1482,2409969.889,6153156.1482,,
19396,2399969.889,6153156.1482,2409969.889,6143156.1482,,
19397,2399969.889,6143156.1482,2409969.889,6133156.1482,,
19398,2399969.889,6133156.1482,2409969.889,6123156.1482,,
19399,2399969.889,6123156.1482,2409969.889,6113156.1482,,
19400,2399969.889,6113156.1482,2409969.889,6103156.1482,,
19401,2399969.889,6103156.1482,2409969.889,6093156.1482,,
19402,2399969.889,6093156.1482,2409969.889,6083156.1482,,
19403,2399969.889,6083156.1482,2409969.889,6073156.1482,,
19404,2399969.889,6073156.1482,2409969.889,6063156.1482,,
19405,2399969.889,6063156.1482,2409969.889,6053156.1482,,
19406,2399969.889,6053156.1482,2409969.889,6043156.1482,,
19407,2399969.889,6043156.1482,2409969.889,6033156.1482,,
19408,2399969.889,6033156.1482,2409969.889,6023156.1482,,
19409,2399969.889,6023156.1482,2409969.889,6013156.1482,,
19410,2399969.889,6013156.1482,2409969.889,6003156.1482,,
19411,2399969.889,6003156.1482,2409969.889,5993156.1482,,
19412,2399969.889,5993156.1482,2409969.889,5983156.1482,,
19413,2399969.889,5983156.1482,2409969.889,5973156.1482,,
19414,2399969.889,5973156.1482,2409969.889,5963156.1482,,
19415,2399969.889,5963156.1482,2409969.889,5953156.1482,,
19416,2399969.889,5953156.1482,2409969.889,5943156.1482,,
19417,2399969.889,5943156.1482,2409969.889,5933156.1482,,
19418,2399969.889,5933156.1482,2409969.889,5923156.1482,,
19419,2399969.889,5923156.1482,2409969.889,5913156.1482,,
19420,2399969.889,5913156.1482,2409969.889,5903156.1482,,
19421,2399969.889,5903156.1482,2409969.889,5893156.1482,,
19422,2399969.889,5893156.1482,2409969.889,5883156.1482,,
19423,2399969.889,5883156.1482,2409969.889,5873156.1482,,
19424,2399969.889,5873156.1482,2409969.889,5863156.1482,,
19425,2399969.889,5863156.1482,2409969.889,5853156.1482,,
19426,2399969.889,5853156.1482,2409969.889,5843156.1482,,
19427,2399969.889,5843156.1482,2409969.889,5833156.1482,,
19428,2399969.889,5833156.1482,2409969.889,5823156.1482,,
19429,2399969.889,5823156.1482,2409969.889,5813156.1482,,
19430,2399969.889,5813156.1482,2409969.889,5803156.1482,,
19431,2399969.889,5803156.1482,2409969.889,5793156.1482,,
19432,2399969.889,5793156.1482,2409969.889,5783156.1482,,
19433,2399969.889,5783156.1482,2409969.889,5773156.1482,,
19434,2399969.889,5773156.1482,2409969.889,5763156.1482,,
19435,2399969.889,5763156.1482,2409969.889,5753156.1482,,
19436,2399969.889,5753156.1482,2409969.889,5743156.1482,,
19437,2399969.889,5743156.1482,2409969.889,5733156.1482,,
19438,2399969.889,5733156.1482,2409969.889,5723156.1482,,
19439,2399969.889,5723156.1482,2409969.889,5713156.1482,,
19440,2399969.889,5713156.1482,2409969.889,5703156.1482,,
19441,2399969.889,5703156.1482,2409969.889,5693156.1482,,
19442,2399969.889,5693156.1482,2409969.889,5683156.1482,,
19443,2399969.889,5683156.1482,2409969.889,5673156.1482,,
19444,2399969.889,5673156.1482,2409969.889,5663156.1482,,
19445,2399969.889,5663156.1482,2409969.889,5653156.1482,,
19446,2399969.889,5653156.1482,2409969.889,5643156.1482,,
19447,2399969.889,5643156.1482,2409969.889,5633156.1482,,
19448,2399969.889,5633156.1482,2409969.889,5623156.1482,,
19449,2399969.889,5623156.1482,2409969.889,5613156.1482,,
19450,2399969.889,5613156.1482,2409969.889,5603156.1482,,
19451,2399969.889,5603156.1482,2409969.889,5593156.1482,,
19452,2399969.889,5593156.1482,2409969.889,5583156.1482,,
19453,2399969.889,5583156.1482,2409969.889,5573156.1482,,
19454,2399969.889,5573156.1482,2409969.889,5563156.1482,,
19455,2399969.889,5563156.1482,2409969.889,5553156.1482,,
19456,2399969.889,5553156.1482,2409969.889,5543156.1482,,
19457,2399969.889,5543156.1482,2409969.889,5533156.1482,,
19458,2399969.889,5533156.1482,2409969.889,5523156.1482,,
19459,2399969.889,5523156.1482,2409969.889,5513156.1482,,
19460,2399969.889,5513156.1482,2409969.889,5503156.1482,,
19461,2399969.889,5503156.1482,2409969.889,5493156.1482,,
19462,2399969.889,5493156.1482,2409969.889,5483156.1482,,
19463,2399969.889,5483156.1482,2409969.889,5473156.1482,,
19464,2399969.889,5473156.1482,2409969.889,5463156.1482,,
19465,2399969.889,5463156.1482,2409969.889,5453156.1482,,
19466,2399969.889,5453156.1482,2409969.889,5443156.1482,,
19467,2399969.889,5443156.1482,2409969.889,5433156.1482,,
19468,2399969.889,5433156.1482,2409969.889,5423156.1482,,
19469,2399969.889,5423156.1482,2409969.889,5413156.1482,,
19470,2399969.889,5413156.1482,2409969.889,5403156.1482,,
19471,2399969.889,5403156.1482,2409969.889,5393156.1482,,
19472,2399969.889,5393156.1482,2409969.889,5383156.1482,,
19473,2399969.889,5383156.1482,2409969.889,5373156.1482,,
19474,2399969.889,5373156.1482,2409969.889,5363156.1482,,
19475,2399969.889,5363156.1482,2409969.889,5353156.1482,,
19476,2399969.889,5353156.1482,2409969.889,5343156.1482,,
19477,2399969.889,5343156.1482,2409969.889,5333156.1482,,
19478,2399969.889,5333156.1482,2409969.889,5323156.1482,,
19479,2399969.889,5323156.1482,2409969.889,5313156.1482,,
19480,2399969.889,5313156.1482,2409969.889,5303156.1482,,
19481,2399969.889,5303156.1482,2409969.889,5293156.1482,,
19482,2399969.889,5293156.1482,2409969.889,5283156.1482,,
19483,2399969.889,5283156.1482,2409969.889,5273156.1482,,
19484,2399969.889,5273156.1482,2409969.889,5263156.1482,,
19485,2399969.889,5263156.1482,2409969.889,5253156.1482,,
19486,2399969.889,5253156.1482,2409969.889,5243156.1482,,
19487,2399969.889,5243156.1482,2409969.889,5233156.1482,,
19488,2399969.889,5233156.1482,2409969.889,5223156.1482,,
19489,2399969.889,5223156.1482,2409969.889,5213156.1482,,
19490,2399969.889,5213156.1482,2409969.889,5203156.1482,,
19491,2399969.889,5203156.1482,2409969.889,5193156.1482,,
19492,2399969.889,5193156.1482,2409969.889,5183156.1482,,
19493,2399969.889,5183156.1482,2409969.889,5173156.1482,,
19494,2399969.889,5173156.1482,2409969.889,5163156.1482,,
19495,2399969.889,5163156.1482,2409969.889,5153156.1482,,
19496,2399969.889,5153156.1482,2409969.889,5143156.1482,,
19497,2399969.889,5143156.1482,2409969.889,5133156.1482,,
19498,2399969.889,5133156.1482,2409969.889,5123156.1482,,
19499,2399969.889,5123156.1482,2409969.889,5113156.1482,,
19500,2399969.889,5113156.1482,2409969.889,5103156.1482,,
19501,2399969.889,5103156.1482,2409969.889,5093156.1482,,
19502,2399969.889,5093156.1482,2409969.889,5083156.1482,,
19503,2399969.889,5083156.1482,2409969.889,5073156.1482,,
19504,2399969.889,5073156.1482,2409969.889,5063156.1482,,
19505,2399969.889,5063156.1482,2409969.889,5053156.1482,,
19506,2399969.889,5053156.1482,2409969.889,5043156.1482,,
19507,2399969.889,5043156.1482,2409969.889,5033156.1482,,
19508,2399969.889,5033156.1482,2409969.889,5023156.1482,,
19509,2399969.889,5023156.1482,2409969.889,5013156.1482,,
19510,2399969.889,5013156.1482,2409969.889,5003156.1482,,
19511,2399969.889,5003156.1482,2409969.889,4993156.1482,,
19512,2399969.889,4993156.1482,2409969.889,4983156.1482,,
19513,2399969.889,4983156.1482,2409969.889,4973156.1482,,
19514,2399969.889,4973156.1482,2409969.889,4963156.1482,,
19515,2399969.889,4963156.1482,2409969.889,4953156.1482,,
19516,2399969.889,4953156.1482,2409969.889,4943156.1482,,
19517,2399969.889,4943156.1482,2409969.889,4933156.1482,,
19518,2399969.889,4933156.1482,2409969.889,4923156.1482,,
19519,2399969.889,4923156.1482,2409969.889,4913156.1482,,
19520,2399969.889,4913156.1482,2409969.889,4903156.1482,,
19521,2399969.889,4903156.1482,2409969.889,4893156.1482,,
19522,2399969.889,4893156.1482,2409969.889,4883156.1482,,
19523,2399969.889,4883156.1482,2409969.889,4873156.1482,,
19524,2399969.889,4873156.1482,2409969.889,4863156.1482,,
19525,2399969.889,4863156.1482,2409969.889,4853156.1482,,
19526,2399969.889,4853156.1482,2409969.889,4843156.1482,,
19527,2399969.889,4843156.1482,2409969.889,4833156.1482,,
19528,2399969.889,4833156.1482,2409969.889,4823156.1482,,
19529,2399969.889,4823156.1482,2409969.889,4813156.1482,,
19530,2399969.889,4813156.1482,2409969.889,4803156.1482,,
19531,2399969.889,4803156.1482,2409969.889,4793156.1482,,
19532,2399969.889,4793156.1482,2409969.889,4783156.1482,,
19533,2399969.889,4783156.1482,2409969.889,4773156.1482,,
19534,2399969.889,4773156.1482,2409969.889,4763156.1482,,
19535,2399969.889,4763156.1482,2409969.889,4753156.1482,,
19536,2399969.889,4753156.1482,2409969.889,4743156.1482,,
19537,2409969.889,6223156.1482,2419969.889,6213156.1482,,
19538,2409969.889,6213156.1482,2419969.889,6203156.1482,,
19539,2409969.889,6203156.1482,2419969.889,6193156.1482,,
19540,2409969.889,6193156.1482,2419969.889,6183156.1482,,
19541,2409969.889,6183156.1482,2419969.889,6173156.1482,,
19542,2409969.889,6173156.1482,2419969.889,6163156.1482,,
19543,2409969.889,6163156.1482,2419969.889,6153156.1482,,
19544,2409969.889,6153156.1482,2419969.889,6143156.1482,,
19545,2409969.889,6143156.1482,2419969.889,6133156.1482,,
19546,2409969.889,6133156.1482,2419969.889,6123156.1482,,
19547,2409969.889,6123156.1482,2419969.889,6113156.1482,,
19548,2409969.889,6113156.1482,2419969.889,6103156.1482,,
19549,2409969.889,6103156.1482,2419969.889,6093156.1482,,
19550,2409969.889,6093156.1482,2419969.889,6083156.1482,,
19551,2409969.889,6083156.1482,2419969.889,6073156.1482,,
19552,2409969.889,6073156.1482,2419969.889,6063156.1482,,
19553,2409969.889,6063156.1482,2419969.889,6053156.1482,,
19554,2409969.889,6053156.1482,2419969.889,6043156.1482,,
19555,2409969.889,6043156.1482,2419969.889,6033156.1482,,
19556,2409969.889,6033156.1482,2419969.889,6023156.1482,,
19557,2409969.889,6023156.1482,2419969.889,6013156.1482,,
19558,2409969.889,6013156.1482,2419969.889,6003156.1482,,
19559,2409969.889,6003156.1482,2419969.889,5993156.1482,,
19560,2409969.889,5993156.1482,2419969.889,5983156.1482,,
19561,2409969.889,5983156.1482,2419969.889,5973156.1482,,
19562,2409969.889,5973156.1482,2419969.889,5963156.1482,,
19563,2409969.889,5963156.1482,2419969.889,5953156.1482,,
19564,2409969.889,5953156.1482,2419969.889,5943156.1482,,
19565,2409969.889,5943156.1482,2419969.889,5933156.1482,,
19566,2409969.889,5933156.1482,2419969.889,5923156.1482,,
19567,2409969.889,5923156.1482,2419969.889,5913156.1482,,
19568,2409969.889,5913156.1482,2419969.889,5903156.1482,,
19569,2409969.889,5903156.1482,2419969.889,5893156.1482,,
19570,2409969.889,5893156.1482,2419969.889,5883156.1482,,
19571,2409969.889,5883156.1482,2419969.889,5873156.1482,,
19572,2409969.889,5873156.1482,2419969.889,5863156.1482,,
19573,2409969.889,5863156.1482,2419969.889,5853156.1482,,
19574,2409969.889,5853156.1482,2419969.889,5843156.1482,,
19575,2409969.889,5843156.1482,2419969.889,5833156.1482,,
19576,2409969.889,5833156.1482,2419969.889,5823156.1482,,
19577,2409969.889,5823156.1482,2419969.889,5813156.1482,,
19578,2409969.889,5813156.1482,2419969.889,5803156.1482,,
19579,2409969.889,5803156.1482,2419969.889,5793156.1482,,
19580,2409969.889,5793156.1482,2419969.889,5783156.1482,,
19581,2409969.889,5783156.1482,2419969.889,5773156.1482,,
19582,2409969.889,5773156.1482,2419969.889,5763156.1482,,
19583,2409969.889,5763156.1482,2419969.889,5753156.1482,,
19584,2409969.889,5753156.1482,2419969.889,5743156.1482,,
19585,2409969.889,5743156.1482,2419969.889,5733156.1482,,
19586,2409969.889,5733156.1482,2419969.889,5723156.1482,,
19587,2409969.889,5723156.1482,2419969.889,5713156.1482,,
19588,2409969.889,5713156.1482,2419969.889,5703156.1482,,
19589,2409969.889,5703156.1482,2419969.889,5693156.1482,,
19590,2409969.889,5693156.1482,2419969.889,5683156.1482,,
19591,2409969.889,5683156.1482,2419969.889,5673156.1482,,
19592,2409969.889,5673156.1482,2419969.889,5663156.1482,,
19593,2409969.889,5663156.1482,2419969.889,5653156.1482,,
19594,2409969.889,5653156.1482,2419969.889,5643156.1482,,
19595,2409969.889,5643156.1482,2419969.889,5633156.1482,,
19596,2409969.889,5633156.1482,2419969.889,5623156.1482,,
19597,2409969.889,5623156.1482,2419969.889,5613156.1482,,
19598,2409969.889,5613156.1482,2419969.889,5603156.1482,,
19599,2409969.889,5603156.1482,2419969.889,5593156.1482,,
19600,2409969.889,5593156.1482,2419969.889,5583156.1482,,
19601,2409969.889,5583156.1482,2419969.889,5573156.1482,,
19602,2409969.889,5573156.1482,2419969.889,5563156.1482,,
19603,2409969.889,5563156.1482,2419969.889,5553156.1482,,
19604,2409969.889,5553156.1482,2419969.889,5543156.1482,,
19605,2409969.889,5543156.1482,2419969.889,5533156.1482,,
19606,2409969.889,5533156.1482,2419969.889,5523156.1482,,
19607,2409969.889,5523156.1482,2419969.889,5513156.1482,,
19608,2409969.889,5513156.1482,2419969.889,5503156.1482,,
19609,2409969.889,5503156.1482,2419969.889,5493156.1482,,
19610,2409969.889,5493156.1482,2419969.889,5483156.1482,,
19611,2409969.889,5483156.1482,2419969.889,5473156.1482,,
19612,2409969.889,5473156.1482,2419969.889,5463156.1482,,
19613,2409969.889,5463156.1482,2419969.889,5453156.1482,,
19614,2409969.889,5453156.1482,2419969.889,5443156.1482,,
19615,2409969.889,5443156.1482,2419969.889,5433156.1482,,
19616,2409969.889,5433156.1482,2419969.889,5423156.1482,,
19617,2409969.889,5423156.1482,2419969.889,5413156.1482,,
19618,2409969.889,5413156.1482,2419969.889,5403156.1482,,
19619,2409969.889,5403156.1482,2419969.889,5393156.1482,,
19620,2409969.889,5393156.1482,2419969.889,5383156.1482,,
19621,2409969.889,5383156.1482,2419969.889,5373156.1482,,
19622,2409969.889,5373156.1482,2419969.889,5363156.1482,,
19623,2409969.889,5363156.1482,2419969.889,5353156.1482,,
19624,2409969.889,5353156.1482,2419969.889,5343156.1482,,
19625,2409969.889,5343156.1482,2419969.889,5333156.1482,,
19626,2409969.889,5333156.1482,2419969.889,5323156.1482,,
19627,2409969.889,5323156.1482,2419969.889,5313156.1482,,
19628,2409969.889,5313156.1482,2419969.889,5303156.1482,,
19629,2409969.889,5303156.1482,2419969.889,5293156.1482,,
19630,2409969.889,5293156.1482,2419969.889,5283156.1482,,
19631,2409969.889,5283156.1482,2419969.889,5273156.1482,,
19632,2409969.889,5273156.1482,2419969.889,5263156.1482,,
19633,2409969.889,5263156.1482,2419969.889,5253156.1482,,
19634,2409969.889,5253156.1482,2419969.889,5243156.1482,,
19635,2409969.889,5243156.1482,2419969.889,5233156.1482,,
19636,2409969.889,5233156.1482,2419969.889,5223156.1482,,
19637,2409969.889,5223156.1482,2419969.889,5213156.1482,,
19638,2409969.889,5213156.1482,2419969.889,5203156.1482,,
19639,2409969.889,5203156.1482,2419969.889,5193156.1482,,
19640,2409969.889,5193156.1482,2419969.889,5183156.1482,,
19641,2409969.889,5183156.1482,2419969.889,5173156.1482,,
19642,2409969.889,5173156.1482,2419969.889,5163156.1482,,
19643,2409969.889,5163156.1482,2419969.889,5153156.1482,,
19644,2409969.889,5153156.1482,2419969.889,5143156.1482,,
19645,2409969.889,5143156.1482,2419969.889,5133156.1482,,
19646,2409969.889,5133156.1482,2419969.889,5123156.1482,,
19647,2409969.889,5123156.1482,2419969.889,5113156.1482,,
19648,2409969.889,5113156.1482,2419969.889,5103156.1482,,
19649,2409969.889,5103156.1482,2419969.889,5093156.1482,,
19650,2409969.889,5093156.1482,2419969.889,5083156.1482,,
19651,2409969.889,5083156.1482,2419969.889,5073156.1482,,
19652,2409969.889,5073156.1482,2419969.889,5063156.1482,,
19653,2409969.889,5063156.1482,2419969.889,5053156.1482,,
19654,2409969.889,5053156.1482,2419969.889,5043156.1482,,
19655,2409969.889,5043156.1482,2419969.889,5033156.1482,,
19656,2409969.889,5033156.1482,2419969.889,5023156.1482,,
19657,2409969.889,5023156.1482,2419969.889,5013156.1482,,
19658,2409969.889,5013156.1482,2419969.889,5003156.1482,,
19659,2409969.889,5003156.1482,2419969.889,4993156.1482,,
19660,2409969.889,4993156.1482,2419969.889,4983156.1482,,
19661,2409969.889,4983156.1482,2419969.889,4973156.1482,,
19662,2409969.889,4973156.1482,2419969.889,4963156.1482,,
19663,2409969.889,4963156.1482,2419969.889,4953156.1482,,
19664,2409969.889,4953156.1482,2419969.889,4943156.1482,,
19665,2409969.889,4943156.1482,2419969.889,4933156.1482,,
19666,2409969.889,4933156.1482,2419969.889,4923156.1482,,
19667,2409969.889,4923156.1482,2419969.889,4913156.1482,,
19668,2409969.889,4913156.1482,2419969.889,4903156.1482,,
19669,2409969.889,4903156.1482,2419969.889,4893156.1482,,
19670,2409969.889,4893156.1482,2419969.889,4883156.1482,,
19671,2409969.889,4883156.1482,2419969.889,4873156.1482,,
19672,2409969.889,4873156.1482,2419969.889,4863156.1482,,
19673,2409969.889,4863156.1482,2419969.889,4853156.1482,,
19674,2409969.889,4853156.1482,2419969.889,4843156.1482,,
19675,2409969.889,4843156.1482,2419969.889,4833156.1482,,
19676,2409969.889,4833156.1482,2419969.889,4823156.1482,,
19677,2409969.889,4823156.1482,2419969.889,4813156.1482,,
19678,2409969.889,4813156.1482,2419969.889,4803156.1482,,
19679,2409969.889,4803156.1482,2419969.889,4793156.1482,,
19680,2409969.889,4793156.1482,2419969.889,4783156.1482,,
19681,2409969.889,4783156.1482,2419969.889,4773156.1482,,
19682,2409969.889,4773156.1482,2419969.889,4763156.1482,,
19683,2409969.889,4763156.1482,2419969.889,4753156.1482,,
19684,2409969.889,4753156.1482,2419969.889,4743156.1482,,
19685,2419969.889,6223156.1482,2429969.889,6213156.1482,,
19686,2419969.889,6213156.1482,2429969.889,6203156.1482,,
19687,2419969.889,6203156.1482,2429969.889,6193156.1482,,
19688,2419969.889,6193156.1482,2429969.889,6183156.1482,,
19689,2419969.889,6183156.1482,2429969.889,6173156.1482,,
19690,2419969.889,6173156.1482,2429969.889,6163156.1482,,
19691,2419969.889,6163156.1482,2429969.889,6153156.1482,,
19692,2419969.889,6153156.1482,2429969.889,6143156.1482,,
19693,2419969.889,6143156.1482,2429969.889,6133156.1482,,
19694,2419969.889,6133156.1482,2429969.889,6123156.1482,,
19695,2419969.889,6123156.1482,2429969.889,6113156.1482,,
19696,2419969.889,6113156.1482,2429969.889,6103156.1482,,
19697,2419969.889,6103156.1482,2429969.889,6093156.1482,,
19698,2419969.889,6093156.1482,2429969.889,6083156.1482,,
19699,2419969.889,6083156.1482,2429969.889,6073156.1482,,
19700,2419969.889,6073156.1482,2429969.889,6063156.1482,,
19701,2419969.889,6063156.1482,2429969.889,6053156.1482,,
19702,2419969.889,6053156.1482,2429969.889,6043156.1482,,
19703,2419969.889,6043156.1482,2429969.889,6033156.1482,,
19704,2419969.889,6033156.1482,2429969.889,6023156.1482,,
19705,2419969.889,6023156.1482,2429969.889,6013156.1482,,
19706,2419969.889,6013156.1482,2429969.889,6003156.1482,,
19707,2419969.889,6003156.1482,2429969.889,5993156.1482,,
19708,2419969.889,5993156.1482,2429969.889,5983156.1482,,
19709,2419969.889,5983156.1482,2429969.889,5973156.1482,,
19710,2419969.889,5973156.1482,2429969.889,5963156.1482,,
19711,2419969.889,5963156.1482,2429969.889,5953156.1482,,
19712,2419969.889,5953156.1482,2429969.889,5943156.1482,,
19713,2419969.889,5943156.1482,2429969.889,5933156.1482,,
19714,2419969.889,5933156.1482,2429969.889,5923156.1482,,
19715,2419969.889,5923156.1482,2429969.889,5913156.1482,,
19716,2419969.889,5913156.1482,2429969.889,5903156.1482,,
19717,2419969.889,5903156.1482,2429969.889,5893156.1482,,
19718,2419969.889,5893156.1482,2429969.889,5883156.1482,,
19719,2419969.889,5883156.1482,2429969.889,5873156.1482,,
19720,2419969.889,5873156.1482,2429969.889,5863156.1482,,
19721,2419969.889,5863156.1482,2429969.889,5853156.1482,,
19722,2419969.889,5853156.1482,2429969.889,5843156.1482,,
19723,2419969.889,5843156.1482,2429969.889,5833156.1482,,
19724,2419969.889,5833156.1482,2429969.889,5823156.1482,,
19725,2419969.889,5823156.1482,2429969.889,5813156.1482,,
19726,2419969.889,5813156.1482,2429969.889,5803156.1482,,
19727,2419969.889,5803156.1482,2429969.889,5793156.1482,,
19728,2419969.889,5793156.1482,2429969.889,5783156.1482,,
19729,2419969.889,5783156.1482,2429969.889,5773156.1482,,
19730,2419969.889,5773156.1482,2429969.889,5763156.1482,,
19731,2419969.889,5763156.1482,2429969.889,5753156.1482,,
19732,2419969.889,5753156.1482,2429969.889,5743156.1482,,
19733,2419969.889,5743156.1482,2429969.889,5733156.1482,,
19734,2419969.889,5733156.1482,2429969.889,5723156.1482,,
19735,2419969.889,5723156.1482,2429969.889,5713156.1482,,
19736,2419969.889,5713156.1482,2429969.889,5703156.1482,,
19737,2419969.889,5703156.1482,2429969.889,5693156.1482,,
19738,2419969.889,5693156.1482,2429969.889,5683156.1482,,
19739,2419969.889,5683156.1482,2429969.889,5673156.1482,,
19740,2419969.889,5673156.1482,2429969.889,5663156.1482,,
19741,2419969.889,5663156.1482,2429969.889,5653156.1482,,
19742,2419969.889,5653156.1482,2429969.889,5643156.1482,,
19743,2419969.889,5643156.1482,2429969.889,5633156.1482,,
19744,2419969.889,5633156.1482,2429969.889,5623156.1482,,
19745,2419969.889,5623156.1482,2429969.889,5613156.1482,,
19746,2419969.889,5613156.1482,2429969.889,5603156.1482,,
19747,2419969.889,5603156.1482,2429969.889,5593156.1482,,
19748,2419969.889,5593156.1482,2429969.889,5583156.1482,,
19749,2419969.889,5583156.1482,2429969.889,5573156.1482,,
19750,2419969.889,5573156.1482,2429969.889,5563156.1482,,
19751,2419969.889,5563156.1482,2429969.889,5553156.1482,,
19752,2419969.889,5553156.1482,2429969.889,5543156.1482,,
19753,2419969.889,5543156.1482,2429969.889,5533156.1482,,
19754,2419969.889,5533156.1482,2429969.889,5523156.1482,,
19755,2419969.889,5523156.1482,2429969.889,5513156.1482,,
19756,2419969.889,5513156.1482,2429969.889,5503156.1482,,
19757,2419969.889,5503156.1482,2429969.889,5493156.1482,,
19758,2419969.889,5493156.1482,2429969.889,5483156.1482,,
19759,2419969.889,5483156.1482,2429969.889,5473156.1482,,
19760,2419969.889,5473156.1482,2429969.889,5463156.1482,,
19761,2419969.889,5463156.1482,2429969.889,5453156.1482,,
19762,2419969.889,5453156.1482,2429969.889,5443156.1482,,
19763,2419969.889,5443156.1482,2429969.889,5433156.1482,,
19764,2419969.889,5433156.1482,2429969.889,5423156.1482,,
19765,2419969.889,5423156.1482,2429969.889,5413156.1482,,
19766,2419969.889,5413156.1482,2429969.889,5403156.1482,,
19767,2419969.889,5403156.1482,2429969.889,5393156.1482,,
19768,2419969.889,5393156.1482,2429969.889,5383156.1482,,
19769,2419969.889,5383156.1482,2429969.889,5373156.1482,,
19770,2419969.889,5373156.1482,2429969.889,5363156.1482,,
19771,2419969.889,5363156.1482,2429969.889,5353156.1482,,
19772,2419969.889,5353156.1482,2429969.889,5343156.1482,,
19773,2419969.889,5343156.1482,2429969.889,5333156.1482,,
19774,2419969.889,5333156.1482,2429969.889,5323156.1482,,
19775,2419969.889,5323156.1482,2429969.889,5313156.1482,,
19776,2419969.889,5313156.1482,2429969.889,5303156.1482,,
19777,2419969.889,5303156.1482,2429969.889,5293156.1482,,
19778,2419969.889,5293156.1482,2429969.889,5283156.1482,,
19779,2419969.889,5283156.1482,2429969.889,5273156.1482,,
19780,2419969.889,5273156.1482,2429969.889,5263156.1482,,
19781,2419969.889,5263156.1482,2429969.889,5253156.1482,,
19782,2419969.889,5253156.1482,2429969.889,5243156.1482,,
19783,2419969.889,5243156.1482,2429969.889,5233156.1482,,
19784,2419969.889,5233156.1482,2429969.889,5223156.1482,,
19785,2419969.889,5223156.1482,2429969.889,5213156.1482,,
19786,2419969.889,5213156.1482,2429969.889,5203156.1482,,
19787,2419969.889,5203156.1482,2429969.889,5193156.1482,,
19788,2419969.889,5193156.1482,2429969.889,5183156.1482,,
19789,2419969.889,5183156.1482,2429969.889,5173156.1482,,
19790,2419969.889,5173156.1482,2429969.889,5163156.1482,,
19791,2419969.889,5163156.1482,2429969.889,5153156.1482,,
19792,2419969.889,5153156.1482,2429969.889,5143156.1482,,
19793,2419969.889,5143156.1482,2429969.889,5133156.1482,,
19794,2419969.889,5133156.1482,2429969.889,5123156.1482,,
19795,2419969.889,5123156.1482,2429969.889,5113156.1482,,
19796,2419969.889,5113156.1482,2429969.889,5103156.1482,,
19797,2419969.889,5103156.1482,2429969.889,5093156.1482,,
19798,2419969.889,5093156.1482,2429969.889,5083156.1482,,
19799,2419969.889,5083156.1482,2429969.889,5073156.1482,,
19800,2419969.889,5073156.1482,2429969.889,5063156.1482,,
19801,2419969.889,5063156.1482,2429969.889,5053156.1482,,
19802,2419969.889,5053156.1482,2429969.889,5043156.1482,,
19803,2419969.889,5043156.1482,2429969.889,5033156.1482,,
19804,2419969.889,5033156.1482,2429969.889,5023156.1482,,
19805,2419969.889,5023156.1482,2429969.889,5013156.1482,,
19806,2419969.889,5013156.1482,2429969.889,5003156.1482,,
19807,2419969.889,5003156.1482,2429969.889,4993156.1482,,
19808,2419969.889,4993156.1482,2429969.889,4983156.1482,,
19809,2419969.889,4983156.1482,2429969.889,4973156.1482,,
19810,2419969.889,4973156.1482,2429969.889,4963156.1482,,
19811,2419969.889,4963156.1482,2429969.889,4953156.1482,,
19812,2419969.889,4953156.1482,2429969.889,4943156.1482,,
19813,2419969.889,4943156.1482,2429969.889,4933156.1482,,
19814,2419969.889,4933156.1482,2429969.889,4923156.1482,,
19815,2419969.889,4923156.1482,2429969.889,4913156.1482,,
19816,2419969.889,4913156.1482,2429969.889,4903156.1482,,
19817,2419969.889,4903156.1482,2429969.889,4893156.1482,,
19818,2419969.889,4893156.1482,2429969.889,4883156.1482,,
19819,2419969.889,4883156.1482,2429969.889,4873156.1482,,
19820,2419969.889,4873156.1482,2429969.889,4863156.1482,,
19821,2419969.889,4863156.1482,2429969.889,4853156.1482,,
19822,2419969.889,4853156.1482,2429969.889,4843156.1482,,
19823,2419969.889,4843156.1482,2429969.889,4833156.1482,,
19824,2419969.889,4833156.1482,2429969.889,4823156.1482,,
19825,2419969.889,4823156.1482,2429969.889,4813156.1482,,
19826,2419969.889,4813156.1482,2429969.889,4803156.1482,,
19827,2419969.889,4803156.1482,2429969.889,4793156.1482,,
19828,2419969.889,4793156.1482,2429969.889,4783156.1482,,
19829,2419969.889,4783156.1482,2429969.889,4773156.1482,,
19830,2419969.889,4773156.1482,2429969.889,4763156.1482,,
19831,2419969.889,4763156.1482,2429969.889,4753156.1482,,
19832,2419969.889,4753156.1482,2429969.889,4743156.1482,,
19833,2429969.889,6223156.1482,2439969.889,6213156.1482,,
19834,2429969.889,6213156.1482,2439969.889,6203156.1482,,
19835,2429969.889,6203156.1482,2439969.889,6193156.1482,,
19836,2429969.889,6193156.1482,2439969.889,6183156.1482,,
19837,2429969.889,6183156.1482,2439969.889,6173156.1482,,
19838,2429969.889,6173156.1482,2439969.889,6163156.1482,,
19839,2429969.889,6163156.1482,2439969.889,6153156.1482,,
19840,2429969.889,6153156.1482,2439969.889,6143156.1482,,
19841,2429969.889,6143156.1482,2439969.889,6133156.1482,,
19842,2429969.889,6133156.1482,2439969.889,6123156.1482,,
19843,2429969.889,6123156.1482,2439969.889,6113156.1482,,
19844,2429969.889,6113156.1482,2439969.889,6103156.1482,,
19845,2429969.889,6103156.1482,2439969.889,6093156.1482,,
19846,2429969.889,6093156.1482,2439969.889,6083156.1482,,
19847,2429969.889,6083156.1482,2439969.889,6073156.1482,,
19848,2429969.889,6073156.1482,2439969.889,6063156.1482,,
19849,2429969.889,6063156.1482,2439969.889,6053156.1482,,
19850,2429969.889,6053156.1482,2439969.889,6043156.1482,,
19851,2429969.889,6043156.1482,2439969.889,6033156.1482,,
19852,2429969.889,6033156.1482,2439969.889,6023156.1482,,
19853,2429969.889,6023156.1482,2439969.889,6013156.1482,,
19854,2429969.889,6013156.1482,2439969.889,6003156.1482,,
19855,2429969.889,6003156.1482,2439969.889,5993156.1482,,
19856,2429969.889,5993156.1482,2439969.889,5983156.1482,,
19857,2429969.889,5983156.1482,2439969.889,5973156.1482,,
19858,2429969.889,5973156.1482,2439969.889,5963156.1482,,
19859,2429969.889,5963156.1482,2439969.889,5953156.1482,,
19860,2429969.889,5953156.1482,2439969.889,5943156.1482,,
19861,2429969.889,5943156.1482,2439969.889,5933156.1482,,
19862,2429969.889,5933156.1482,2439969.889,5923156.1482,,
19863,2429969.889,5923156.1482,2439969.889,5913156.1482,,
19864,2429969.889,5913156.1482,2439969.889,5903156.1482,,
19865,2429969.889,5903156.1482,2439969.889,5893156.1482,,
19866,2429969.889,5893156.1482,2439969.889,5883156.1482,,
19867,2429969.889,5883156.1482,2439969.889,5873156.1482,,
19868,2429969.889,5873156.1482,2439969.889,5863156.1482,,
19869,2429969.889,5863156.1482,2439969.889,5853156.1482,,
19870,2429969.889,5853156.1482,2439969.889,5843156.1482,,
19871,2429969.889,5843156.1482,2439969.889,5833156.1482,,
19872,2429969.889,5833156.1482,2439969.889,5823156.1482,,
19873,2429969.889,5823156.1482,2439969.889,5813156.1482,,
19874,2429969.889,5813156.1482,2439969.889,5803156.1482,,
19875,2429969.889,5803156.1482,2439969.889,5793156.1482,,
19876,2429969.889,5793156.1482,2439969.889,5783156.1482,,
19877,2429969.889,5783156.1482,2439969.889,5773156.1482,,
19878,2429969.889,5773156.1482,2439969.889,5763156.1482,,
19879,2429969.889,5763156.1482,2439969.889,5753156.1482,,
19880,2429969.889,5753156.1482,2439969.889,5743156.1482,,
19881,2429969.889,5743156.1482,2439969.889,5733156.1482,,
19882,2429969.889,5733156.1482,2439969.889,5723156.1482,,
19883,2429969.889,5723156.1482,2439969.889,5713156.1482,,
19884,2429969.889,5713156.1482,2439969.889,5703156.1482,,
19885,2429969.889,5703156.1482,2439969.889,5693156.1482,,
19886,2429969.889,5693156.1482,2439969.889,5683156.1482,,
19887,2429969.889,5683156.1482,2439969.889,5673156.1482,,
19888,2429969.889,5673156.1482,2439969.889,5663156.1482,,
19889,2429969.889,5663156.1482,2439969.889,5653156.1482,,
19890,2429969.889,5653156.1482,2439969.889,5643156.1482,,
19891,2429969.889,5643156.1482,2439969.889,5633156.1482,,
19892,2429969.889,5633156.1482,2439969.889,5623156.1482,,
19893,2429969.889,5623156.1482,2439969.889,5613156.1482,,
19894,2429969.889,5613156.1482,2439969.889,5603156.1482,,
19895,2429969.889,5603156.1482,2439969.889,5593156.1482,,
19896,2429969.889,5593156.1482,2439969.889,5583156.1482,,
19897,2429969.889,5583156.1482,2439969.889,5573156.1482,,
19898,2429969.889,5573156.1482,2439969.889,5563156.1482,,
19899,2429969.889,5563156.1482,2439969.889,5553156.1482,,
19900,2429969.889,5553156.1482,2439969.889,5543156.1482,,
19901,2429969.889,5543156.1482,2439969.889,5533156.1482,,
19902,2429969.889,5533156.1482,2439969.889,5523156.1482,,
19903,2429969.889,5523156.1482,2439969.889,5513156.1482,,
19904,2429969.889,5513156.1482,2439969.889,5503156.1482,,
19905,2429969.889,5503156.1482,2439969.889,5493156.1482,,
19906,2429969.889,5493156.1482,2439969.889,5483156.1482,,
19907,2429969.889,5483156.1482,2439969.889,5473156.1482,,
19908,2429969.889,5473156.1482,2439969.889,5463156.1482,,
19909,2429969.889,5463156.1482,2439969.889,5453156.1482,,
19910,2429969.889,5453156.1482,2439969.889,5443156.1482,,
19911,2429969.889,5443156.1482,2439969.889,5433156.1482,,
19912,2429969.889,5433156.1482,2439969.889,5423156.1482,,
19913,2429969.889,5423156.1482,2439969.889,5413156.1482,,
19914,2429969.889,5413156.1482,2439969.889,5403156.1482,,
19915,2429969.889,5403156.1482,2439969.889,5393156.1482,,
19916,2429969.889,5393156.1482,2439969.889,5383156.1482,,
19917,2429969.889,5383156.1482,2439969.889,5373156.1482,,
19918,2429969.889,5373156.1482,2439969.889,5363156.1482,,
19919,2429969.889,5363156.1482,2439969.889,5353156.1482,,
19920,2429969.889,5353156.1482,2439969.889,5343156.1482,,
19921,2429969.889,5343156.1482,2439969.889,5333156.1482,,
19922,2429969.889,5333156.1482,2439969.889,5323156.1482,,
19923,2429969.889,5323156.1482,2439969.889,5313156.1482,,
19924,2429969.889,5313156.1482,2439969.889,5303156.1482,,
19925,2429969.889,5303156.1482,2439969.889,5293156.1482,,
19926,2429969.889,5293156.1482,2439969.889,5283156.1482,,
19927,2429969.889,5283156.1482,2439969.889,5273156.1482,,
19928,2429969.889,5273156.1482,2439969.889,5263156.1482,,
19929,2429969.889,5263156.1482,2439969.889,5253156.1482,,
19930,2429969.889,5253156.1482,2439969.889,5243156.1482,,
19931,2429969.889,5243156.1482,2439969.889,5233156.1482,,
19932,2429969.889,5233156.1482,2439969.889,5223156.1482,,
19933,2429969.889,5223156.1482,2439969.889,5213156.1482,,
19934,2429969.889,5213156.1482,2439969.889,5203156.1482,,
19935,2429969.889,5203156.1482,2439969.889,5193156.1482,,
19936,2429969.889,5193156.1482,2439969.889,5183156.1482,,
19937,2429969.889,5183156.1482,2439969.889,5173156.1482,,
19938,2429969.889,5173156.1482,2439969.889,5163156.1482,,
19939,2429969.889,5163156.1482,2439969.889,5153156.1482,,
19940,2429969.889,5153156.1482,2439969.889,5143156.1482,,
19941,2429969.889,5143156.1482,2439969.889,5133156.1482,,
19942,2429969.889,5133156.1482,2439969.889,5123156.1482,,
19943,2429969.889,5123156.1482,2439969.889,5113156.1482,,
19944,2429969.889,5113156.1482,2439969.889,5103156.1482,,
19945,2429969.889,5103156.1482,2439969.889,5093156.1482,,
19946,2429969.889,5093156.1482,2439969.889,5083156.1482,,
19947,2429969.889,5083156.1482,2439969.889,5073156.1482,,
19948,2429969.889,5073156.1482,2439969.889,5063156.1482,,
19949,2429969.889,5063156.1482,2439969.889,5053156.1482,,
19950,2429969.889,5053156.1482,2439969.889,5043156.1482,,
19951,2429969.889,5043156.1482,2439969.889,5033156.1482,,
19952,2429969.889,5033156.1482,2439969.889,5023156.1482,,
19953,2429969.889,5023156.1482,2439969.889,5013156.1482,,
19954,2429969.889,5013156.1482,2439969.889,5003156.1482,,
19955,2429969.889,5003156.1482,2439969.889,4993156.1482,,
19956,2429969.889,4993156.1482,2439969.889,4983156.1482,,
19957,2429969.889,4983156.1482,2439969.889,4973156.1482,,
19958,2429969.889,4973156.1482,2439969.889,4963156.1482,,
19959,2429969.889,4963156.1482,2439969.889,4953156.1482,,
19960,2429969.889,4953156.1482,2439969.889,4943156.1482,,
19961,2429969.889,4943156.1482,2439969.889,4933156.1482,,
19962,2429969.889,4933156.1482,2439969.889,4923156.1482,,
19963,2429969.889,4923156.1482,2439969.889,4913156.1482,,
19964,2429969.889,4913156.1482,2439969.889,4903156.1482,,
19965,2429969.889,4903156.1482,2439969.889,4893156.1482,,
19966,2429969.889,4893156.1482,2439969.889,4883156.1482,,
19967,2429969.889,4883156.1482,2439969.889,4873156.1482,,
19968,2429969.889,4873156.1482,2439969.889,4863156.1482,,
19969,2429969.889,4863156.1482,2439969.889,4853156.1482,,
19970,2429969.889,4853156.1482,2439969.889,4843156.1482,,
19971,2429969.889,4843156.1482,2439969.889,4833156.1482,,
19972,2429969.889,4833156.1482,2439969.889,4823156.1482,,
19973,2429969.889,4823156.1482,2439969.889,4813156.1482,,
19974,2429969.889,4813156.1482,2439969.889,4803156.1482,,
19975,2429969.889,4803156.1482,2439969.889,4793156.1482,,
19976,2429969.889,4793156.1482,2439969.889,4783156.1482,,
19977,2429969.889,4783156.1482,2439969.889,4773156.1482,,
19978,2429969.889,4773156.1482,2439969.889,4763156.1482,,
19979,2429969.889,4763156.1482,2439969.889,4753156.1482,,
19980,2429969.889,4753156.1482,2439969.889,4743156.1482,,
19981,2439969.889,6223156.1482,2449969.889,6213156.1482,,
19982,2439969.889,6213156.1482,2449969.889,6203156.1482,,
19983,2439969.889,6203156.1482,2449969.889,6193156.1482,,
19984,2439969.889,6193156.1482,2449969.889,6183156.1482,,
19985,2439969.889,6183156.1482,2449969.889,6173156.1482,,
19986,2439969.889,6173156.1482,2449969.889,6163156.1482,,
19987,2439969.889,6163156.1482,2449969.889,6153156.1482,,
19988,2439969.889,6153156.1482,2449969.889,6143156.1482,,
19989,2439969.889,6143156.1482,2449969.889,6133156.1482,,
19990,2439969.889,6133156.1482,2449969.889,6123156.1482,,
19991,2439969.889,6123156.1482,2449969.889,6113156.1482,,
19992,2439969.889,6113156.1482,2449969.889,6103156.1482,,
19993,2439969.889,6103156.1482,2449969.889,6093156.1482,,
19994,2439969.889,6093156.1482,2449969.889,6083156.1482,,
19995,2439969.889,6083156.1482,2449969.889,6073156.1482,,
19996,2439969.889,6073156.1482,2449969.889,6063156.1482,,
19997,2439969.889,6063156.1482,2449969.889,6053156.1482,,
19998,2439969.889,6053156.1482,2449969.889,6043156.1482,,
19999,2439969.889,6043156.1482,2449969.889,6033156.1482,,
20000,2439969.889,6033156.1482,2449969.889,6023156.1482,,
20001,2439969.889,6023156.1482,2449969.889,6013156.1482,,
20002,2439969.889,6013156.1482,2449969.889,6003156.1482,,
20003,2439969.889,6003156.1482,2449969.889,5993156.1482,,
20004,2439969.889,5993156.1482,2449969.889,5983156.1482,,
20005,2439969.889,5983156.1482,2449969.889,5973156.1482,,
20006,2439969.889,5973156.1482,2449969.889,5963156.1482,,
20007,2439969.889,5963156.1482,2449969.889,5953156.1482,,
20008,2439969.889,5953156.1482,2449969.889,5943156.1482,,
20009,2439969.889,5943156.1482,2449969.889,5933156.1482,,
20010,2439969.889,5933156.1482,2449969.889,5923156.1482,,
20011,2439969.889,5923156.1482,2449969.889,5913156.1482,,
20012,2439969.889,5913156.1482,2449969.889,5903156.1482,,
20013,2439969.889,5903156.1482,2449969.889,5893156.1482,,
20014,2439969.889,5893156.1482,2449969.889,5883156.1482,,
20015,2439969.889,5883156.1482,2449969.889,5873156.1482,,
20016,2439969.889,5873156.1482,2449969.889,5863156.1482,,
20017,2439969.889,5863156.1482,2449969.889,5853156.1482,,
20018,2439969.889,5853156.1482,2449969.889,5843156.1482,,
20019,2439969.889,5843156.1482,2449969.889,5833156.1482,,
20020,2439969.889,5833156.1482,2449969.889,5823156.1482,,
20021,2439969.889,5823156.1482,2449969.889,5813156.1482,,
20022,2439969.889,5813156.1482,2449969.889,5803156.1482,,
20023,2439969.889,5803156.1482,2449969.889,5793156.1482,,
20024,2439969.889,5793156.1482,2449969.889,5783156.1482,,
20025,2439969.889,5783156.1482,2449969.889,5773156.1482,,
20026,2439969.889,5773156.1482,2449969.889,5763156.1482,,
20027,2439969.889,5763156.1482,2449969.889,5753156.1482,,
20028,2439969.889,5753156.1482,2449969.889,5743156.1482,,
20029,2439969.889,5743156.1482,2449969.889,5733156.1482,,
20030,2439969.889,5733156.1482,2449969.889,5723156.1482,,
20031,2439969.889,5723156.1482,2449969.889,5713156.1482,,
20032,2439969.889,5713156.1482,2449969.889,5703156.1482,,
20033,2439969.889,5703156.1482,2449969.889,5693156.1482,,
20034,2439969.889,5693156.1482,2449969.889,5683156.1482,,
20035,2439969.889,5683156.1482,2449969.889,5673156.1482,,
20036,2439969.889,5673156.1482,2449969.889,5663156.1482,,
20037,2439969.889,5663156.1482,2449969.889,5653156.1482,,
20038,2439969.889,5653156.1482,2449969.889,5643156.1482,,
20039,2439969.889,5643156.1482,2449969.889,5633156.1482,,
20040,2439969.889,5633156.1482,2449969.889,5623156.1482,,
20041,2439969.889,5623156.1482,2449969.889,5613156.1482,,
20042,2439969.889,5613156.1482,2449969.889,5603156.1482,,
20043,2439969.889,5603156.1482,2449969.889,5593156.1482,,
20044,2439969.889,5593156.1482,2449969.889,5583156.1482,,
20045,2439969.889,5583156.1482,2449969.889,5573156.1482,,
20046,2439969.889,5573156.1482,2449969.889,5563156.1482,,
20047,2439969.889,5563156.1482,2449969.889,5553156.1482,,
20048,2439969.889,5553156.1482,2449969.889,5543156.1482,,
20049,2439969.889,5543156.1482,2449969.889,5533156.1482,,
20050,2439969.889,5533156.1482,2449969.889,5523156.1482,,
20051,2439969.889,5523156.1482,2449969.889,5513156.1482,,
20052,2439969.889,5513156.1482,2449969.889,5503156.1482,,
20053,2439969.889,5503156.1482,2449969.889,5493156.1482,,
20054,2439969.889,5493156.1482,2449969.889,5483156.1482,,
20055,2439969.889,5483156.1482,2449969.889,5473156.1482,,
20056,2439969.889,5473156.1482,2449969.889,5463156.1482,,
20057,2439969.889,5463156.1482,2449969.889,5453156.1482,,
20058,2439969.889,5453156.1482,2449969.889,5443156.1482,,
20059,2439969.889,5443156.1482,2449969.889,5433156.1482,,
20060,2439969.889,5433156.1482,2449969.889,5423156.1482,,
20061,2439969.889,5423156.1482,2449969.889,5413156.1482,,
20062,2439969.889,5413156.1482,2449969.889,5403156.1482,,
20063,2439969.889,5403156.1482,2449969.889,5393156.1482,,
20064,2439969.889,5393156.1482,2449969.889,5383156.1482,,
20065,2439969.889,5383156.1482,2449969.889,5373156.1482,,
20066,2439969.889,5373156.1482,2449969.889,5363156.1482,,
20067,2439969.889,5363156.1482,2449969.889,5353156.1482,,
20068,2439969.889,5353156.1482,2449969.889,5343156.1482,,
20069,2439969.889,5343156.1482,2449969.889,5333156.1482,,
20070,2439969.889,5333156.1482,2449969.889,5323156.1482,,
20071,2439969.889,5323156.1482,2449969.889,5313156.1482,,
20072,2439969.889,5313156.1482,2449969.889,5303156.1482,,
20073,2439969.889,5303156.1482,2449969.889,5293156.1482,,
20074,2439969.889,5293156.1482,2449969.889,5283156.1482,,
20075,2439969.889,5283156.1482,2449969.889,5273156.1482,,
20076,2439969.889,5273156.1482,2449969.889,5263156.1482,,
20077,2439969.889,5263156.1482,2449969.889,5253156.1482,,
20078,2439969.889,5253156.1482,2449969.889,5243156.1482,,
20079,2439969.889,5243156.1482,2449969.889,5233156.1482,,
20080,2439969.889,5233156.1482,2449969.889,5223156.1482,,
20081,2439969.889,5223156.1482,2449969.889,5213156.1482,,
20082,2439969.889,5213156.1482,2449969.889,5203156.1482,,
20083,2439969.889,5203156.1482,2449969.889,5193156.1482,,
20084,2439969.889,5193156.1482,2449969.889,5183156.1482,,
20085,2439969.889,5183156.1482,2449969.889,5173156.1482,,
20086,2439969.889,5173156.1482,2449969.889,5163156.1482,,
20087,2439969.889,5163156.1482,2449969.889,5153156.1482,,
20088,2439969.889,5153156.1482,2449969.889,5143156.1482,,
20089,2439969.889,5143156.1482,2449969.889,5133156.1482,,
20090,2439969.889,5133156.1482,2449969.889,5123156.1482,,
20091,2439969.889,5123156.1482,2449969.889,5113156.1482,,
20092,2439969.889,5113156.1482,2449969.889,5103156.1482,,
20093,2439969.889,5103156.1482,2449969.889,5093156.1482,,
20094,2439969.889,5093156.1482,2449969.889,5083156.1482,,
20095,2439969.889,5083156.1482,2449969.889,5073156.1482,,
20096,2439969.889,5073156.1482,2449969.889,5063156.1482,,
20097,2439969.889,5063156.1482,2449969.889,5053156.1482,,
20098,2439969.889,5053156.1482,2449969.889,5043156.1482,,
20099,2439969.889,5043156.1482,2449969.889,5033156.1482,,
20100,2439969.889,5033156.1482,2449969.889,5023156.1482,,
20101,2439969.889,5023156.1482,2449969.889,5013156.1482,,
20102,2439969.889,5013156.1482,2449969.889,5003156.1482,,
20103,2439969.889,5003156.1482,2449969.889,4993156.1482,,
20104,2439969.889,4993156.1482,2449969.889,4983156.1482,,
20105,2439969.889,4983156.1482,2449969.889,4973156.1482,,
20106,2439969.889,4973156.1482,2449969.889,4963156.1482,,
20107,2439969.889,4963156.1482,2449969.889,4953156.1482,,
20108,2439969.889,4953156.1482,2449969.889,4943156.1482,,
20109,2439969.889,4943156.1482,2449969.889,4933156.1482,,
20110,2439969.889,4933156.1482,2449969.889,4923156.1482,,
20111,2439969.889,4923156.1482,2449969.889,4913156.1482,,
20112,2439969.889,4913156.1482,2449969.889,4903156.1482,,
20113,2439969.889,4903156.1482,2449969.889,4893156.1482,,
20114,2439969.889,4893156.1482,2449969.889,4883156.1482,,
20115,2439969.889,4883156.1482,2449969.889,4873156.1482,,
20116,2439969.889,4873156.1482,2449969.889,4863156.1482,,
20117,2439969.889,4863156.1482,2449969.889,4853156.1482,,
20118,2439969.889,4853156.1482,2449969.889,4843156.1482,,
20119,2439969.889,4843156.1482,2449969.889,4833156.1482,,
20120,2439969.889,4833156.1482,2449969.889,4823156.1482,,
20121,2439969.889,4823156.1482,2449969.889,4813156.1482,,
20122,2439969.889,4813156.1482,2449969.889,4803156.1482,,
20123,2439969.889,4803156.1482,2449969.889,4793156.1482,,
20124,2439969.889,4793156.1482,2449969.889,4783156.1482,,
20125,2439969.889,4783156.1482,2449969.889,4773156.1482,,
20126,2439969.889,4773156.1482,2449969.889,4763156.1482,,
20127,2439969.889,4763156.1482,2449969.889,4753156.1482,,
20128,2439969.889,4753156.1482,2449969.889,4743156.1482,,
20129,2449969.889,6223156.1482,2459969.889,6213156.1482,,
20130,2449969.889,6213156.1482,2459969.889,6203156.1482,,
20131,2449969.889,6203156.1482,2459969.889,6193156.1482,,
20132,2449969.889,6193156.1482,2459969.889,6183156.1482,,
20133,2449969.889,6183156.1482,2459969.889,6173156.1482,,
20134,2449969.889,6173156.1482,2459969.889,6163156.1482,,
20135,2449969.889,6163156.1482,2459969.889,6153156.1482,,
20136,2449969.889,6153156.1482,2459969.889,6143156.1482,,
20137,2449969.889,6143156.1482,2459969.889,6133156.1482,,
20138,2449969.889,6133156.1482,2459969.889,6123156.1482,,
20139,2449969.889,6123156.1482,2459969.889,6113156.1482,,
20140,2449969.889,6113156.1482,2459969.889,6103156.1482,,
20141,2449969.889,6103156.1482,2459969.889,6093156.1482,,
20142,2449969.889,6093156.1482,2459969.889,6083156.1482,,
20143,2449969.889,6083156.1482,2459969.889,6073156.1482,,
20144,2449969.889,6073156.1482,2459969.889,6063156.1482,,
20145,2449969.889,6063156.1482,2459969.889,6053156.1482,,
20146,2449969.889,6053156.1482,2459969.889,6043156.1482,,
20147,2449969.889,6043156.1482,2459969.889,6033156.1482,,
20148,2449969.889,6033156.1482,2459969.889,6023156.1482,,
20149,2449969.889,6023156.1482,2459969.889,6013156.1482,,
20150,2449969.889,6013156.1482,2459969.889,6003156.1482,,
20151,2449969.889,6003156.1482,2459969.889,5993156.1482,,
20152,2449969.889,5993156.1482,2459969.889,5983156.1482,,
20153,2449969.889,5983156.1482,2459969.889,5973156.1482,,
20154,2449969.889,5973156.1482,2459969.889,5963156.1482,,
20155,2449969.889,5963156.1482,2459969.889,5953156.1482,,
20156,2449969.889,5953156.1482,2459969.889,5943156.1482,,
20157,2449969.889,5943156.1482,2459969.889,5933156.1482,,
20158,2449969.889,5933156.1482,2459969.889,5923156.1482,,
20159,2449969.889,5923156.1482,2459969.889,5913156.1482,,
20160,2449969.889,5913156.1482,2459969.889,5903156.1482,,
20161,2449969.889,5903156.1482,2459969.889,5893156.1482,,
20162,2449969.889,5893156.1482,2459969.889,5883156.1482,,
20163,2449969.889,5883156.1482,2459969.889,5873156.1482,,
20164,2449969.889,5873156.1482,2459969.889,5863156.1482,,
20165,2449969.889,5863156.1482,2459969.889,5853156.1482,,
20166,2449969.889,5853156.1482,2459969.889,5843156.1482,,
20167,2449969.889,5843156.1482,2459969.889,5833156.1482,,
20168,2449969.889,5833156.1482,2459969.889,5823156.1482,,
20169,2449969.889,5823156.1482,2459969.889,5813156.1482,,
20170,2449969.889,5813156.1482,2459969.889,5803156.1482,,
20171,2449969.889,5803156.1482,2459969.889,5793156.1482,,
20172,2449969.889,5793156.1482,2459969.889,5783156.1482,,
20173,2449969.889,5783156.1482,2459969.889,5773156.1482,,
20174,2449969.889,5773156.1482,2459969.889,5763156.1482,,
20175,2449969.889,5763156.1482,2459969.889,5753156.1482,,
20176,2449969.889,5753156.1482,2459969.889,5743156.1482,,
20177,2449969.889,5743156.1482,2459969.889,5733156.1482,,
20178,2449969.889,5733156.1482,2459969.889,5723156.1482,,
20179,2449969.889,5723156.1482,2459969.889,5713156.1482,,
20180,2449969.889,5713156.1482,2459969.889,5703156.1482,,
20181,2449969.889,5703156.1482,2459969.889,5693156.1482,,
20182,2449969.889,5693156.1482,2459969.889,5683156.1482,,
20183,2449969.889,5683156.1482,2459969.889,5673156.1482,,
20184,2449969.889,5673156.1482,2459969.889,5663156.1482,,
20185,2449969.889,5663156.1482,2459969.889,5653156.1482,,
20186,2449969.889,5653156.1482,2459969.889,5643156.1482,,
20187,2449969.889,5643156.1482,2459969.889,5633156.1482,,
20188,2449969.889,5633156.1482,2459969.889,5623156.1482,,
20189,2449969.889,5623156.1482,2459969.889,5613156.1482,,
20190,2449969.889,5613156.1482,2459969.889,5603156.1482,,
20191,2449969.889,5603156.1482,2459969.889,5593156.1482,,
20192,2449969.889,5593156.1482,2459969.889,5583156.1482,,
20193,2449969.889,5583156.1482,2459969.889,5573156.1482,,
20194,2449969.889,5573156.1482,2459969.889,5563156.1482,,
20195,2449969.889,5563156.1482,2459969.889,5553156.1482,,
20196,2449969.889,5553156.1482,2459969.889,5543156.1482,,
20197,2449969.889,5543156.1482,2459969.889,5533156.1482,,
20198,2449969.889,5533156.1482,2459969.889,5523156.1482,,
20199,2449969.889,5523156.1482,2459969.889,5513156.1482,,
20200,2449969.889,5513156.1482,2459969.889,5503156.1482,,
20201,2449969.889,5503156.1482,2459969.889,5493156.1482,,
20202,2449969.889,5493156.1482,2459969.889,5483156.1482,,
20203,2449969.889,5483156.1482,2459969.889,5473156.1482,,
20204,2449969.889,5473156.1482,2459969.889,5463156.1482,,
20205,2449969.889,5463156.1482,2459969.889,5453156.1482,,
20206,2449969.889,5453156.1482,2459969.889,5443156.1482,,
20207,2449969.889,5443156.1482,2459969.889,5433156.1482,,
20208,2449969.889,5433156.1482,2459969.889,5423156.1482,,
20209,2449969.889,5423156.1482,2459969.889,5413156.1482,,
20210,2449969.889,5413156.1482,2459969.889,5403156.1482,,
20211,2449969.889,5403156.1482,2459969.889,5393156.1482,,
20212,2449969.889,5393156.1482,2459969.889,5383156.1482,,
20213,2449969.889,5383156.1482,2459969.889,5373156.1482,,
20214,2449969.889,5373156.1482,2459969.889,5363156.1482,,
20215,2449969.889,5363156.1482,2459969.889,5353156.1482,,
20216,2449969.889,5353156.1482,2459969.889,5343156.1482,,
20217,2449969.889,5343156.1482,2459969.889,5333156.1482,,
20218,2449969.889,5333156.1482,2459969.889,5323156.1482,,
20219,2449969.889,5323156.1482,2459969.889,5313156.1482,,
20220,2449969.889,5313156.1482,2459969.889,5303156.1482,,
20221,2449969.889,5303156.1482,2459969.889,5293156.1482,,
20222,2449969.889,5293156.1482,2459969.889,5283156.1482,,
20223,2449969.889,5283156.1482,2459969.889,5273156.1482,,
20224,2449969.889,5273156.1482,2459969.889,5263156.1482,,
20225,2449969.889,5263156.1482,2459969.889,5253156.1482,,
20226,2449969.889,5253156.1482,2459969.889,5243156.1482,,
20227,2449969.889,5243156.1482,2459969.889,5233156.1482,,
20228,2449969.889,5233156.1482,2459969.889,5223156.1482,,
20229,2449969.889,5223156.1482,2459969.889,5213156.1482,,
20230,2449969.889,5213156.1482,2459969.889,5203156.1482,,
20231,2449969.889,5203156.1482,2459969.889,5193156.1482,,
20232,2449969.889,5193156.1482,2459969.889,5183156.1482,,
20233,2449969.889,5183156.1482,2459969.889,5173156.1482,,
20234,2449969.889,5173156.1482,2459969.889,5163156.1482,,
20235,2449969.889,5163156.1482,2459969.889,5153156.1482,,
20236,2449969.889,5153156.1482,2459969.889,5143156.1482,,
20237,2449969.889,5143156.1482,2459969.889,5133156.1482,,
20238,2449969.889,5133156.1482,2459969.889,5123156.1482,,
20239,2449969.889,5123156.1482,2459969.889,5113156.1482,,
20240,2449969.889,5113156.1482,2459969.889,5103156.1482,,
20241,2449969.889,5103156.1482,2459969.889,5093156.1482,,
20242,2449969.889,5093156.1482,2459969.889,5083156.1482,,
20243,2449969.889,5083156.1482,2459969.889,5073156.1482,,
20244,2449969.889,5073156.1482,2459969.889,5063156.1482,,
20245,2449969.889,5063156.1482,2459969.889,5053156.1482,,
20246,2449969.889,5053156.1482,2459969.889,5043156.1482,,
20247,2449969.889,5043156.1482,2459969.889,5033156.1482,,
20248,2449969.889,5033156.1482,2459969.889,5023156.1482,,
20249,2449969.889,5023156.1482,2459969.889,5013156.1482,,
20250,2449969.889,5013156.1482,2459969.889,5003156.1482,,
20251,2449969.889,5003156.1482,2459969.889,4993156.1482,,
20252,2449969.889,4993156.1482,2459969.889,4983156.1482,,
20253,2449969.889,4983156.1482,2459969.889,4973156.1482,,
20254,2449969.889,4973156.1482,2459969.889,4963156.1482,,
20255,2449969.889,4963156.1482,2459969.889,4953156.1482,,
20256,2449969.889,4953156.1482,2459969.889,4943156.1482,,
20257,2449969.889,4943156.1482,2459969.889,4933156.1482,,
20258,2449969.889,4933156.1482,2459969.889,4923156.1482,,
20259,2449969.889,4923156.1482,2459969.889,4913156.1482,,
20260,2449969.889,4913156.1482,2459969.889,4903156.1482,,
20261,2449969.889,4903156.1482,2459969.889,4893156.1482,,
20262,2449969.889,4893156.1482,2459969.889,4883156.1482,,
20263,2449969.889,4883156.1482,2459969.889,4873156.1482,,
20264,2449969.889,4873156.1482,2459969.889,4863156.1482,,
20265,2449969.889,4863156.1482,2459969.889,4853156.1482,,
20266,2449969.889,4853156.1482,2459969.889,4843156.1482,,
20267,2449969.889,4843156.1482,2459969.889,4833156.1482,,
20268,2449969.889,4833156.1482,2459969.889,4823156.1482,,
20269,2449969.889,4823156.1482,2459969.889,4813156.1482,,
20270,2449969.889,4813156.1482,2459969.889,4803156.1482,,
20271,2449969.889,4803156.1482,2459969.889,4793156.1482,,
20272,2449969.889,4793156.1482,2459969.889,4783156.1482,,
20273,2449969.889,4783156.1482,2459969.889,4773156.1482,,
20274,2449969.889,4773156.1482,2459969.889,4763156.1482,,
20275,2449969.889,4763156.1482,2459969.889,4753156.1482,,
20276,2449969.889,4753156.1482,2459969.889,4743156.1482,,
20277,2459969.889,6223156.1482,2469969.889,6213156.1482,,
20278,2459969.889,6213156.1482,2469969.889,6203156.1482,,
20279,2459969.889,6203156.1482,2469969.889,6193156.1482,,
20280,2459969.889,6193156.1482,2469969.889,6183156.1482,,
20281,2459969.889,6183156.1482,2469969.889,6173156.1482,,
20282,2459969.889,6173156.1482,2469969.889,6163156.1482,,
20283,2459969.889,6163156.1482,2469969.889,6153156.1482,,
20284,2459969.889,6153156.1482,2469969.889,6143156.1482,,
20285,2459969.889,6143156.1482,2469969.889,6133156.1482,,
20286,2459969.889,6133156.1482,2469969.889,6123156.1482,,
20287,2459969.889,6123156.1482,2469969.889,6113156.1482,,
20288,2459969.889,6113156.1482,2469969.889,6103156.1482,,
20289,2459969.889,6103156.1482,2469969.889,6093156.1482,,
20290,2459969.889,6093156.1482,2469969.889,6083156.1482,,
20291,2459969.889,6083156.1482,2469969.889,6073156.1482,,
20292,2459969.889,6073156.1482,2469969.889,6063156.1482,,
20293,2459969.889,6063156.1482,2469969.889,6053156.1482,,
20294,2459969.889,6053156.1482,2469969.889,6043156.1482,,
20295,2459969.889,6043156.1482,2469969.889,6033156.1482,,
20296,2459969.889,6033156.1482,2469969.889,6023156.1482,,
20297,2459969.889,6023156.1482,2469969.889,6013156.1482,,
20298,2459969.889,6013156.1482,2469969.889,6003156.1482,,
20299,2459969.889,6003156.1482,2469969.889,5993156.1482,,
20300,2459969.889,5993156.1482,2469969.889,5983156.1482,,
20301,2459969.889,5983156.1482,2469969.889,5973156.1482,,
20302,2459969.889,5973156.1482,2469969.889,5963156.1482,,
20303,2459969.889,5963156.1482,2469969.889,5953156.1482,,
20304,2459969.889,5953156.1482,2469969.889,5943156.1482,,
20305,2459969.889,5943156.1482,2469969.889,5933156.1482,,
20306,2459969.889,5933156.1482,2469969.889,5923156.1482,,
20307,2459969.889,5923156.1482,2469969.889,5913156.1482,,
20308,2459969.889,5913156.1482,2469969.889,5903156.1482,,
20309,2459969.889,5903156.1482,2469969.889,5893156.1482,,
20310,2459969.889,5893156.1482,2469969.889,5883156.1482,,
20311,2459969.889,5883156.1482,2469969.889,5873156.1482,,
20312,2459969.889,5873156.1482,2469969.889,5863156.1482,,
20313,2459969.889,5863156.1482,2469969.889,5853156.1482,,
20314,2459969.889,5853156.1482,2469969.889,5843156.1482,,
20315,2459969.889,5843156.1482,2469969.889,5833156.1482,,
20316,2459969.889,5833156.1482,2469969.889,5823156.1482,,
20317,2459969.889,5823156.1482,2469969.889,5813156.1482,,
20318,2459969.889,5813156.1482,2469969.889,5803156.1482,,
20319,2459969.889,5803156.1482,2469969.889,5793156.1482,,
20320,2459969.889,5793156.1482,2469969.889,5783156.1482,,
20321,2459969.889,5783156.1482,2469969.889,5773156.1482,,
20322,2459969.889,5773156.1482,2469969.889,5763156.1482,,
20323,2459969.889,5763156.1482,2469969.889,5753156.1482,,
20324,2459969.889,5753156.1482,2469969.889,5743156.1482,,
20325,2459969.889,5743156.1482,2469969.889,5733156.1482,,
20326,2459969.889,5733156.1482,2469969.889,5723156.1482,,
20327,2459969.889,5723156.1482,2469969.889,5713156.1482,,
20328,2459969.889,5713156.1482,2469969.889,5703156.1482,,
20329,2459969.889,5703156.1482,2469969.889,5693156.1482,,
20330,2459969.889,5693156.1482,2469969.889,5683156.1482,,
20331,2459969.889,5683156.1482,2469969.889,5673156.1482,,
20332,2459969.889,5673156.1482,2469969.889,5663156.1482,,
20333,2459969.889,5663156.1482,2469969.889,5653156.1482,,
20334,2459969.889,5653156.1482,2469969.889,5643156.1482,,
20335,2459969.889,5643156.1482,2469969.889,5633156.1482,,
20336,2459969.889,5633156.1482,2469969.889,5623156.1482,,
20337,2459969.889,5623156.1482,2469969.889,5613156.1482,,
20338,2459969.889,5613156.1482,2469969.889,5603156.1482,,
20339,2459969.889,5603156.1482,2469969.889,5593156.1482,,
20340,2459969.889,5593156.1482,2469969.889,5583156.1482,,
20341,2459969.889,5583156.1482,2469969.889,5573156.1482,,
20342,2459969.889,5573156.1482,2469969.889,5563156.1482,,
20343,2459969.889,5563156.1482,2469969.889,5553156.1482,,
20344,2459969.889,5553156.1482,2469969.889,5543156.1482,,
20345,2459969.889,5543156.1482,2469969.889,5533156.1482,,
20346,2459969.889,5533156.1482,2469969.889,5523156.1482,,
20347,2459969.889,5523156.1482,2469969.889,5513156.1482,,
20348,2459969.889,5513156.1482,2469969.889,5503156.1482,,
20349,2459969.889,5503156.1482,2469969.889,5493156.1482,,
20350,2459969.889,5493156.1482,2469969.889,5483156.1482,,
20351,2459969.889,5483156.1482,2469969.889,5473156.1482,,
20352,2459969.889,5473156.1482,2469969.889,5463156.1482,,
20353,2459969.889,5463156.1482,2469969.889,5453156.1482,,
20354,2459969.889,5453156.1482,2469969.889,5443156.1482,,
20355,2459969.889,5443156.1482,2469969.889,5433156.1482,,
20356,2459969.889,5433156.1482,2469969.889,5423156.1482,,
20357,2459969.889,5423156.1482,2469969.889,5413156.1482,,
20358,2459969.889,5413156.1482,2469969.889,5403156.1482,,
20359,2459969.889,5403156.1482,2469969.889,5393156.1482,,
20360,2459969.889,5393156.1482,2469969.889,5383156.1482,,
20361,2459969.889,5383156.1482,2469969.889,5373156.1482,,
20362,2459969.889,5373156.1482,2469969.889,5363156.1482,,
20363,2459969.889,5363156.1482,2469969.889,5353156.1482,,
20364,2459969.889,5353156.1482,2469969.889,5343156.1482,,
20365,2459969.889,5343156.1482,2469969.889,5333156.1482,,
20366,2459969.889,5333156.1482,2469969.889,5323156.1482,,
20367,2459969.889,5323156.1482,2469969.889,5313156.1482,,
20368,2459969.889,5313156.1482,2469969.889,5303156.1482,,
20369,2459969.889,5303156.1482,2469969.889,5293156.1482,,
20370,2459969.889,5293156.1482,2469969.889,5283156.1482,,
20371,2459969.889,5283156.1482,2469969.889,5273156.1482,,
20372,2459969.889,5273156.1482,2469969.889,5263156.1482,,
20373,2459969.889,5263156.1482,2469969.889,5253156.1482,,
20374,2459969.889,5253156.1482,2469969.889,5243156.1482,,
20375,2459969.889,5243156.1482,2469969.889,5233156.1482,,
20376,2459969.889,5233156.1482,2469969.889,5223156.1482,,
20377,2459969.889,5223156.1482,2469969.889,5213156.1482,,
20378,2459969.889,5213156.1482,2469969.889,5203156.1482,,
20379,2459969.889,5203156.1482,2469969.889,5193156.1482,,
20380,2459969.889,5193156.1482,2469969.889,5183156.1482,,
20381,2459969.889,5183156.1482,2469969.889,5173156.1482,,
20382,2459969.889,5173156.1482,2469969.889,5163156.1482,,
20383,2459969.889,5163156.1482,2469969.889,5153156.1482,,
20384,2459969.889,5153156.1482,2469969.889,5143156.1482,,
20385,2459969.889,5143156.1482,2469969.889,5133156.1482,,
20386,2459969.889,5133156.1482,2469969.889,5123156.1482,,
20387,2459969.889,5123156.1482,2469969.889,5113156.1482,,
20388,2459969.889,5113156.1482,2469969.889,5103156.1482,,
20389,2459969.889,5103156.1482,2469969.889,5093156.1482,,
20390,2459969.889,5093156.1482,2469969.889,5083156.1482,,
20391,2459969.889,5083156.1482,2469969.889,5073156.1482,,
20392,2459969.889,5073156.1482,2469969.889,5063156.1482,,
20393,2459969.889,5063156.1482,2469969.889,5053156.1482,,
20394,2459969.889,5053156.1482,2469969.889,5043156.1482,,
20395,2459969.889,5043156.1482,2469969.889,5033156.1482,,
20396,2459969.889,5033156.1482,2469969.889,5023156.1482,,
20397,2459969.889,5023156.1482,2469969.889,5013156.1482,,
20398,2459969.889,5013156.1482,2469969.889,5003156.1482,,
20399,2459969.889,5003156.1482,2469969.889,4993156.1482,,
20400,2459969.889,4993156.1482,2469969.889,4983156.1482,,
20401,2459969.889,4983156.1482,2469969.889,4973156.1482,,
20402,2459969.889,4973156.1482,2469969.889,4963156.1482,,
20403,2459969.889,4963156.1482,2469969.889,4953156.1482,,
20404,2459969.889,4953156.1482,2469969.889,4943156.1482,,
20405,2459969.889,4943156.1482,2469969.889,4933156.1482,,
20406,2459969.889,4933156.1482,2469969.889,4923156.1482,,
20407,2459969.889,4923156.1482,2469969.889,4913156.1482,,
20408,2459969.889,4913156.1482,2469969.889,4903156.1482,,
20409,2459969.889,4903156.1482,2469969.889,4893156.1482,,
20410,2459969.889,4893156.1482,2469969.889,4883156.1482,,
20411,2459969.889,4883156.1482,2469969.889,4873156.1482,,
20412,2459969.889,4873156.1482,2469969.889,4863156.1482,,
20413,2459969.889,4863156.1482,2469969.889,4853156.1482,,
20414,2459969.889,4853156.1482,2469969.889,4843156.1482,,
20415,2459969.889,4843156.1482,2469969.889,4833156.1482,,
20416,2459969.889,4833156.1482,2469969.889,4823156.1482,,
20417,2459969.889,4823156.1482,2469969.889,4813156.1482,,
20418,2459969.889,4813156.1482,2469969.889,4803156.1482,,
20419,2459969.889,4803156.1482,2469969.889,4793156.1482,,
20420,2459969.889,4793156.1482,2469969.889,4783156.1482,,
20421,2459969.889,4783156.1482,2469969.889,4773156.1482,,
20422,2459969.889,4773156.1482,2469969.889,4763156.1482,,
20423,2459969.889,4763156.1482,2469969.889,4753156.1482,,
20424,2459969.889,4753156.1482,2469969.889,4743156.1482,,
20425,2469969.889,6223156.1482,2479969.889,6213156.1482,,
20426,2469969.889,6213156.1482,2479969.889,6203156.1482,,
20427,2469969.889,6203156.1482,2479969.889,6193156.1482,,
20428,2469969.889,6193156.1482,2479969.889,6183156.1482,,
20429,2469969.889,6183156.1482,2479969.889,6173156.1482,,
20430,2469969.889,6173156.1482,2479969.889,6163156.1482,,
20431,2469969.889,6163156.1482,2479969.889,6153156.1482,,
20432,2469969.889,6153156.1482,2479969.889,6143156.1482,,
20433,2469969.889,6143156.1482,2479969.889,6133156.1482,,
20434,2469969.889,6133156.1482,2479969.889,6123156.1482,,
20435,2469969.889,6123156.1482,2479969.889,6113156.1482,,
20436,2469969.889,6113156.1482,2479969.889,6103156.1482,,
20437,2469969.889,6103156.1482,2479969.889,6093156.1482,,
20438,2469969.889,6093156.1482,2479969.889,6083156.1482,,
20439,2469969.889,6083156.1482,2479969.889,6073156.1482,,
20440,2469969.889,6073156.1482,2479969.889,6063156.1482,,
20441,2469969.889,6063156.1482,2479969.889,6053156.1482,,
20442,2469969.889,6053156.1482,2479969.889,6043156.1482,,
20443,2469969.889,6043156.1482,2479969.889,6033156.1482,,
20444,2469969.889,6033156.1482,2479969.889,6023156.1482,,
20445,2469969.889,6023156.1482,2479969.889,6013156.1482,,
20446,2469969.889,6013156.1482,2479969.889,6003156.1482,,
20447,2469969.889,6003156.1482,2479969.889,5993156.1482,,
20448,2469969.889,5993156.1482,2479969.889,5983156.1482,,
20449,2469969.889,5983156.1482,2479969.889,5973156.1482,,
20450,2469969.889,5973156.1482,2479969.889,5963156.1482,,
20451,2469969.889,5963156.1482,2479969.889,5953156.1482,,
20452,2469969.889,5953156.1482,2479969.889,5943156.1482,,
20453,2469969.889,5943156.1482,2479969.889,5933156.1482,,
20454,2469969.889,5933156.1482,2479969.889,5923156.1482,,
20455,2469969.889,5923156.1482,2479969.889,5913156.1482,,
20456,2469969.889,5913156.1482,2479969.889,5903156.1482,,
20457,2469969.889,5903156.1482,2479969.889,5893156.1482,,
20458,2469969.889,5893156.1482,2479969.889,5883156.1482,,
20459,2469969.889,5883156.1482,2479969.889,5873156.1482,,
20460,2469969.889,5873156.1482,2479969.889,5863156.1482,,
20461,2469969.889,5863156.1482,2479969.889,5853156.1482,,
20462,2469969.889,5853156.1482,2479969.889,5843156.1482,,
20463,2469969.889,5843156.1482,2479969.889,5833156.1482,,
20464,2469969.889,5833156.1482,2479969.889,5823156.1482,,
20465,2469969.889,5823156.1482,2479969.889,5813156.1482,,
20466,2469969.889,5813156.1482,2479969.889,5803156.1482,,
20467,2469969.889,5803156.1482,2479969.889,5793156.1482,,
20468,2469969.889,5793156.1482,2479969.889,5783156.1482,,
20469,2469969.889,5783156.1482,2479969.889,5773156.1482,,
20470,2469969.889,5773156.1482,2479969.889,5763156.1482,,
20471,2469969.889,5763156.1482,2479969.889,5753156.1482,,
20472,2469969.889,5753156.1482,2479969.889,5743156.1482,,
20473,2469969.889,5743156.1482,2479969.889,5733156.1482,,
20474,2469969.889,5733156.1482,2479969.889,5723156.1482,,
20475,2469969.889,5723156.1482,2479969.889,5713156.1482,,
20476,2469969.889,5713156.1482,2479969.889,5703156.1482,,
20477,2469969.889,5703156.1482,2479969.889,5693156.1482,,
20478,2469969.889,5693156.1482,2479969.889,5683156.1482,,
20479,2469969.889,5683156.1482,2479969.889,5673156.1482,,
20480,2469969.889,5673156.1482,2479969.889,5663156.1482,,
20481,2469969.889,5663156.1482,2479969.889,5653156.1482,,
20482,2469969.889,5653156.1482,2479969.889,5643156.1482,,
20483,2469969.889,5643156.1482,2479969.889,5633156.1482,,
20484,2469969.889,5633156.1482,2479969.889,5623156.1482,,
20485,2469969.889,5623156.1482,2479969.889,5613156.1482,,
20486,2469969.889,5613156.1482,2479969.889,5603156.1482,,
20487,2469969.889,5603156.1482,2479969.889,5593156.1482,,
20488,2469969.889,5593156.1482,2479969.889,5583156.1482,,
20489,2469969.889,5583156.1482,2479969.889,5573156.1482,,
20490,2469969.889,5573156.1482,2479969.889,5563156.1482,,
20491,2469969.889,5563156.1482,2479969.889,5553156.1482,,
20492,2469969.889,5553156.1482,2479969.889,5543156.1482,,
20493,2469969.889,5543156.1482,2479969.889,5533156.1482,,
20494,2469969.889,5533156.1482,2479969.889,5523156.1482,,
20495,2469969.889,5523156.1482,2479969.889,5513156.1482,,
20496,2469969.889,5513156.1482,2479969.889,5503156.1482,,
20497,2469969.889,5503156.1482,2479969.889,5493156.1482,,
20498,2469969.889,5493156.1482,2479969.889,5483156.1482,,
20499,2469969.889,5483156.1482,2479969.889,5473156.1482,,
20500,2469969.889,5473156.1482,2479969.889,5463156.1482,,
20501,2469969.889,5463156.1482,2479969.889,5453156.1482,,
20502,2469969.889,5453156.1482,2479969.889,5443156.1482,,
20503,2469969.889,5443156.1482,2479969.889,5433156.1482,,
20504,2469969.889,5433156.1482,2479969.889,5423156.1482,,
20505,2469969.889,5423156.1482,2479969.889,5413156.1482,,
20506,2469969.889,5413156.1482,2479969.889,5403156.1482,,
20507,2469969.889,5403156.1482,2479969.889,5393156.1482,,
20508,2469969.889,5393156.1482,2479969.889,5383156.1482,,
20509,2469969.889,5383156.1482,2479969.889,5373156.1482,,
20510,2469969.889,5373156.1482,2479969.889,5363156.1482,,
20511,2469969.889,5363156.1482,2479969.889,5353156.1482,,
20512,2469969.889,5353156.1482,2479969.889,5343156.1482,,
20513,2469969.889,5343156.1482,2479969.889,5333156.1482,,
20514,2469969.889,5333156.1482,2479969.889,5323156.1482,,
20515,2469969.889,5323156.1482,2479969.889,5313156.1482,,
20516,2469969.889,5313156.1482,2479969.889,5303156.1482,,
20517,2469969.889,5303156.1482,2479969.889,5293156.1482,,
20518,2469969.889,5293156.1482,2479969.889,5283156.1482,,
20519,2469969.889,5283156.1482,2479969.889,5273156.1482,,
20520,2469969.889,5273156.1482,2479969.889,5263156.1482,,
20521,2469969.889,5263156.1482,2479969.889,5253156.1482,,
20522,2469969.889,5253156.1482,2479969.889,5243156.1482,,
20523,2469969.889,5243156.1482,2479969.889,5233156.1482,,
20524,2469969.889,5233156.1482,2479969.889,5223156.1482,,
20525,2469969.889,5223156.1482,2479969.889,5213156.1482,,
20526,2469969.889,5213156.1482,2479969.889,5203156.1482,,
20527,2469969.889,5203156.1482,2479969.889,5193156.1482,,
20528,2469969.889,5193156.1482,2479969.889,5183156.1482,,
20529,2469969.889,5183156.1482,2479969.889,5173156.1482,,
20530,2469969.889,5173156.1482,2479969.889,5163156.1482,,
20531,2469969.889,5163156.1482,2479969.889,5153156.1482,,
20532,2469969.889,5153156.1482,2479969.889,5143156.1482,,
20533,2469969.889,5143156.1482,2479969.889,5133156.1482,,
20534,2469969.889,5133156.1482,2479969.889,5123156.1482,,
20535,2469969.889,5123156.1482,2479969.889,5113156.1482,,
20536,2469969.889,5113156.1482,2479969.889,5103156.1482,,
20537,2469969.889,5103156.1482,2479969.889,5093156.1482,,
20538,2469969.889,5093156.1482,2479969.889,5083156.1482,,
20539,2469969.889,5083156.1482,2479969.889,5073156.1482,,
20540,2469969.889,5073156.1482,2479969.889,5063156.1482,,
20541,2469969.889,5063156.1482,2479969.889,5053156.1482,,
20542,2469969.889,5053156.1482,2479969.889,5043156.1482,,
20543,2469969.889,5043156.1482,2479969.889,5033156.1482,,
20544,2469969.889,5033156.1482,2479969.889,5023156.1482,,
20545,2469969.889,5023156.1482,2479969.889,5013156.1482,,
20546,2469969.889,5013156.1482,2479969.889,5003156.1482,,
20547,2469969.889,5003156.1482,2479969.889,4993156.1482,,
20548,2469969.889,4993156.1482,2479969.889,4983156.1482,,
20549,2469969.889,4983156.1482,2479969.889,4973156.1482,,
20550,2469969.889,4973156.1482,2479969.889,4963156.1482,,
20551,2469969.889,4963156.1482,2479969.889,4953156.1482,,
20552,2469969.889,4953156.1482,2479969.889,4943156.1482,,
20553,2469969.889,4943156.1482,2479969.889,4933156.1482,,
20554,2469969.889,4933156.1482,2479969.889,4923156.1482,,
20555,2469969.889,4923156.1482,2479969.889,4913156.1482,,
20556,2469969.889,4913156.1482,2479969.889,4903156.1482,,
20557,2469969.889,4903156.1482,2479969.889,4893156.1482,,
20558,2469969.889,4893156.1482,2479969.889,4883156.1482,,
20559,2469969.889,4883156.1482,2479969.889,4873156.1482,,
20560,2469969.889,4873156.1482,2479969.889,4863156.1482,,
20561,2469969.889,4863156.1482,2479969.889,4853156.1482,,
20562,2469969.889,4853156.1482,2479969.889,4843156.1482,,
20563,2469969.889,4843156.1482,2479969.889,4833156.1482,,
20564,2469969.889,4833156.1482,2479969.889,4823156.1482,,
20565,2469969.889,4823156.1482,2479969.889,4813156.1482,,
20566,2469969.889,4813156.1482,2479969.889,4803156.1482,,
20567,2469969.889,4803156.1482,2479969.889,4793156.1482,,
20568,2469969.889,4793156.1482,2479969.889,4783156.1482,,
20569,2469969.889,4783156.1482,2479969.889,4773156.1482,,
20570,2469969.889,4773156.1482,2479969.889,4763156.1482,,
20571,2469969.889,4763156.1482,2479969.889,4753156.1482,,
20572,2469969.889,4753156.1482,2479969.889,4743156.1482,,
